filename U E #1 #2 #3 #4 #5 #6 #7 #8 #9 #10
n125_01_simulated.txt 2.0 13500.0 45 46 45 43 42 46 46 43 47 46 
n125_02_simulated.txt 2.0 13500.0 49 47 49 47 49 47 49 49 49 48 
n125_03_simulated.txt 2.0 13500.0 61 58 60 59 59 64 61 60 60 61 
n125_04_simulated.txt 2.0 13500.0 44 45 45 41 41 41 43 41 46 44 
n125_05_simulated.txt 2.0 13500.0 51 53 53 52 50 55 51 54 52 52 
n125_06_simulated.txt 2.0 13500.0 43 45 44 41 45 43 43 44 45 41 
n125_07_simulated.txt 2.0 13500.0 46 52 48 50 47 48 47 50 50 47 
n125_08_simulated.txt 2.0 13500.0 51 54 49 47 54 53 53 52 51 52 
n125_09_simulated.txt 2.0 13500.0 63 63 63 61 62 63 65 61 65 65 
n125_010_simulated.txt 2.0 13500.0 55 60 56 54 55 60 58 57 56 58 
n150_01_simulated.txt 2.0 13500.0 74 74 72 74 72 75 71 72 70 72 
n150_02_simulated.txt 2.0 13500.0 53 57 52 53 60 56 57 53 59 57 
n150_03_simulated.txt 2.0 13500.0 84 85 84 84 81 90 81 80 84 84 
n150_04_simulated.txt 2.0 13500.0 79 76 78 80 77 77 78 78 77 76 
n150_05_simulated.txt 2.0 13500.0 81 77 79 79 74 71 82 75 79 79 
n150_06_simulated.txt 2.0 13500.0 81 76 74 73 75 77 79 75 76 77 
n150_07_simulated.txt 2.0 13500.0 64 63 69 64 66 60 63 65 67 66 
n150_08_simulated.txt 2.0 13500.0 97 98 99 100 100 97 98 98 98 101 
n150_09_simulated.txt 2.0 13500.0 77 75 76 73 78 76 72 75 75 79 
n150_010_simulated.txt 2.0 13500.0 60 66 63 63 61 63 59 62 57 62 
n175_01_simulated.txt 2.0 13500.0 95 99 97 92 101 91 90 95 96 94 
n175_02_simulated.txt 2.0 13500.0 85 82 79 85 88 85 85 84 86 87 
n175_03_simulated.txt 2.0 13500.0 108 107 105 102 102 104 102 102 106 104 
n175_04_simulated.txt 2.0 13500.0 88 90 93 87 87 95 93 99 90 92 
n175_05_simulated.txt 2.0 13500.0 101 102 106 98 107 104 106 106 101 102 
n175_06_simulated.txt 2.0 13500.0 75 72 74 77 77 73 76 77 75 75 
n175_07_simulated.txt 2.0 13500.0 109 112 118 116 109 111 113 112 114 106 
n175_08_simulated.txt 2.0 13500.0 93 91 87 88 94 97 90 90 89 91 
n175_09_simulated.txt 2.0 13500.0 100 97 99 99 99 99 96 95 98 95 
n175_010_simulated.txt 2.0 13500.0 93 91 94 92 85 91 91 85 93 92 
n200_02_simulated.txt 2.0 13500.0 109 109 104 104 107 108 107 109 110 102 
n200_03_simulated.txt 2.0 13500.0 112 109 110 110 113 111 114 113 111 112 
n200_04_simulated.txt 2.0 13500.0 107 101 105 109 105 106 108 104 99 105 
n200_05_simulated.txt 2.0 13500.0 124 123 126 124 125 126 127 123 125 124 
n200_06_simulated.txt 2.0 13500.0 111 113 113 107 111 106 114 110 110 106 
n200_07_simulated.txt 2.0 13500.0 107 109 109 107 103 106 105 106 111 107 
n200_08_simulated.txt 2.0 13500.0 118 122 117 120 112 115 120 118 122 120 
n200_09_simulated.txt 2.0 13500.0 142 137 137 142 142 135 133 140 133 138 
n200_010_simulated.txt 2.0 13500.0 124 126 127 129 128 128 130 128 125 128 
n125_01_simulated.txt 2.0 27000.0 43 43 47 45 45 46 47 46 47 46 
n125_02_simulated.txt 2.0 27000.0 49 48 49 49 46 48 49 47 48 50 
n125_03_simulated.txt 2.0 27000.0 61 61 55 59 62 60 63 57 62 59 
n125_04_simulated.txt 2.0 27000.0 46 42 43 40 44 43 44 43 44 45 
n125_05_simulated.txt 2.0 27000.0 53 53 55 57 52 53 55 51 52 54 
n125_06_simulated.txt 2.0 27000.0 43 44 43 43 42 43 45 43 42 42 
n125_07_simulated.txt 2.0 27000.0 47 49 49 50 48 51 54 47 51 51 
n125_08_simulated.txt 2.0 27000.0 49 48 50 50 53 50 52 49 50 52 
n125_09_simulated.txt 2.0 27000.0 63 62 64 67 62 64 65 64 62 65 
n125_010_simulated.txt 2.0 27000.0 58 55 59 58 54 54 60 58 54 54 
n150_01_simulated.txt 2.0 27000.0 73 76 71 73 70 71 72 74 72 75 
n150_02_simulated.txt 2.0 27000.0 58 51 55 55 55 59 55 57 55 54 
n150_03_simulated.txt 2.0 27000.0 82 84 80 82 81 85 81 83 83 83 
n150_04_simulated.txt 2.0 27000.0 78 75 75 80 79 76 76 76 75 75 
n150_05_simulated.txt 2.0 27000.0 76 79 73 70 79 77 76 71 79 74 
n150_06_simulated.txt 2.0 27000.0 72 77 78 76 69 75 75 78 79 77 
n150_07_simulated.txt 2.0 27000.0 64 64 66 65 66 66 63 66 65 67 
n150_08_simulated.txt 2.0 27000.0 103 101 99 101 101 100 97 97 100 103 
n150_09_simulated.txt 2.0 27000.0 76 76 76 74 74 75 78 77 75 75 
n150_010_simulated.txt 2.0 27000.0 61 61 64 58 61 66 63 61 58 57 
n175_01_simulated.txt 2.0 27000.0 96 99 97 100 99 93 94 100 102 95 
n175_02_simulated.txt 2.0 27000.0 82 85 81 87 90 78 83 85 88 84 
n175_03_simulated.txt 2.0 27000.0 102 100 100 107 102 102 105 104 105 106 
n175_04_simulated.txt 2.0 27000.0 88 91 95 96 92 91 94 91 92 87 
n175_05_simulated.txt 2.0 27000.0 103 99 100 103 100 103 98 104 99 99 
n175_06_simulated.txt 2.0 27000.0 75 75 77 69 76 77 73 76 77 75 
n175_07_simulated.txt 2.0 27000.0 111 107 113 109 105 118 112 111 110 113 
n175_08_simulated.txt 2.0 27000.0 89 90 91 93 84 90 89 90 93 94 
n175_09_simulated.txt 2.0 27000.0 100 95 102 93 98 98 98 98 97 97 
n175_010_simulated.txt 2.0 27000.0 89 90 92 87 88 91 90 90 91 89 
n200_02_simulated.txt 2.0 27000.0 109 106 108 106 104 107 103 107 107 107 
n200_03_simulated.txt 2.0 27000.0 109 109 112 112 109 114 112 110 109 108 
n200_04_simulated.txt 2.0 27000.0 108 102 101 104 107 106 103 110 104 110 
n200_05_simulated.txt 2.0 27000.0 123 126 120 122 124 130 128 127 125 128 
n200_06_simulated.txt 2.0 27000.0 103 107 112 112 114 106 114 111 113 104 
n200_07_simulated.txt 2.0 27000.0 110 113 107 107 105 102 108 105 109 108 
n200_08_simulated.txt 2.0 27000.0 114 122 119 115 118 115 117 120 115 121 
n200_09_simulated.txt 2.0 27000.0 139 142 145 134 138 139 136 138 136 142 
n200_010_simulated.txt 2.0 27000.0 125 124 127 124 130 127 126 122 123 127 
n125_01_simulated.txt 2.0 54000.0 47 42 45 46 44 44 44 44 43 46 
n125_02_simulated.txt 2.0 54000.0 48 47 48 49 48 48 47 47 49 50 
n125_03_simulated.txt 2.0 54000.0 62 64 64 61 58 64 64 60 62 60 
n125_04_simulated.txt 2.0 54000.0 44 45 44 40 44 45 45 40 42 43 
n125_05_simulated.txt 2.0 54000.0 56 53 52 51 54 50 57 53 57 48 
n125_06_simulated.txt 2.0 54000.0 41 45 44 41 48 42 46 46 44 46 
n125_07_simulated.txt 2.0 54000.0 51 48 49 48 47 50 50 47 51 46 
n125_08_simulated.txt 2.0 54000.0 50 54 49 50 49 52 51 50 53 51 
n125_09_simulated.txt 2.0 54000.0 62 61 65 64 63 67 61 62 64 62 
n125_010_simulated.txt 2.0 54000.0 55 59 55 55 56 57 58 55 54 56 
n150_01_simulated.txt 2.0 54000.0 67 72 71 76 75 71 73 69 71 71 
n150_02_simulated.txt 2.0 54000.0 56 62 53 55 53 53 52 55 55 54 
n150_03_simulated.txt 2.0 54000.0 79 85 82 86 83 82 79 79 85 86 
n150_04_simulated.txt 2.0 54000.0 79 79 76 76 78 79 76 77 79 78 
n150_05_simulated.txt 2.0 54000.0 77 78 71 77 78 78 78 76 81 78 
n150_06_simulated.txt 2.0 54000.0 74 75 72 77 81 77 76 85 75 74 
n150_07_simulated.txt 2.0 54000.0 69 68 66 65 65 66 64 67 67 64 
n150_08_simulated.txt 2.0 54000.0 96 101 98 102 101 101 96 96 92 98 
n150_09_simulated.txt 2.0 54000.0 75 76 75 73 75 75 75 79 75 75 
n150_010_simulated.txt 2.0 54000.0 63 64 60 63 60 57 58 57 64 62 
n175_01_simulated.txt 2.0 54000.0 96 99 97 100 99 101 97 98 97 95 
n175_02_simulated.txt 2.0 54000.0 79 89 85 86 86 88 84 88 84 88 
n175_03_simulated.txt 2.0 54000.0 101 99 101 104 113 102 105 108 103 103 
n175_04_simulated.txt 2.0 54000.0 95 90 90 87 93 90 96 90 88 87 
n175_05_simulated.txt 2.0 54000.0 100 102 101 103 104 102 107 102 101 104 
n175_06_simulated.txt 2.0 54000.0 72 74 73 72 77 77 78 75 73 73 
n175_07_simulated.txt 2.0 54000.0 110 113 111 114 117 108 115 108 112 111 
n175_08_simulated.txt 2.0 54000.0 92 87 94 89 90 89 88 86 93 91 
n175_09_simulated.txt 2.0 54000.0 98 97 96 93 97 94 99 95 95 101 
n175_010_simulated.txt 2.0 54000.0 89 87 87 89 90 93 89 86 90 89 
n200_02_simulated.txt 2.0 54000.0 109 103 109 101 111 106 104 111 108 112 
n200_03_simulated.txt 2.0 54000.0 113 109 110 111 113 111 112 108 109 111 
n200_04_simulated.txt 2.0 54000.0 103 103 105 101 105 106 106 103 102 104 
n200_05_simulated.txt 2.0 54000.0 126 122 126 125 125 125 125 126 127 128 
n200_06_simulated.txt 2.0 54000.0 107 109 109 106 112 106 105 107 106 113 
n200_07_simulated.txt 2.0 54000.0 106 108 103 111 106 109 108 107 104 115 
n200_08_simulated.txt 2.0 54000.0 116 119 121 116 114 119 113 118 117 118 
n200_09_simulated.txt 2.0 54000.0 132 130 138 141 139 137 136 141 142 139 
n200_010_simulated.txt 2.0 54000.0 125 126 122 127 123 127 125 126 126 125 
n125_01_simulated.txt 2.0 81000.0 44 44 46 47 46 45 42 42 45 43 
n125_02_simulated.txt 2.0 81000.0 48 49 47 45 47 50 46 46 47 49 
n125_03_simulated.txt 2.0 81000.0 60 59 63 58 62 61 60 60 62 63 
n125_04_simulated.txt 2.0 81000.0 42 40 44 44 46 45 40 43 45 42 
n125_05_simulated.txt 2.0 81000.0 53 54 51 53 51 55 52 53 53 54 
n125_06_simulated.txt 2.0 81000.0 48 44 44 43 43 43 41 48 43 45 
n125_07_simulated.txt 2.0 81000.0 48 47 46 47 50 48 50 50 48 49 
n125_08_simulated.txt 2.0 81000.0 51 51 49 49 51 51 50 52 50 52 
n125_09_simulated.txt 2.0 81000.0 62 63 65 61 62 60 62 64 62 61 
n125_010_simulated.txt 2.0 81000.0 55 56 58 57 55 61 60 59 54 59 
n150_01_simulated.txt 2.0 81000.0 71 73 74 70 74 72 76 70 75 70 
n150_02_simulated.txt 2.0 81000.0 60 53 51 55 57 54 55 55 54 56 
n150_03_simulated.txt 2.0 81000.0 85 88 82 78 80 80 83 81 80 80 
n150_04_simulated.txt 2.0 81000.0 78 79 74 82 74 78 72 75 80 76 
n150_05_simulated.txt 2.0 81000.0 76 76 80 79 81 77 80 79 76 75 
n150_06_simulated.txt 2.0 81000.0 76 77 76 77 73 78 79 74 75 80 
n150_07_simulated.txt 2.0 81000.0 65 64 65 68 64 63 64 69 64 64 
n150_08_simulated.txt 2.0 81000.0 99 96 98 93 98 98 97 101 99 103 
n150_09_simulated.txt 2.0 81000.0 75 77 76 75 71 78 76 76 74 77 
n150_010_simulated.txt 2.0 81000.0 63 61 61 61 63 62 62 64 61 58 
n175_01_simulated.txt 2.0 81000.0 98 97 100 98 99 97 94 93 99 99 
n175_02_simulated.txt 2.0 81000.0 83 81 90 80 83 80 83 86 87 85 
n175_03_simulated.txt 2.0 81000.0 113 97 100 105 101 106 102 100 107 108 
n175_04_simulated.txt 2.0 81000.0 91 91 93 92 91 89 86 91 87 85 
n175_05_simulated.txt 2.0 81000.0 102 102 101 100 104 102 101 101 103 100 
n175_06_simulated.txt 2.0 81000.0 74 75 74 75 76 71 76 78 72 78 
n175_07_simulated.txt 2.0 81000.0 107 113 105 112 106 114 113 110 113 114 
n175_08_simulated.txt 2.0 81000.0 91 92 92 86 93 88 91 91 91 86 
n175_09_simulated.txt 2.0 81000.0 100 96 96 101 92 94 97 100 96 97 
n175_010_simulated.txt 2.0 81000.0 91 89 95 87 95 88 90 85 90 90 
n200_02_simulated.txt 2.0 81000.0 108 109 110 108 107 108 105 109 108 103 
n200_03_simulated.txt 2.0 81000.0 108 110 118 112 110 110 110 109 112 109 
n200_04_simulated.txt 2.0 81000.0 103 105 104 104 106 105 102 102 104 104 
n200_05_simulated.txt 2.0 81000.0 128 120 127 125 125 127 130 126 125 126 
n200_06_simulated.txt 2.0 81000.0 104 110 107 107 106 112 113 106 108 108 
n200_07_simulated.txt 2.0 81000.0 108 110 105 107 107 105 105 105 102 110 
n200_08_simulated.txt 2.0 81000.0 116 121 119 117 116 116 123 114 124 121 
n200_09_simulated.txt 2.0 81000.0 137 140 134 141 137 139 138 136 140 136 
n200_010_simulated.txt 2.0 81000.0 126 123 125 129 126 127 126 125 119 126 
n125_01_simulated.txt 2.0 108000.0 45 43 44 43 42 44 45 46 46 46 
n125_02_simulated.txt 2.0 108000.0 48 48 48 47 46 48 47 46 49 49 
n125_03_simulated.txt 2.0 108000.0 59 57 59 61 62 61 63 61 63 60 
n125_04_simulated.txt 2.0 108000.0 42 43 39 42 43 45 45 44 42 42 
n125_05_simulated.txt 2.0 108000.0 52 52 52 51 55 53 54 54 54 52 
n125_06_simulated.txt 2.0 108000.0 45 41 42 42 42 44 40 45 45 43 
n125_07_simulated.txt 2.0 108000.0 46 49 48 50 50 46 48 48 51 51 
n125_08_simulated.txt 2.0 108000.0 50 51 46 51 50 51 52 48 54 50 
n125_09_simulated.txt 2.0 108000.0 63 65 64 61 61 65 64 63 63 62 
n125_010_simulated.txt 2.0 108000.0 52 57 56 60 56 55 58 56 58 61 
n150_01_simulated.txt 2.0 108000.0 72 76 69 71 73 71 73 71 71 75 
n150_02_simulated.txt 2.0 108000.0 57 57 55 57 57 50 54 55 53 52 
n150_03_simulated.txt 2.0 108000.0 83 80 83 78 83 87 81 85 88 82 
n150_04_simulated.txt 2.0 108000.0 75 74 76 80 78 78 78 75 77 74 
n150_05_simulated.txt 2.0 108000.0 75 78 79 82 77 74 75 73 78 79 
n150_06_simulated.txt 2.0 108000.0 79 76 81 75 77 76 79 80 76 79 
n150_07_simulated.txt 2.0 108000.0 66 66 66 69 64 69 65 66 67 65 
n150_08_simulated.txt 2.0 108000.0 99 99 95 95 98 99 99 97 97 98 
n150_09_simulated.txt 2.0 108000.0 73 77 77 76 76 76 76 75 73 78 
n150_010_simulated.txt 2.0 108000.0 66 60 63 62 59 60 65 59 66 62 
n175_01_simulated.txt 2.0 108000.0 98 100 100 98 98 96 97 99 99 98 
n175_02_simulated.txt 2.0 108000.0 83 89 84 85 82 85 84 86 87 85 
n175_03_simulated.txt 2.0 108000.0 100 104 105 103 108 105 102 110 106 105 
n175_04_simulated.txt 2.0 108000.0 95 91 86 92 94 87 89 94 92 91 
n175_05_simulated.txt 2.0 108000.0 103 102 109 103 103 104 101 102 102 104 
n175_06_simulated.txt 2.0 108000.0 74 72 69 75 77 76 72 72 78 77 
n175_07_simulated.txt 2.0 108000.0 106 110 113 118 112 112 114 114 112 114 
n175_08_simulated.txt 2.0 108000.0 88 87 89 89 94 91 85 88 89 86 
n175_09_simulated.txt 2.0 108000.0 96 100 100 97 95 94 94 98 98 95 
n175_010_simulated.txt 2.0 108000.0 92 89 89 90 87 89 93 84 88 92 
n200_02_simulated.txt 2.0 108000.0 102 105 107 105 109 109 105 105 104 109 
n200_03_simulated.txt 2.0 108000.0 110 116 111 110 112 107 113 113 113 109 
n200_04_simulated.txt 2.0 108000.0 106 104 102 108 104 104 103 105 105 105 
n200_05_simulated.txt 2.0 108000.0 129 130 127 124 123 121 124 123 125 124 
n200_06_simulated.txt 2.0 108000.0 109 112 114 117 112 110 103 112 112 106 
n200_07_simulated.txt 2.0 108000.0 109 111 108 101 102 106 107 100 104 107 
n200_08_simulated.txt 2.0 108000.0 126 114 118 118 114 120 114 115 117 114 
n200_09_simulated.txt 2.0 108000.0 134 147 142 138 140 136 136 138 139 134 
n200_010_simulated.txt 2.0 108000.0 124 124 125 126 127 127 128 125 124 124 
n125_01_simulated.txt 5.0 13500.0 43 39 43 38 42 40 41 41 38 41 
n125_02_simulated.txt 5.0 13500.0 49 49 46 46 46 45 44 48 46 44 
n125_03_simulated.txt 5.0 13500.0 57 55 60 57 59 57 56 57 56 55 
n125_04_simulated.txt 5.0 13500.0 42 39 39 42 41 42 39 42 43 41 
n125_05_simulated.txt 5.0 13500.0 48 51 50 49 53 51 45 45 49 49 
n125_06_simulated.txt 5.0 13500.0 39 38 41 37 40 35 36 41 42 42 
n125_07_simulated.txt 5.0 13500.0 42 47 47 44 44 47 44 45 48 44 
n125_08_simulated.txt 5.0 13500.0 46 48 47 53 48 46 46 47 47 47 
n125_09_simulated.txt 5.0 13500.0 61 62 55 59 56 59 60 58 58 64 
n125_010_simulated.txt 5.0 13500.0 50 56 49 53 51 53 54 52 52 58 
n150_01_simulated.txt 5.0 13500.0 71 67 65 66 68 67 70 66 71 66 
n150_02_simulated.txt 5.0 13500.0 55 55 50 48 55 51 50 51 50 54 
n150_03_simulated.txt 5.0 13500.0 81 75 78 77 79 76 76 75 78 78 
n150_04_simulated.txt 5.0 13500.0 71 76 71 74 71 71 73 73 73 76 
n150_05_simulated.txt 5.0 13500.0 72 72 71 77 72 69 75 76 77 69 
n150_06_simulated.txt 5.0 13500.0 77 69 70 75 73 76 68 72 68 73 
n150_07_simulated.txt 5.0 13500.0 61 56 58 64 60 63 62 64 62 60 
n150_08_simulated.txt 5.0 13500.0 95 91 95 93 87 95 94 96 92 91 
n150_09_simulated.txt 5.0 13500.0 71 68 68 68 71 72 71 75 70 70 
n150_010_simulated.txt 5.0 13500.0 59 56 56 53 51 55 56 57 60 61 
n175_01_simulated.txt 5.0 13500.0 93 87 87 90 90 90 95 90 91 87 
n175_02_simulated.txt 5.0 13500.0 79 76 77 78 80 78 78 79 77 79 
n175_03_simulated.txt 5.0 13500.0 93 96 100 96 97 98 92 96 93 97 
n175_04_simulated.txt 5.0 13500.0 86 89 84 92 84 84 85 86 89 85 
n175_05_simulated.txt 5.0 13500.0 95 93 92 96 94 95 91 95 98 96 
n175_06_simulated.txt 5.0 13500.0 71 67 72 73 71 67 73 78 67 66 
n175_07_simulated.txt 5.0 13500.0 106 106 104 101 102 103 97 103 109 104 
n175_08_simulated.txt 5.0 13500.0 83 85 84 84 87 83 83 86 87 82 
n175_09_simulated.txt 5.0 13500.0 91 86 93 90 93 89 94 92 90 91 
n175_010_simulated.txt 5.0 13500.0 83 87 86 84 83 80 81 86 87 79 
n200_02_simulated.txt 5.0 13500.0 97 92 101 104 105 99 103 100 101 99 
n200_03_simulated.txt 5.0 13500.0 106 109 105 100 109 102 103 113 106 105 
n200_04_simulated.txt 5.0 13500.0 103 97 97 105 96 101 91 100 100 97 
n200_05_simulated.txt 5.0 13500.0 119 115 117 119 119 116 119 120 119 120 
n200_06_simulated.txt 5.0 13500.0 106 107 102 106 105 101 104 98 106 105 
n200_07_simulated.txt 5.0 13500.0 100 99 100 98 105 101 101 98 102 98 
n200_08_simulated.txt 5.0 13500.0 114 116 112 118 116 117 115 108 116 112 
n200_09_simulated.txt 5.0 13500.0 133 128 136 124 131 126 127 133 132 127 
n200_010_simulated.txt 5.0 13500.0 118 119 120 116 114 115 121 120 119 118 
n125_01_simulated.txt 5.0 27000.0 39 36 36 36 40 35 41 36 40 35 
n125_02_simulated.txt 5.0 27000.0 44 42 45 44 45 45 45 44 43 43 
n125_03_simulated.txt 5.0 27000.0 55 54 52 53 54 55 56 52 55 54 
n125_04_simulated.txt 5.0 27000.0 37 37 38 36 36 37 37 36 37 37 
n125_05_simulated.txt 5.0 27000.0 46 47 49 44 45 44 46 44 48 49 
n125_06_simulated.txt 5.0 27000.0 37 39 38 37 34 38 36 35 41 36 
n125_07_simulated.txt 5.0 27000.0 44 44 46 43 45 46 43 41 44 44 
n125_08_simulated.txt 5.0 27000.0 46 44 46 45 46 47 44 48 46 44 
n125_09_simulated.txt 5.0 27000.0 57 57 55 58 56 56 61 58 56 60 
n125_010_simulated.txt 5.0 27000.0 46 53 49 52 51 49 55 51 50 49 
n150_01_simulated.txt 5.0 27000.0 67 62 61 68 70 66 64 67 68 68 
n150_02_simulated.txt 5.0 27000.0 48 49 54 49 53 48 51 46 47 53 
n150_03_simulated.txt 5.0 27000.0 80 79 79 77 78 74 78 76 78 75 
n150_04_simulated.txt 5.0 27000.0 68 68 68 70 70 72 72 66 68 69 
n150_05_simulated.txt 5.0 27000.0 71 71 70 65 71 68 69 73 70 73 
n150_06_simulated.txt 5.0 27000.0 69 67 69 70 68 73 67 69 69 71 
n150_07_simulated.txt 5.0 27000.0 58 58 53 60 61 61 61 60 59 60 
n150_08_simulated.txt 5.0 27000.0 91 93 88 97 95 89 89 93 89 90 
n150_09_simulated.txt 5.0 27000.0 73 71 69 70 66 66 67 71 68 69 
n150_010_simulated.txt 5.0 27000.0 56 51 54 53 56 54 53 54 54 54 
n175_01_simulated.txt 5.0 27000.0 87 91 91 85 93 89 93 91 90 90 
n175_02_simulated.txt 5.0 27000.0 76 71 76 79 73 77 78 71 82 77 
n175_03_simulated.txt 5.0 27000.0 92 92 96 97 97 94 97 96 96 99 
n175_04_simulated.txt 5.0 27000.0 80 84 82 79 83 81 85 81 82 79 
n175_05_simulated.txt 5.0 27000.0 94 95 96 96 89 97 93 97 90 92 
n175_06_simulated.txt 5.0 27000.0 67 67 66 68 66 68 70 69 71 67 
n175_07_simulated.txt 5.0 27000.0 102 101 103 102 102 105 109 104 101 102 
n175_08_simulated.txt 5.0 27000.0 83 80 78 82 83 83 83 82 83 83 
n175_09_simulated.txt 5.0 27000.0 90 88 90 90 90 87 88 92 89 92 
n175_010_simulated.txt 5.0 27000.0 84 80 86 81 79 83 85 89 84 87 
n200_02_simulated.txt 5.0 27000.0 96 99 97 104 99 102 99 100 101 103 
n200_03_simulated.txt 5.0 27000.0 101 105 104 105 102 104 104 104 106 106 
n200_04_simulated.txt 5.0 27000.0 93 93 89 96 96 100 94 97 97 93 
n200_05_simulated.txt 5.0 27000.0 118 115 117 118 119 124 117 116 119 116 
n200_06_simulated.txt 5.0 27000.0 102 104 99 104 100 105 99 104 103 104 
n200_07_simulated.txt 5.0 27000.0 100 101 100 103 93 98 97 101 96 97 
n200_08_simulated.txt 5.0 27000.0 111 115 108 114 114 109 112 113 112 112 
n200_09_simulated.txt 5.0 27000.0 129 128 128 130 134 129 133 130 130 129 
n200_010_simulated.txt 5.0 27000.0 115 124 118 119 120 123 119 115 119 119 
n125_01_simulated.txt 5.0 54000.0 35 36 37 39 38 35 37 35 36 38 
n125_02_simulated.txt 5.0 54000.0 43 45 44 42 45 45 44 43 47 44 
n125_03_simulated.txt 5.0 54000.0 58 56 52 52 51 53 53 55 55 50 
n125_04_simulated.txt 5.0 54000.0 35 37 35 35 37 39 36 37 38 39 
n125_05_simulated.txt 5.0 54000.0 46 45 44 44 46 45 44 45 45 45 
n125_06_simulated.txt 5.0 54000.0 32 34 37 38 36 35 32 37 32 34 
n125_07_simulated.txt 5.0 54000.0 42 46 43 39 44 42 41 44 43 44 
n125_08_simulated.txt 5.0 54000.0 47 50 45 44 44 46 46 47 42 45 
n125_09_simulated.txt 5.0 54000.0 60 58 59 56 57 57 57 55 58 58 
n125_010_simulated.txt 5.0 54000.0 46 52 50 49 53 51 48 50 51 49 
n150_01_simulated.txt 5.0 54000.0 66 66 63 67 65 63 62 64 66 67 
n150_02_simulated.txt 5.0 54000.0 51 54 51 54 47 52 50 47 50 49 
n150_03_simulated.txt 5.0 54000.0 77 79 77 75 78 78 75 76 74 74 
n150_04_simulated.txt 5.0 54000.0 69 71 70 73 69 72 67 69 69 67 
n150_05_simulated.txt 5.0 54000.0 67 69 72 71 68 70 73 70 71 69 
n150_06_simulated.txt 5.0 54000.0 69 71 72 71 72 66 68 68 69 68 
n150_07_simulated.txt 5.0 54000.0 61 60 57 59 59 61 55 53 59 56 
n150_08_simulated.txt 5.0 54000.0 89 88 89 87 88 90 92 91 93 92 
n150_09_simulated.txt 5.0 54000.0 70 67 70 68 69 67 69 69 72 68 
n150_010_simulated.txt 5.0 54000.0 54 50 50 54 55 51 52 55 49 54 
n175_01_simulated.txt 5.0 54000.0 91 91 93 90 94 88 89 85 94 86 
n175_02_simulated.txt 5.0 54000.0 74 74 77 74 73 70 74 72 82 72 
n175_03_simulated.txt 5.0 54000.0 92 98 99 96 93 95 95 98 95 93 
n175_04_simulated.txt 5.0 54000.0 84 84 82 85 86 83 85 85 83 81 
n175_05_simulated.txt 5.0 54000.0 92 92 92 94 98 94 94 93 94 96 
n175_06_simulated.txt 5.0 54000.0 64 71 66 71 69 68 67 61 67 70 
n175_07_simulated.txt 5.0 54000.0 105 98 101 103 102 105 102 103 100 110 
n175_08_simulated.txt 5.0 54000.0 83 83 85 82 82 84 82 83 79 82 
n175_09_simulated.txt 5.0 54000.0 89 91 87 90 86 88 92 92 87 90 
n175_010_simulated.txt 5.0 54000.0 79 82 84 82 87 86 78 83 80 81 
n200_02_simulated.txt 5.0 54000.0 101 97 97 98 97 96 97 97 102 95 
n200_03_simulated.txt 5.0 54000.0 106 102 106 104 100 102 109 105 107 104 
n200_04_simulated.txt 5.0 54000.0 91 93 99 93 100 101 96 99 96 95 
n200_05_simulated.txt 5.0 54000.0 118 114 116 116 116 113 118 114 115 121 
n200_06_simulated.txt 5.0 54000.0 104 106 104 102 99 102 103 104 103 108 
n200_07_simulated.txt 5.0 54000.0 101 96 96 95 99 101 98 99 96 98 
n200_08_simulated.txt 5.0 54000.0 110 116 109 111 112 110 111 107 114 113 
n200_09_simulated.txt 5.0 54000.0 127 126 128 132 132 129 130 128 130 126 
n200_010_simulated.txt 5.0 54000.0 117 114 117 119 117 117 120 119 120 118 
n125_01_simulated.txt 5.0 81000.0 35 34 39 36 31 36 36 36 37 32 
n125_02_simulated.txt 5.0 81000.0 39 43 43 44 44 43 42 43 43 42 
n125_03_simulated.txt 5.0 81000.0 53 55 55 56 52 52 51 53 55 54 
n125_04_simulated.txt 5.0 81000.0 38 37 35 40 36 37 33 38 40 35 
n125_05_simulated.txt 5.0 81000.0 46 44 44 45 45 43 42 39 43 42 
n125_06_simulated.txt 5.0 81000.0 34 30 36 34 36 32 37 41 33 33 
n125_07_simulated.txt 5.0 81000.0 41 42 42 43 41 44 42 40 41 40 
n125_08_simulated.txt 5.0 81000.0 42 45 44 44 51 44 43 45 42 44 
n125_09_simulated.txt 5.0 81000.0 58 55 58 56 56 53 61 60 57 53 
n125_010_simulated.txt 5.0 81000.0 54 47 46 49 47 50 52 47 48 49 
n150_01_simulated.txt 5.0 81000.0 67 66 71 64 66 65 65 62 66 66 
n150_02_simulated.txt 5.0 81000.0 46 51 53 46 51 53 51 48 48 45 
n150_03_simulated.txt 5.0 81000.0 77 74 75 75 75 80 75 76 71 77 
n150_04_simulated.txt 5.0 81000.0 74 69 66 72 71 66 70 68 72 70 
n150_05_simulated.txt 5.0 81000.0 68 72 72 70 68 68 75 69 77 72 
n150_06_simulated.txt 5.0 81000.0 71 67 64 74 73 70 68 65 65 68 
n150_07_simulated.txt 5.0 81000.0 59 56 55 57 58 59 55 55 57 54 
n150_08_simulated.txt 5.0 81000.0 87 89 91 91 95 93 93 91 88 87 
n150_09_simulated.txt 5.0 81000.0 66 67 64 70 68 67 67 69 70 67 
n150_010_simulated.txt 5.0 81000.0 55 54 55 51 49 51 52 52 53 52 
n175_01_simulated.txt 5.0 81000.0 87 89 88 91 88 90 88 83 93 91 
n175_02_simulated.txt 5.0 81000.0 72 75 78 74 81 78 75 69 87 79 
n175_03_simulated.txt 5.0 81000.0 98 98 95 96 91 93 99 99 101 93 
n175_04_simulated.txt 5.0 81000.0 83 85 87 81 83 83 86 85 76 84 
n175_05_simulated.txt 5.0 81000.0 92 92 92 93 96 94 97 92 94 92 
n175_06_simulated.txt 5.0 81000.0 62 67 64 64 67 65 64 68 65 65 
n175_07_simulated.txt 5.0 81000.0 102 100 106 103 108 102 103 103 100 105 
n175_08_simulated.txt 5.0 81000.0 85 83 81 83 80 82 79 83 79 83 
n175_09_simulated.txt 5.0 81000.0 88 87 89 89 86 86 92 86 87 91 
n175_010_simulated.txt 5.0 81000.0 82 80 80 80 83 82 77 81 81 87 
n200_02_simulated.txt 5.0 81000.0 100 98 98 99 101 94 97 99 100 96 
n200_03_simulated.txt 5.0 81000.0 105 98 105 101 103 104 101 100 104 111 
n200_04_simulated.txt 5.0 81000.0 97 94 95 98 97 98 96 97 98 94 
n200_05_simulated.txt 5.0 81000.0 117 119 116 120 117 114 118 114 118 118 
n200_06_simulated.txt 5.0 81000.0 102 102 99 98 107 103 103 99 103 100 
n200_07_simulated.txt 5.0 81000.0 100 98 99 96 98 100 97 97 100 98 
n200_08_simulated.txt 5.0 81000.0 116 113 111 117 110 115 109 112 110 112 
n200_09_simulated.txt 5.0 81000.0 133 133 132 130 134 134 127 130 130 127 
n200_010_simulated.txt 5.0 81000.0 114 117 113 118 119 121 122 114 117 113 
n125_01_simulated.txt 5.0 108000.0 33 39 38 33 40 31 34 37 38 39 
n125_02_simulated.txt 5.0 108000.0 43 42 42 44 46 40 45 45 44 44 
n125_03_simulated.txt 5.0 108000.0 53 54 53 56 56 56 55 56 55 52 
n125_04_simulated.txt 5.0 108000.0 37 33 36 35 35 37 38 36 37 36 
n125_05_simulated.txt 5.0 108000.0 46 49 48 46 43 43 46 47 45 47 
n125_06_simulated.txt 5.0 108000.0 36 33 33 36 37 32 36 36 32 38 
n125_07_simulated.txt 5.0 108000.0 42 38 44 39 42 43 40 40 45 42 
n125_08_simulated.txt 5.0 108000.0 45 46 46 44 44 45 45 45 44 43 
n125_09_simulated.txt 5.0 108000.0 55 54 58 55 55 56 57 58 59 57 
n125_010_simulated.txt 5.0 108000.0 49 51 49 51 51 50 48 52 52 50 
n150_01_simulated.txt 5.0 108000.0 64 69 64 65 63 66 64 62 63 67 
n150_02_simulated.txt 5.0 108000.0 47 44 52 45 47 45 48 49 47 48 
n150_03_simulated.txt 5.0 108000.0 75 76 80 72 79 72 76 75 75 79 
n150_04_simulated.txt 5.0 108000.0 71 68 68 68 67 67 72 64 69 71 
n150_05_simulated.txt 5.0 108000.0 72 69 68 66 72 70 70 73 67 69 
n150_06_simulated.txt 5.0 108000.0 73 65 68 64 70 68 70 68 71 71 
n150_07_simulated.txt 5.0 108000.0 57 60 58 59 55 58 61 57 56 57 
n150_08_simulated.txt 5.0 108000.0 85 89 91 89 92 94 94 92 92 92 
n150_09_simulated.txt 5.0 108000.0 69 66 67 64 65 66 65 68 66 66 
n150_010_simulated.txt 5.0 108000.0 55 54 50 50 53 53 56 49 53 53 
n175_01_simulated.txt 5.0 108000.0 91 89 91 88 86 92 87 87 88 90 
n175_02_simulated.txt 5.0 108000.0 74 77 73 73 79 77 74 79 74 71 
n175_03_simulated.txt 5.0 108000.0 101 92 103 93 94 94 92 94 96 99 
n175_04_simulated.txt 5.0 108000.0 81 80 84 84 85 81 86 90 82 84 
n175_05_simulated.txt 5.0 108000.0 96 92 90 94 98 92 95 93 91 90 
n175_06_simulated.txt 5.0 108000.0 65 66 66 66 70 67 70 67 71 68 
n175_07_simulated.txt 5.0 108000.0 102 107 100 106 101 100 105 104 102 104 
n175_08_simulated.txt 5.0 108000.0 78 79 84 84 82 85 80 82 83 82 
n175_09_simulated.txt 5.0 108000.0 93 89 88 90 89 91 86 92 88 87 
n175_010_simulated.txt 5.0 108000.0 81 78 77 82 80 78 75 81 82 81 
n200_02_simulated.txt 5.0 108000.0 96 101 97 97 102 94 102 103 92 99 
n200_03_simulated.txt 5.0 108000.0 102 99 104 103 104 105 103 100 99 104 
n200_04_simulated.txt 5.0 108000.0 94 94 94 94 97 102 98 101 98 98 
n200_05_simulated.txt 5.0 108000.0 116 118 123 118 116 114 118 118 114 117 
n200_06_simulated.txt 5.0 108000.0 101 104 105 105 101 109 106 101 102 101 
n200_07_simulated.txt 5.0 108000.0 100 99 96 97 99 101 97 97 100 97 
n200_08_simulated.txt 5.0 108000.0 116 120 111 114 109 112 113 115 112 114 
n200_09_simulated.txt 5.0 108000.0 132 127 129 127 125 127 127 129 128 130 
n200_010_simulated.txt 5.0 108000.0 116 122 116 121 115 114 117 121 116 121 
n125_01_simulated.txt 10.0 13500.0 37 38 39 40 40 40 38 37 37 38 
n125_02_simulated.txt 10.0 13500.0 47 44 43 44 43 42 44 43 47 44 
n125_03_simulated.txt 10.0 13500.0 54 55 56 56 54 54 51 50 57 53 
n125_04_simulated.txt 10.0 13500.0 40 36 38 39 39 37 40 36 42 35 
n125_05_simulated.txt 10.0 13500.0 47 47 47 43 47 46 44 46 45 46 
n125_06_simulated.txt 10.0 13500.0 38 41 41 38 37 37 35 40 40 37 
n125_07_simulated.txt 10.0 13500.0 43 42 43 41 41 42 43 41 43 42 
n125_08_simulated.txt 10.0 13500.0 45 43 46 47 44 42 48 46 46 43 
n125_09_simulated.txt 10.0 13500.0 54 57 53 54 55 57 56 54 55 52 
n125_010_simulated.txt 10.0 13500.0 50 50 47 43 44 52 50 47 49 46 
n150_01_simulated.txt 10.0 13500.0 64 64 65 61 61 67 65 64 64 65 
n150_02_simulated.txt 10.0 13500.0 43 46 51 47 55 48 47 50 46 47 
n150_03_simulated.txt 10.0 13500.0 74 73 73 79 72 76 76 72 74 70 
n150_04_simulated.txt 10.0 13500.0 69 75 70 74 65 62 69 72 68 67 
n150_05_simulated.txt 10.0 13500.0 72 69 69 65 66 68 72 65 71 70 
n150_06_simulated.txt 10.0 13500.0 67 68 63 67 66 64 68 66 67 68 
n150_07_simulated.txt 10.0 13500.0 54 60 52 54 51 56 56 57 54 54 
n150_08_simulated.txt 10.0 13500.0 89 85 85 89 83 88 87 86 87 86 
n150_09_simulated.txt 10.0 13500.0 67 66 64 70 64 71 69 65 64 65 
n150_010_simulated.txt 10.0 13500.0 56 52 52 52 55 56 53 55 57 52 
n175_01_simulated.txt 10.0 13500.0 87 90 86 87 81 89 82 88 88 90 
n175_02_simulated.txt 10.0 13500.0 73 71 75 78 72 77 78 70 72 70 
n175_03_simulated.txt 10.0 13500.0 91 92 92 95 94 93 90 92 92 90 
n175_04_simulated.txt 10.0 13500.0 79 81 79 80 73 79 80 75 77 81 
n175_05_simulated.txt 10.0 13500.0 89 88 95 85 93 86 90 94 90 93 
n175_06_simulated.txt 10.0 13500.0 66 69 64 67 65 63 68 64 62 67 
n175_07_simulated.txt 10.0 13500.0 93 100 102 98 100 95 97 100 107 95 
n175_08_simulated.txt 10.0 13500.0 84 82 80 81 82 82 81 78 81 77 
n175_09_simulated.txt 10.0 13500.0 89 86 86 85 89 86 87 84 86 87 
n175_010_simulated.txt 10.0 13500.0 72 78 77 74 74 78 77 78 81 75 
n200_02_simulated.txt 10.0 13500.0 93 94 95 90 96 92 96 95 101 100 
n200_03_simulated.txt 10.0 13500.0 98 102 101 98 100 95 92 102 97 97 
n200_04_simulated.txt 10.0 13500.0 92 93 89 93 93 91 90 87 90 96 
n200_05_simulated.txt 10.0 13500.0 111 118 116 113 113 109 114 112 118 113 
n200_06_simulated.txt 10.0 13500.0 101 100 98 97 97 97 98 105 98 95 
n200_07_simulated.txt 10.0 13500.0 94 98 101 98 92 91 93 99 100 98 
n200_08_simulated.txt 10.0 13500.0 108 112 104 107 111 109 105 109 107 113 
n200_09_simulated.txt 10.0 13500.0 129 129 123 126 132 124 121 125 128 124 
n200_010_simulated.txt 10.0 13500.0 110 114 114 118 112 112 118 115 111 112 
n125_01_simulated.txt 10.0 27000.0 29 33 34 36 32 31 33 31 33 27 
n125_02_simulated.txt 10.0 27000.0 38 41 40 44 40 40 40 41 38 39 
n125_03_simulated.txt 10.0 27000.0 52 51 53 50 45 46 53 49 50 49 
n125_04_simulated.txt 10.0 27000.0 29 30 31 31 29 29 33 31 31 33 
n125_05_simulated.txt 10.0 27000.0 37 40 41 39 34 37 40 38 37 40 
n125_06_simulated.txt 10.0 27000.0 29 29 32 29 29 29 29 26 30 30 
n125_07_simulated.txt 10.0 27000.0 33 36 37 35 41 35 35 35 35 37 
n125_08_simulated.txt 10.0 27000.0 41 42 40 37 41 42 39 41 40 41 
n125_09_simulated.txt 10.0 27000.0 51 54 55 52 51 50 47 48 48 52 
n125_010_simulated.txt 10.0 27000.0 43 48 43 40 48 43 42 41 46 42 
n150_01_simulated.txt 10.0 27000.0 58 57 57 61 57 60 58 61 60 60 
n150_02_simulated.txt 10.0 27000.0 42 37 39 45 38 43 42 44 43 44 
n150_03_simulated.txt 10.0 27000.0 71 69 70 66 68 71 64 67 69 72 
n150_04_simulated.txt 10.0 27000.0 66 57 58 61 63 61 55 58 59 63 
n150_05_simulated.txt 10.0 27000.0 64 63 69 63 65 67 62 63 65 67 
n150_06_simulated.txt 10.0 27000.0 61 60 61 57 59 64 60 62 61 60 
n150_07_simulated.txt 10.0 27000.0 48 45 56 48 48 53 49 51 52 51 
n150_08_simulated.txt 10.0 27000.0 79 81 82 82 81 81 79 84 83 79 
n150_09_simulated.txt 10.0 27000.0 64 63 64 60 64 64 63 63 61 63 
n150_010_simulated.txt 10.0 27000.0 51 50 50 49 48 50 51 49 46 48 
n175_01_simulated.txt 10.0 27000.0 82 81 82 81 80 83 75 85 82 79 
n175_02_simulated.txt 10.0 27000.0 70 66 64 68 72 70 68 69 68 67 
n175_03_simulated.txt 10.0 27000.0 89 90 82 86 89 84 89 79 86 88 
n175_04_simulated.txt 10.0 27000.0 73 74 71 74 73 78 73 70 73 70 
n175_05_simulated.txt 10.0 27000.0 82 89 87 87 89 84 90 88 84 88 
n175_06_simulated.txt 10.0 27000.0 61 60 61 59 58 58 60 62 59 63 
n175_07_simulated.txt 10.0 27000.0 95 99 94 97 92 93 92 94 97 98 
n175_08_simulated.txt 10.0 27000.0 74 68 74 78 79 76 68 77 76 75 
n175_09_simulated.txt 10.0 27000.0 87 79 81 79 80 79 80 83 82 80 
n175_010_simulated.txt 10.0 27000.0 71 72 72 74 73 74 68 74 68 73 
n200_02_simulated.txt 10.0 27000.0 86 89 90 85 87 91 90 93 92 93 
n200_03_simulated.txt 10.0 27000.0 96 94 89 95 97 90 94 93 94 100 
n200_04_simulated.txt 10.0 27000.0 86 90 90 87 88 87 85 83 86 87 
n200_05_simulated.txt 10.0 27000.0 107 110 107 102 110 106 108 111 109 109 
n200_06_simulated.txt 10.0 27000.0 88 92 95 93 98 98 94 97 93 96 
n200_07_simulated.txt 10.0 27000.0 91 92 90 93 91 94 92 92 90 90 
n200_08_simulated.txt 10.0 27000.0 101 103 103 110 102 98 103 100 105 105 
n200_09_simulated.txt 10.0 27000.0 117 118 116 117 121 120 119 118 123 120 
n200_010_simulated.txt 10.0 27000.0 110 107 110 108 108 108 108 108 108 104 
n125_01_simulated.txt 10.0 54000.0 30 31 29 29 27 27 25 29 28 30 
n125_02_simulated.txt 10.0 54000.0 39 38 36 41 37 40 40 39 40 39 
n125_03_simulated.txt 10.0 54000.0 44 49 47 57 47 44 48 45 46 43 
n125_04_simulated.txt 10.0 54000.0 30 26 28 28 27 32 28 32 30 32 
n125_05_simulated.txt 10.0 54000.0 35 38 37 35 32 34 36 34 35 32 
n125_06_simulated.txt 10.0 54000.0 27 25 30 27 30 32 22 25 31 31 
n125_07_simulated.txt 10.0 54000.0 34 34 34 35 32 37 34 34 35 34 
n125_08_simulated.txt 10.0 54000.0 37 38 41 40 37 39 38 36 39 37 
n125_09_simulated.txt 10.0 54000.0 47 46 50 48 45 47 49 46 47 47 
n125_010_simulated.txt 10.0 54000.0 42 41 40 45 43 40 43 38 41 41 
n150_01_simulated.txt 10.0 54000.0 55 55 60 57 54 56 57 56 58 57 
n150_02_simulated.txt 10.0 54000.0 40 43 42 44 43 38 36 41 39 37 
n150_03_simulated.txt 10.0 54000.0 66 66 65 66 66 67 66 67 67 67 
n150_04_simulated.txt 10.0 54000.0 59 56 61 62 61 62 58 58 63 60 
n150_05_simulated.txt 10.0 54000.0 60 61 60 63 60 60 65 62 63 60 
n150_06_simulated.txt 10.0 54000.0 65 65 64 58 59 66 62 58 60 61 
n150_07_simulated.txt 10.0 54000.0 50 48 48 50 47 47 50 50 48 47 
n150_08_simulated.txt 10.0 54000.0 80 79 79 75 77 80 79 77 79 82 
n150_09_simulated.txt 10.0 54000.0 59 63 63 55 61 60 62 58 59 61 
n150_010_simulated.txt 10.0 54000.0 44 45 45 45 45 45 44 41 46 43 
n175_01_simulated.txt 10.0 54000.0 86 80 84 78 79 79 78 79 82 81 
n175_02_simulated.txt 10.0 54000.0 67 66 65 67 67 66 69 66 68 70 
n175_03_simulated.txt 10.0 54000.0 87 86 86 84 88 85 86 86 82 85 
n175_04_simulated.txt 10.0 54000.0 71 72 71 71 75 75 73 77 71 74 
n175_05_simulated.txt 10.0 54000.0 80 83 85 86 86 86 85 83 85 86 
n175_06_simulated.txt 10.0 54000.0 63 59 62 61 59 57 59 61 59 58 
n175_07_simulated.txt 10.0 54000.0 93 96 97 91 96 91 92 93 92 94 
n175_08_simulated.txt 10.0 54000.0 71 77 77 72 69 79 74 76 69 74 
n175_09_simulated.txt 10.0 54000.0 78 83 83 79 84 81 82 84 78 79 
n175_010_simulated.txt 10.0 54000.0 70 72 72 65 75 70 73 75 72 68 
n200_02_simulated.txt 10.0 54000.0 85 84 84 91 87 86 92 91 88 94 
n200_03_simulated.txt 10.0 54000.0 93 91 92 92 92 93 93 92 97 95 
n200_04_simulated.txt 10.0 54000.0 89 83 86 87 87 84 87 81 86 79 
n200_05_simulated.txt 10.0 54000.0 106 110 106 105 106 109 107 109 111 103 
n200_06_simulated.txt 10.0 54000.0 91 94 93 92 88 89 94 92 90 92 
n200_07_simulated.txt 10.0 54000.0 84 89 92 93 88 90 88 89 92 89 
n200_08_simulated.txt 10.0 54000.0 104 105 103 103 102 100 102 96 104 101 
n200_09_simulated.txt 10.0 54000.0 117 118 117 121 118 114 117 119 118 119 
n200_010_simulated.txt 10.0 54000.0 105 107 107 108 109 106 106 109 101 111 
n125_01_simulated.txt 10.0 81000.0 27 30 25 25 26 25 26 22 26 32 
n125_02_simulated.txt 10.0 81000.0 37 36 37 34 37 40 33 38 38 39 
n125_03_simulated.txt 10.0 81000.0 46 45 47 45 47 47 47 45 45 43 
n125_04_simulated.txt 10.0 81000.0 29 32 28 31 25 30 30 28 26 28 
n125_05_simulated.txt 10.0 81000.0 40 37 33 34 30 36 35 29 33 31 
n125_06_simulated.txt 10.0 81000.0 24 27 33 22 23 32 27 32 34 25 
n125_07_simulated.txt 10.0 81000.0 31 32 32 34 31 35 31 31 37 32 
n125_08_simulated.txt 10.0 81000.0 37 38 32 36 36 36 37 36 37 34 
n125_09_simulated.txt 10.0 81000.0 53 47 47 48 47 47 46 48 47 47 
n125_010_simulated.txt 10.0 81000.0 37 39 36 43 41 39 39 39 39 37 
n150_01_simulated.txt 10.0 81000.0 55 55 53 56 54 54 55 54 57 52 
n150_02_simulated.txt 10.0 81000.0 40 36 37 42 43 44 38 40 39 41 
n150_03_simulated.txt 10.0 81000.0 67 69 68 66 63 68 69 64 66 65 
n150_04_simulated.txt 10.0 81000.0 62 57 59 59 55 53 60 60 58 57 
n150_05_simulated.txt 10.0 81000.0 60 66 59 63 59 62 60 59 61 60 
n150_06_simulated.txt 10.0 81000.0 53 59 54 58 57 54 51 63 52 58 
n150_07_simulated.txt 10.0 81000.0 42 45 46 44 44 46 47 46 44 53 
n150_08_simulated.txt 10.0 81000.0 78 74 80 77 83 76 82 78 80 79 
n150_09_simulated.txt 10.0 81000.0 59 58 58 59 63 58 58 59 61 56 
n150_010_simulated.txt 10.0 81000.0 42 45 42 47 44 46 43 45 48 45 
n175_01_simulated.txt 10.0 81000.0 81 79 84 78 76 78 75 77 80 79 
n175_02_simulated.txt 10.0 81000.0 59 66 61 64 65 64 65 60 65 67 
n175_03_simulated.txt 10.0 81000.0 82 85 87 88 85 84 83 82 86 82 
n175_04_simulated.txt 10.0 81000.0 68 67 69 69 74 72 72 77 72 68 
n175_05_simulated.txt 10.0 81000.0 85 84 88 83 83 86 90 83 84 85 
n175_06_simulated.txt 10.0 81000.0 59 59 55 56 60 54 60 58 61 55 
n175_07_simulated.txt 10.0 81000.0 93 90 90 94 92 94 94 95 91 99 
n175_08_simulated.txt 10.0 81000.0 76 75 70 75 73 69 68 74 71 71 
n175_09_simulated.txt 10.0 81000.0 81 82 76 82 78 75 81 82 81 78 
n175_010_simulated.txt 10.0 81000.0 66 72 66 71 73 65 71 68 69 74 
n200_02_simulated.txt 10.0 81000.0 84 90 85 89 86 84 83 85 89 93 
n200_03_simulated.txt 10.0 81000.0 93 88 90 91 93 86 92 93 96 90 
n200_04_simulated.txt 10.0 81000.0 91 90 87 84 84 88 85 83 91 86 
n200_05_simulated.txt 10.0 81000.0 107 106 107 113 112 102 107 106 108 106 
n200_06_simulated.txt 10.0 81000.0 95 92 93 90 94 97 97 93 95 92 
n200_07_simulated.txt 10.0 81000.0 86 89 92 90 87 87 87 92 89 93 
n200_08_simulated.txt 10.0 81000.0 102 99 96 94 100 97 97 101 104 99 
n200_09_simulated.txt 10.0 81000.0 117 119 117 120 117 118 115 118 115 121 
n200_010_simulated.txt 10.0 81000.0 103 107 108 105 108 108 106 106 101 104 
n125_01_simulated.txt 10.0 108000.0 27 24 28 25 29 30 30 28 27 25 
n125_02_simulated.txt 10.0 108000.0 35 35 34 33 36 39 37 36 39 36 
n125_03_simulated.txt 10.0 108000.0 45 45 44 46 45 43 46 46 42 47 
n125_04_simulated.txt 10.0 108000.0 31 28 29 28 28 28 34 27 32 27 
n125_05_simulated.txt 10.0 108000.0 34 37 45 29 31 39 32 31 33 38 
n125_06_simulated.txt 10.0 108000.0 24 34 23 24 25 30 30 25 27 21 
n125_07_simulated.txt 10.0 108000.0 34 34 32 29 31 31 28 31 32 31 
n125_08_simulated.txt 10.0 108000.0 35 38 35 35 36 36 37 35 38 34 
n125_09_simulated.txt 10.0 108000.0 47 45 48 49 49 44 50 44 45 47 
n125_010_simulated.txt 10.0 108000.0 40 39 37 35 39 44 39 39 37 39 
n150_01_simulated.txt 10.0 108000.0 58 56 56 56 57 57 55 54 56 55 
n150_02_simulated.txt 10.0 108000.0 42 37 35 35 35 35 36 39 35 35 
n150_03_simulated.txt 10.0 108000.0 66 65 68 69 63 72 71 66 66 67 
n150_04_simulated.txt 10.0 108000.0 59 62 60 58 58 56 57 59 55 56 
n150_05_simulated.txt 10.0 108000.0 59 64 63 62 61 59 60 63 56 59 
n150_06_simulated.txt 10.0 108000.0 59 59 57 59 58 57 62 61 63 59 
n150_07_simulated.txt 10.0 108000.0 43 47 46 48 53 48 45 43 44 48 
n150_08_simulated.txt 10.0 108000.0 78 76 79 79 81 79 77 81 78 78 
n150_09_simulated.txt 10.0 108000.0 55 59 59 61 59 55 57 58 61 58 
n150_010_simulated.txt 10.0 108000.0 44 42 42 44 42 42 41 41 40 40 
n175_01_simulated.txt 10.0 108000.0 78 81 76 78 76 83 81 76 80 78 
n175_02_simulated.txt 10.0 108000.0 69 65 64 68 63 65 62 67 62 64 
n175_03_simulated.txt 10.0 108000.0 85 84 85 82 83 87 84 80 81 84 
n175_04_simulated.txt 10.0 108000.0 76 67 74 72 70 71 72 72 70 75 
n175_05_simulated.txt 10.0 108000.0 86 85 82 82 85 85 83 85 81 81 
n175_06_simulated.txt 10.0 108000.0 58 57 57 55 61 59 59 59 54 56 
n175_07_simulated.txt 10.0 108000.0 93 91 94 93 94 93 96 96 90 95 
n175_08_simulated.txt 10.0 108000.0 79 71 71 73 72 72 71 75 73 72 
n175_09_simulated.txt 10.0 108000.0 83 80 84 81 79 78 78 80 77 77 
n175_010_simulated.txt 10.0 108000.0 68 70 68 74 71 72 73 69 75 70 
n200_02_simulated.txt 10.0 108000.0 92 89 88 91 89 84 88 85 85 89 
n200_03_simulated.txt 10.0 108000.0 89 92 94 89 101 90 92 87 91 92 
n200_04_simulated.txt 10.0 108000.0 81 81 87 87 82 83 84 85 85 84 
n200_05_simulated.txt 10.0 108000.0 105 106 106 105 103 106 106 110 109 108 
n200_06_simulated.txt 10.0 108000.0 93 93 92 95 89 91 93 88 92 90 
n200_07_simulated.txt 10.0 108000.0 88 88 87 87 87 85 86 86 92 88 
n200_08_simulated.txt 10.0 108000.0 99 98 101 96 99 97 101 103 100 106 
n200_09_simulated.txt 10.0 108000.0 115 118 116 118 118 112 116 115 115 114 
n200_010_simulated.txt 10.0 108000.0 104 104 102 105 106 106 104 105 103 106 
n125_01_simulated.txt 15.0 13500.0 38 36 39 35 34 40 40 33 36 36 
n125_02_simulated.txt 15.0 13500.0 42 41 42 42 42 41 41 42 45 43 
n125_03_simulated.txt 15.0 13500.0 54 56 50 55 52 50 55 55 55 52 
n125_04_simulated.txt 15.0 13500.0 35 39 38 37 37 34 36 35 36 37 
n125_05_simulated.txt 15.0 13500.0 46 44 45 44 44 43 43 39 46 44 
n125_06_simulated.txt 15.0 13500.0 34 36 38 38 35 36 35 33 38 32 
n125_07_simulated.txt 15.0 13500.0 39 43 39 41 40 37 42 39 43 42 
n125_08_simulated.txt 15.0 13500.0 45 42 44 43 46 42 45 41 45 46 
n125_09_simulated.txt 15.0 13500.0 52 53 50 57 53 53 55 51 54 55 
n125_010_simulated.txt 15.0 13500.0 44 51 44 46 48 44 45 43 43 46 
n150_01_simulated.txt 15.0 13500.0 61 65 60 66 62 62 67 60 61 61 
n150_02_simulated.txt 15.0 13500.0 45 47 50 46 48 47 47 44 46 44 
n150_03_simulated.txt 15.0 13500.0 68 68 70 70 65 71 69 69 73 73 
n150_04_simulated.txt 15.0 13500.0 62 67 67 63 64 65 64 64 67 68 
n150_05_simulated.txt 15.0 13500.0 66 66 66 66 65 64 71 66 65 63 
n150_06_simulated.txt 15.0 13500.0 67 61 66 67 64 63 64 68 64 63 
n150_07_simulated.txt 15.0 13500.0 56 55 57 56 56 53 55 56 59 58 
n150_08_simulated.txt 15.0 13500.0 82 79 82 87 83 82 86 86 86 86 
n150_09_simulated.txt 15.0 13500.0 67 65 64 66 63 65 69 64 64 64 
n150_010_simulated.txt 15.0 13500.0 48 50 53 51 53 50 50 57 55 54 
n175_01_simulated.txt 15.0 13500.0 82 86 81 85 84 83 80 81 83 87 
n175_02_simulated.txt 15.0 13500.0 72 70 72 70 69 75 66 71 73 73 
n175_03_simulated.txt 15.0 13500.0 86 84 89 87 90 85 87 90 83 91 
n175_04_simulated.txt 15.0 13500.0 76 78 78 73 77 72 75 79 77 74 
n175_05_simulated.txt 15.0 13500.0 91 89 89 82 91 88 90 90 87 89 
n175_06_simulated.txt 15.0 13500.0 67 64 66 60 64 64 62 61 66 64 
n175_07_simulated.txt 15.0 13500.0 97 99 96 96 96 93 97 99 98 96 
n175_08_simulated.txt 15.0 13500.0 84 77 78 77 81 77 80 79 77 79 
n175_09_simulated.txt 15.0 13500.0 86 83 84 81 81 81 87 84 85 83 
n175_010_simulated.txt 15.0 13500.0 74 70 80 75 80 75 80 73 74 76 
n200_02_simulated.txt 15.0 13500.0 91 91 90 94 90 91 92 93 94 94 
n200_03_simulated.txt 15.0 13500.0 98 99 98 97 100 96 93 96 98 93 
n200_04_simulated.txt 15.0 13500.0 94 89 84 90 94 87 90 89 85 89 
n200_05_simulated.txt 15.0 13500.0 109 113 112 112 111 107 108 107 110 107 
n200_06_simulated.txt 15.0 13500.0 94 92 91 94 102 96 91 98 95 93 
n200_07_simulated.txt 15.0 13500.0 94 92 92 96 94 98 92 91 89 94 
n200_08_simulated.txt 15.0 13500.0 107 105 101 111 104 102 105 104 102 108 
n200_09_simulated.txt 15.0 13500.0 118 129 119 121 121 123 121 122 117 125 
n200_010_simulated.txt 15.0 13500.0 107 107 109 114 110 109 110 110 110 103 
n125_01_simulated.txt 15.0 27000.0 30 29 29 30 31 25 29 26 31 33 
n125_02_simulated.txt 15.0 27000.0 34 34 36 38 37 38 38 37 38 33 
n125_03_simulated.txt 15.0 27000.0 47 45 47 44 44 44 49 45 49 46 
n125_04_simulated.txt 15.0 27000.0 29 30 30 30 29 29 31 30 31 28 
n125_05_simulated.txt 15.0 27000.0 35 35 38 35 34 32 35 35 39 32 
n125_06_simulated.txt 15.0 27000.0 27 27 28 28 31 28 28 30 28 26 
n125_07_simulated.txt 15.0 27000.0 32 31 34 33 30 33 35 29 34 31 
n125_08_simulated.txt 15.0 27000.0 38 40 36 37 38 39 38 36 39 37 
n125_09_simulated.txt 15.0 27000.0 50 43 51 43 45 44 50 44 43 45 
n125_010_simulated.txt 15.0 27000.0 38 39 41 34 38 36 41 37 40 38 
n150_01_simulated.txt 15.0 27000.0 54 56 53 58 56 58 59 53 55 53 
n150_02_simulated.txt 15.0 27000.0 35 32 34 37 39 38 39 38 39 34 
n150_03_simulated.txt 15.0 27000.0 64 59 65 63 62 71 66 63 62 63 
n150_04_simulated.txt 15.0 27000.0 62 57 62 62 57 54 60 59 57 57 
n150_05_simulated.txt 15.0 27000.0 57 58 60 60 62 65 55 59 57 58 
n150_06_simulated.txt 15.0 27000.0 58 59 56 55 55 55 55 56 54 51 
n150_07_simulated.txt 15.0 27000.0 46 49 42 44 50 42 42 41 45 46 
n150_08_simulated.txt 15.0 27000.0 73 71 80 73 76 73 79 76 71 81 
n150_09_simulated.txt 15.0 27000.0 57 55 58 58 53 54 60 59 59 56 
n150_010_simulated.txt 15.0 27000.0 44 45 44 42 41 43 42 43 40 41 
n175_01_simulated.txt 15.0 27000.0 74 77 72 74 70 77 76 71 78 76 
n175_02_simulated.txt 15.0 27000.0 63 62 59 63 66 63 60 65 60 58 
n175_03_simulated.txt 15.0 27000.0 78 80 79 83 78 85 80 85 80 80 
n175_04_simulated.txt 15.0 27000.0 66 68 68 68 67 65 67 65 66 65 
n175_05_simulated.txt 15.0 27000.0 79 76 80 82 85 81 83 79 82 81 
n175_06_simulated.txt 15.0 27000.0 57 58 58 56 61 55 57 55 53 57 
n175_07_simulated.txt 15.0 27000.0 89 89 87 93 90 87 88 91 89 92 
n175_08_simulated.txt 15.0 27000.0 67 71 66 68 68 69 70 69 67 72 
n175_09_simulated.txt 15.0 27000.0 81 77 74 77 72 79 76 78 76 77 
n175_010_simulated.txt 15.0 27000.0 69 64 69 69 64 70 64 61 70 64 
n200_02_simulated.txt 15.0 27000.0 85 85 82 85 89 88 84 86 84 88 
n200_03_simulated.txt 15.0 27000.0 85 93 90 84 93 94 89 91 84 84 
n200_04_simulated.txt 15.0 27000.0 84 79 83 76 84 77 78 82 77 80 
n200_05_simulated.txt 15.0 27000.0 105 102 101 101 102 106 102 106 105 102 
n200_06_simulated.txt 15.0 27000.0 86 85 87 85 91 84 82 86 88 90 
n200_07_simulated.txt 15.0 27000.0 91 88 86 88 85 87 89 87 83 85 
n200_08_simulated.txt 15.0 27000.0 97 96 99 93 93 92 98 101 101 101 
n200_09_simulated.txt 15.0 27000.0 115 114 106 117 112 106 109 116 113 112 
n200_010_simulated.txt 15.0 27000.0 102 99 103 102 103 100 100 99 101 103 
n125_01_simulated.txt 15.0 54000.0 24 26 28 26 24 27 24 26 28 23 
n125_02_simulated.txt 15.0 54000.0 34 34 30 33 33 30 36 31 35 33 
n125_03_simulated.txt 15.0 54000.0 40 39 44 42 37 47 44 42 38 43 
n125_04_simulated.txt 15.0 54000.0 29 31 26 28 23 27 23 27 25 30 
n125_05_simulated.txt 15.0 54000.0 29 29 30 28 29 31 30 29 27 28 
n125_06_simulated.txt 15.0 54000.0 20 24 19 17 24 24 22 24 21 22 
n125_07_simulated.txt 15.0 54000.0 29 30 29 31 27 30 30 32 29 29 
n125_08_simulated.txt 15.0 54000.0 33 30 36 35 36 34 33 31 37 37 
n125_09_simulated.txt 15.0 54000.0 40 42 46 41 46 44 42 41 39 44 
n125_010_simulated.txt 15.0 54000.0 35 29 34 32 30 36 40 37 34 33 
n150_01_simulated.txt 15.0 54000.0 53 55 47 54 48 52 47 49 52 56 
n150_02_simulated.txt 15.0 54000.0 33 34 32 31 36 33 33 31 34 32 
n150_03_simulated.txt 15.0 54000.0 58 61 64 61 61 58 61 59 61 60 
n150_04_simulated.txt 15.0 54000.0 51 50 49 55 50 50 48 51 52 54 
n150_05_simulated.txt 15.0 54000.0 51 52 54 56 56 54 51 56 49 58 
n150_06_simulated.txt 15.0 54000.0 44 48 48 51 51 47 52 50 50 50 
n150_07_simulated.txt 15.0 54000.0 39 48 37 46 38 40 40 43 42 44 
n150_08_simulated.txt 15.0 54000.0 66 76 69 75 71 68 73 75 73 72 
n150_09_simulated.txt 15.0 54000.0 53 51 47 51 50 50 47 49 58 50 
n150_010_simulated.txt 15.0 54000.0 41 41 38 36 39 40 38 38 38 34 
n175_01_simulated.txt 15.0 54000.0 72 68 71 74 71 72 76 68 73 76 
n175_02_simulated.txt 15.0 54000.0 61 52 56 64 55 58 62 61 57 59 
n175_03_simulated.txt 15.0 54000.0 77 77 80 82 80 78 77 75 79 75 
n175_04_simulated.txt 15.0 54000.0 67 61 67 63 67 65 64 66 61 62 
n175_05_simulated.txt 15.0 54000.0 77 80 78 78 80 78 77 80 79 76 
n175_06_simulated.txt 15.0 54000.0 55 61 50 53 54 56 51 54 54 55 
n175_07_simulated.txt 15.0 54000.0 85 85 88 90 85 87 89 86 84 87 
n175_08_simulated.txt 15.0 54000.0 67 67 70 66 67 67 63 68 67 67 
n175_09_simulated.txt 15.0 54000.0 76 77 77 78 76 69 74 69 70 73 
n175_010_simulated.txt 15.0 54000.0 61 69 59 63 61 66 62 65 67 62 
n200_02_simulated.txt 15.0 54000.0 80 81 82 80 80 82 84 83 78 82 
n200_03_simulated.txt 15.0 54000.0 85 84 83 85 84 88 86 84 91 86 
n200_04_simulated.txt 15.0 54000.0 82 79 74 83 77 77 79 81 80 81 
n200_05_simulated.txt 15.0 54000.0 98 100 102 95 102 98 102 101 98 99 
n200_06_simulated.txt 15.0 54000.0 87 84 86 83 85 90 82 87 84 87 
n200_07_simulated.txt 15.0 54000.0 87 85 85 82 86 82 86 86 87 85 
n200_08_simulated.txt 15.0 54000.0 92 93 92 96 93 96 86 90 90 102 
n200_09_simulated.txt 15.0 54000.0 111 108 109 110 111 107 114 111 112 110 
n200_010_simulated.txt 15.0 54000.0 96 97 97 100 99 99 97 103 99 101 
n125_01_simulated.txt 15.0 81000.0 22 23 21 23 24 21 23 22 21 21 
n125_02_simulated.txt 15.0 81000.0 30 30 30 31 28 32 26 31 27 35 
n125_03_simulated.txt 15.0 81000.0 35 35 34 38 39 37 38 38 40 36 
n125_04_simulated.txt 15.0 81000.0 21 26 21 25 24 22 30 27 20 26 
n125_05_simulated.txt 15.0 81000.0 26 24 24 28 30 28 27 23 29 26 
n125_06_simulated.txt 15.0 81000.0 30 23 27 23 22 20 25 21 23 21 
n125_07_simulated.txt 15.0 81000.0 30 22 27 26 28 30 27 27 28 28 
n125_08_simulated.txt 15.0 81000.0 30 29 27 32 29 29 30 33 25 29 
n125_09_simulated.txt 15.0 81000.0 37 40 42 42 38 44 47 39 42 38 
n125_010_simulated.txt 15.0 81000.0 24 29 29 28 33 37 27 35 32 34 
n150_01_simulated.txt 15.0 81000.0 49 49 54 48 47 45 43 53 47 51 
n150_02_simulated.txt 15.0 81000.0 29 35 30 33 29 35 31 32 34 36 
n150_03_simulated.txt 15.0 81000.0 59 56 55 56 59 59 56 57 60 58 
n150_04_simulated.txt 15.0 81000.0 50 50 49 48 51 52 54 48 56 47 
n150_05_simulated.txt 15.0 81000.0 53 51 51 53 49 56 57 58 50 52 
n150_06_simulated.txt 15.0 81000.0 50 48 44 47 47 46 48 50 43 52 
n150_07_simulated.txt 15.0 81000.0 39 36 40 37 40 40 41 43 41 41 
n150_08_simulated.txt 15.0 81000.0 69 66 68 68 73 70 72 72 66 69 
n150_09_simulated.txt 15.0 81000.0 52 47 52 53 52 52 54 52 56 53 
n150_010_simulated.txt 15.0 81000.0 38 38 35 38 37 39 37 42 37 35 
n175_01_simulated.txt 15.0 81000.0 72 72 77 71 69 72 72 73 66 68 
n175_02_simulated.txt 15.0 81000.0 57 57 56 58 59 57 53 56 57 58 
n175_03_simulated.txt 15.0 81000.0 76 76 73 78 78 74 78 78 74 73 
n175_04_simulated.txt 15.0 81000.0 62 60 68 64 66 63 61 64 64 66 
n175_05_simulated.txt 15.0 81000.0 76 74 78 78 75 77 75 75 76 77 
n175_06_simulated.txt 15.0 81000.0 52 52 50 52 52 55 55 51 55 52 
n175_07_simulated.txt 15.0 81000.0 85 84 87 86 86 90 82 91 86 85 
n175_08_simulated.txt 15.0 81000.0 65 67 63 65 66 65 68 65 63 65 
n175_09_simulated.txt 15.0 81000.0 70 74 76 74 70 73 72 72 71 74 
n175_010_simulated.txt 15.0 81000.0 59 61 58 62 64 59 61 63 62 58 
n200_02_simulated.txt 15.0 81000.0 80 79 84 80 81 80 76 79 83 82 
n200_03_simulated.txt 15.0 81000.0 83 86 84 89 84 86 85 83 89 88 
n200_04_simulated.txt 15.0 81000.0 78 75 80 85 74 76 77 75 81 79 
n200_05_simulated.txt 15.0 81000.0 93 95 102 97 94 99 99 91 99 96 
n200_06_simulated.txt 15.0 81000.0 81 79 81 82 83 83 85 79 84 80 
n200_07_simulated.txt 15.0 81000.0 85 85 82 84 79 81 85 82 85 82 
n200_08_simulated.txt 15.0 81000.0 92 96 91 92 97 92 90 91 89 90 
n200_09_simulated.txt 15.0 81000.0 108 109 106 108 109 111 111 108 112 109 
n200_010_simulated.txt 15.0 81000.0 92 95 101 95 96 97 100 96 95 98 
n125_01_simulated.txt 15.0 108000.0 20 14 18 20 20 21 23 21 22 24 
n125_02_simulated.txt 15.0 108000.0 33 28 29 30 31 34 29 27 28 28 
n125_03_simulated.txt 15.0 108000.0 35 39 33 37 33 35 35 42 34 35 
n125_04_simulated.txt 15.0 108000.0 24 24 20 19 21 19 24 24 18 25 
n125_05_simulated.txt 15.0 108000.0 29 24 31 23 25 24 25 25 21 21 
n125_06_simulated.txt 15.0 108000.0 23 19 22 25 17 20 22 18 28 20 
n125_07_simulated.txt 15.0 108000.0 27 26 25 27 24 24 23 32 31 25 
n125_08_simulated.txt 15.0 108000.0 28 30 28 27 30 28 28 27 26 32 
n125_09_simulated.txt 15.0 108000.0 45 39 39 38 39 41 38 40 39 39 
n125_010_simulated.txt 15.0 108000.0 34 30 32 32 31 26 31 31 33 30 
n150_01_simulated.txt 15.0 108000.0 44 45 48 48 47 44 44 44 51 57 
n150_02_simulated.txt 15.0 108000.0 28 34 32 32 31 31 33 30 37 35 
n150_03_simulated.txt 15.0 108000.0 60 60 57 58 60 57 58 55 55 60 
n150_04_simulated.txt 15.0 108000.0 48 47 54 49 51 47 55 48 50 47 
n150_05_simulated.txt 15.0 108000.0 54 52 52 53 52 48 54 52 52 53 
n150_06_simulated.txt 15.0 108000.0 45 48 45 48 54 44 53 49 48 48 
n150_07_simulated.txt 15.0 108000.0 39 39 39 37 35 35 41 42 38 39 
n150_08_simulated.txt 15.0 108000.0 69 68 72 69 66 72 68 67 73 69 
n150_09_simulated.txt 15.0 108000.0 49 50 51 50 52 48 45 49 52 47 
n150_010_simulated.txt 15.0 108000.0 35 39 35 35 36 40 39 37 37 35 
n175_01_simulated.txt 15.0 108000.0 71 70 67 73 69 71 65 68 68 69 
n175_02_simulated.txt 15.0 108000.0 57 59 51 53 58 55 55 55 54 54 
n175_03_simulated.txt 15.0 108000.0 76 72 76 78 75 75 75 77 80 76 
n175_04_simulated.txt 15.0 108000.0 60 63 64 65 64 64 64 63 66 56 
n175_05_simulated.txt 15.0 108000.0 79 74 77 75 80 75 74 73 74 78 
n175_06_simulated.txt 15.0 108000.0 53 51 54 53 51 51 51 53 54 51 
n175_07_simulated.txt 15.0 108000.0 86 84 88 84 85 83 84 83 85 90 
n175_08_simulated.txt 15.0 108000.0 65 68 66 62 66 68 64 66 64 62 
n175_09_simulated.txt 15.0 108000.0 73 74 72 77 71 72 71 70 72 75 
n175_010_simulated.txt 15.0 108000.0 65 60 59 60 63 59 60 56 62 59 
n200_02_simulated.txt 15.0 108000.0 77 76 76 74 81 81 79 77 83 78 
n200_03_simulated.txt 15.0 108000.0 82 84 82 83 80 85 83 88 82 84 
n200_04_simulated.txt 15.0 108000.0 75 78 75 75 78 74 76 72 76 74 
n200_05_simulated.txt 15.0 108000.0 96 97 98 100 96 96 99 103 98 102 
n200_06_simulated.txt 15.0 108000.0 82 81 80 80 83 81 83 85 83 82 
n200_07_simulated.txt 15.0 108000.0 80 79 83 82 82 84 80 81 86 86 
n200_08_simulated.txt 15.0 108000.0 94 89 90 92 90 86 91 93 92 90 
n200_09_simulated.txt 15.0 108000.0 107 106 110 107 106 104 107 106 108 105 
n200_010_simulated.txt 15.0 108000.0 97 94 96 96 94 100 96 96 98 96 
n125_01_simulated.txt 20.0 13500.0 36 33 34 36 37 37 35 39 34 39 
n125_02_simulated.txt 20.0 13500.0 44 43 43 43 41 40 41 40 43 44 
n125_03_simulated.txt 20.0 13500.0 52 52 50 51 54 53 54 55 53 56 
n125_04_simulated.txt 20.0 13500.0 36 36 37 36 35 37 37 34 34 35 
n125_05_simulated.txt 20.0 13500.0 41 44 38 38 45 44 44 41 37 44 
n125_06_simulated.txt 20.0 13500.0 31 34 34 33 31 33 34 33 34 35 
n125_07_simulated.txt 20.0 13500.0 36 40 38 42 40 39 39 37 43 35 
n125_08_simulated.txt 20.0 13500.0 44 44 42 40 41 42 43 41 43 42 
n125_09_simulated.txt 20.0 13500.0 54 56 50 51 52 55 53 55 59 55 
n125_010_simulated.txt 20.0 13500.0 44 47 45 47 43 43 45 42 45 46 
n150_01_simulated.txt 20.0 13500.0 62 63 60 61 62 62 61 59 60 61 
n150_02_simulated.txt 20.0 13500.0 42 44 40 43 43 42 41 41 45 43 
n150_03_simulated.txt 20.0 13500.0 68 71 70 70 70 70 70 70 68 67 
n150_04_simulated.txt 20.0 13500.0 63 59 61 63 67 66 66 65 60 60 
n150_05_simulated.txt 20.0 13500.0 63 67 65 62 66 63 66 63 71 64 
n150_06_simulated.txt 20.0 13500.0 58 62 63 65 65 58 62 62 61 64 
n150_07_simulated.txt 20.0 13500.0 51 55 53 57 50 56 49 51 52 50 
n150_08_simulated.txt 20.0 13500.0 81 84 81 84 86 84 83 85 84 79 
n150_09_simulated.txt 20.0 13500.0 66 65 65 65 63 67 67 65 66 60 
n150_010_simulated.txt 20.0 13500.0 47 49 47 47 47 47 49 48 49 54 
n175_01_simulated.txt 20.0 13500.0 82 80 79 78 79 81 86 82 80 88 
n175_02_simulated.txt 20.0 13500.0 67 64 69 68 67 69 64 68 68 71 
n175_03_simulated.txt 20.0 13500.0 85 87 84 84 86 82 81 84 90 82 
n175_04_simulated.txt 20.0 13500.0 72 73 71 70 75 75 72 72 73 68 
n175_05_simulated.txt 20.0 13500.0 85 86 86 85 88 86 88 87 84 86 
n175_06_simulated.txt 20.0 13500.0 65 63 61 61 61 62 62 64 60 64 
n175_07_simulated.txt 20.0 13500.0 98 92 96 92 99 95 91 92 94 91 
n175_08_simulated.txt 20.0 13500.0 73 77 75 76 76 76 81 80 77 71 
n175_09_simulated.txt 20.0 13500.0 84 82 82 82 76 83 83 73 81 85 
n175_010_simulated.txt 20.0 13500.0 71 73 70 76 72 72 71 67 72 69 
n200_02_simulated.txt 20.0 13500.0 89 89 91 84 85 91 89 88 93 89 
n200_03_simulated.txt 20.0 13500.0 91 94 93 95 98 97 94 93 92 95 
n200_04_simulated.txt 20.0 13500.0 88 95 88 87 88 84 87 89 84 90 
n200_05_simulated.txt 20.0 13500.0 109 110 110 112 112 105 112 108 110 111 
n200_06_simulated.txt 20.0 13500.0 91 93 93 91 95 97 95 92 99 96 
n200_07_simulated.txt 20.0 13500.0 90 93 90 93 87 91 97 91 91 91 
n200_08_simulated.txt 20.0 13500.0 102 103 98 100 105 103 101 104 102 100 
n200_09_simulated.txt 20.0 13500.0 118 117 121 115 116 120 117 119 119 123 
n200_010_simulated.txt 20.0 13500.0 109 103 107 108 110 108 112 109 111 109 
n125_01_simulated.txt 20.0 27000.0 31 25 26 30 27 29 30 27 31 27 
n125_02_simulated.txt 20.0 27000.0 36 34 39 38 33 38 37 36 37 36 
n125_03_simulated.txt 20.0 27000.0 44 44 42 40 42 44 44 44 43 44 
n125_04_simulated.txt 20.0 27000.0 29 30 29 29 29 31 28 31 26 31 
n125_05_simulated.txt 20.0 27000.0 28 34 31 35 33 30 33 29 36 30 
n125_06_simulated.txt 20.0 27000.0 25 27 25 28 23 27 26 24 29 21 
n125_07_simulated.txt 20.0 27000.0 35 31 30 32 30 28 33 34 30 31 
n125_08_simulated.txt 20.0 27000.0 35 36 40 39 36 36 37 35 35 36 
n125_09_simulated.txt 20.0 27000.0 45 45 44 46 41 41 43 45 43 44 
n125_010_simulated.txt 20.0 27000.0 33 34 35 34 36 37 32 39 37 33 
n150_01_simulated.txt 20.0 27000.0 50 49 51 50 54 53 49 49 50 55 
n150_02_simulated.txt 20.0 27000.0 36 35 33 34 35 33 35 33 37 30 
n150_03_simulated.txt 20.0 27000.0 60 59 59 61 59 63 62 62 62 58 
n150_04_simulated.txt 20.0 27000.0 53 48 54 56 50 53 55 55 54 54 
n150_05_simulated.txt 20.0 27000.0 57 57 54 52 52 51 58 55 52 54 
n150_06_simulated.txt 20.0 27000.0 50 51 50 48 53 48 53 53 54 59 
n150_07_simulated.txt 20.0 27000.0 43 44 40 38 42 42 38 43 42 48 
n150_08_simulated.txt 20.0 27000.0 72 69 68 65 81 73 72 72 75 70 
n150_09_simulated.txt 20.0 27000.0 58 50 56 55 52 54 59 54 53 51 
n150_010_simulated.txt 20.0 27000.0 41 40 41 40 38 43 39 38 38 38 
n175_01_simulated.txt 20.0 27000.0 74 69 71 68 74 67 74 75 67 75 
n175_02_simulated.txt 20.0 27000.0 63 57 65 53 56 60 60 58 58 59 
n175_03_simulated.txt 20.0 27000.0 77 75 76 82 74 72 75 73 76 79 
n175_04_simulated.txt 20.0 27000.0 65 63 65 60 64 62 62 65 65 60 
n175_05_simulated.txt 20.0 27000.0 77 76 75 79 78 78 75 76 80 77 
n175_06_simulated.txt 20.0 27000.0 52 53 54 54 55 55 51 53 54 51 
n175_07_simulated.txt 20.0 27000.0 88 86 89 86 89 90 89 86 87 83 
n175_08_simulated.txt 20.0 27000.0 67 68 64 69 69 68 65 65 69 66 
n175_09_simulated.txt 20.0 27000.0 74 69 73 77 71 73 74 70 72 74 
n175_010_simulated.txt 20.0 27000.0 58 65 63 66 63 62 63 66 61 63 
n200_02_simulated.txt 20.0 27000.0 77 80 79 81 78 87 76 78 75 79 
n200_03_simulated.txt 20.0 27000.0 80 82 84 81 81 87 85 79 89 83 
n200_04_simulated.txt 20.0 27000.0 78 76 81 78 78 75 81 75 79 78 
n200_05_simulated.txt 20.0 27000.0 99 101 91 101 97 101 99 99 95 101 
n200_06_simulated.txt 20.0 27000.0 87 88 79 82 83 83 86 82 84 82 
n200_07_simulated.txt 20.0 27000.0 86 86 87 85 81 85 81 87 85 85 
n200_08_simulated.txt 20.0 27000.0 90 91 91 91 87 92 88 92 98 95 
n200_09_simulated.txt 20.0 27000.0 113 109 108 109 107 104 110 105 112 107 
n200_010_simulated.txt 20.0 27000.0 100 99 96 95 94 98 99 105 94 95 
n125_01_simulated.txt 20.0 54000.0 25 25 19 24 24 18 27 20 22 24 
n125_02_simulated.txt 20.0 54000.0 28 34 31 27 29 33 31 30 26 33 
n125_03_simulated.txt 20.0 54000.0 37 39 35 36 38 40 38 34 34 34 
n125_04_simulated.txt 20.0 54000.0 21 24 21 29 25 24 23 20 27 22 
n125_05_simulated.txt 20.0 54000.0 23 27 24 22 28 24 29 27 28 26 
n125_06_simulated.txt 20.0 54000.0 23 21 23 30 22 23 22 23 22 21 
n125_07_simulated.txt 20.0 54000.0 26 29 27 30 26 27 23 30 29 28 
n125_08_simulated.txt 20.0 54000.0 25 27 30 29 26 28 26 26 30 25 
n125_09_simulated.txt 20.0 54000.0 37 37 33 37 34 34 36 42 36 38 
n125_010_simulated.txt 20.0 54000.0 24 33 28 29 26 31 31 33 29 34 
n150_01_simulated.txt 20.0 54000.0 45 46 47 52 44 46 48 49 47 47 
n150_02_simulated.txt 20.0 54000.0 30 31 37 34 35 31 35 36 33 31 
n150_03_simulated.txt 20.0 54000.0 58 60 57 59 58 58 60 56 52 56 
n150_04_simulated.txt 20.0 54000.0 45 46 56 50 43 49 50 54 49 43 
n150_05_simulated.txt 20.0 54000.0 46 48 53 54 51 49 51 48 53 48 
n150_06_simulated.txt 20.0 54000.0 42 47 43 49 49 41 43 46 46 45 
n150_07_simulated.txt 20.0 54000.0 36 36 37 39 43 41 35 39 40 39 
n150_08_simulated.txt 20.0 54000.0 65 63 60 66 64 70 65 59 63 64 
n150_09_simulated.txt 20.0 54000.0 50 49 52 50 51 45 48 51 47 49 
n150_010_simulated.txt 20.0 54000.0 42 39 36 39 37 35 32 34 33 33 
n175_01_simulated.txt 20.0 54000.0 63 67 69 59 62 63 63 62 64 70 
n175_02_simulated.txt 20.0 54000.0 58 57 58 51 52 57 55 56 54 55 
n175_03_simulated.txt 20.0 54000.0 76 78 73 75 69 70 72 73 73 73 
n175_04_simulated.txt 20.0 54000.0 54 55 59 59 59 59 60 56 59 58 
n175_05_simulated.txt 20.0 54000.0 72 76 78 73 70 74 68 67 72 73 
n175_06_simulated.txt 20.0 54000.0 49 45 50 54 50 50 53 50 48 49 
n175_07_simulated.txt 20.0 54000.0 82 83 85 81 85 80 81 81 83 85 
n175_08_simulated.txt 20.0 54000.0 62 60 65 61 62 63 63 62 64 64 
n175_09_simulated.txt 20.0 54000.0 69 65 70 67 60 69 67 68 73 68 
n175_010_simulated.txt 20.0 54000.0 54 53 55 58 60 52 52 55 61 60 
n200_02_simulated.txt 20.0 54000.0 75 75 75 75 70 72 72 69 72 74 
n200_03_simulated.txt 20.0 54000.0 85 78 78 82 85 78 75 74 75 80 
n200_04_simulated.txt 20.0 54000.0 76 75 72 72 70 76 73 73 78 74 
n200_05_simulated.txt 20.0 54000.0 90 96 92 91 101 94 88 93 93 95 
n200_06_simulated.txt 20.0 54000.0 77 75 75 80 75 84 79 86 79 80 
n200_07_simulated.txt 20.0 54000.0 74 78 82 78 86 81 80 77 81 85 
n200_08_simulated.txt 20.0 54000.0 84 87 90 89 84 88 83 85 86 85 
n200_09_simulated.txt 20.0 54000.0 101 106 101 105 102 104 102 106 103 107 
n200_010_simulated.txt 20.0 54000.0 93 94 94 91 87 89 89 90 88 90 
n125_01_simulated.txt 20.0 81000.0 22 19 20 18 17 19 20 21 18 19 
n125_02_simulated.txt 20.0 81000.0 32 30 23 29 25 28 33 27 31 30 
n125_03_simulated.txt 20.0 81000.0 38 28 34 35 30 33 28 34 28 34 
n125_04_simulated.txt 20.0 81000.0 16 21 17 24 16 17 20 19 20 23 
n125_05_simulated.txt 20.0 81000.0 21 22 25 25 25 24 26 23 26 21 
n125_06_simulated.txt 20.0 81000.0 21 21 17 18 20 21 20 21 19 19 
n125_07_simulated.txt 20.0 81000.0 25 21 22 23 26 27 22 22 26 24 
n125_08_simulated.txt 20.0 81000.0 34 23 29 23 26 28 27 27 25 26 
n125_09_simulated.txt 20.0 81000.0 37 37 38 33 39 34 36 32 34 38 
n125_010_simulated.txt 20.0 81000.0 27 26 25 23 28 33 28 26 29 23 
n150_01_simulated.txt 20.0 81000.0 46 40 41 42 42 41 41 44 44 38 
n150_02_simulated.txt 20.0 81000.0 30 27 31 30 31 24 29 31 29 31 
n150_03_simulated.txt 20.0 81000.0 53 47 54 52 56 52 50 54 59 56 
n150_04_simulated.txt 20.0 81000.0 41 45 43 46 46 45 45 42 45 42 
n150_05_simulated.txt 20.0 81000.0 44 43 44 41 44 47 51 47 40 43 
n150_06_simulated.txt 20.0 81000.0 46 45 44 39 41 40 41 43 45 49 
n150_07_simulated.txt 20.0 81000.0 33 37 34 35 32 39 39 34 35 33 
n150_08_simulated.txt 20.0 81000.0 66 64 66 57 58 61 57 69 67 68 
n150_09_simulated.txt 20.0 81000.0 45 43 43 43 43 46 44 41 43 43 
n150_010_simulated.txt 20.0 81000.0 31 40 33 36 39 34 33 32 33 34 
n175_01_simulated.txt 20.0 81000.0 69 60 61 64 62 60 65 58 67 65 
n175_02_simulated.txt 20.0 81000.0 51 54 47 52 54 50 50 48 54 49 
n175_03_simulated.txt 20.0 81000.0 73 72 71 68 70 70 69 68 73 73 
n175_04_simulated.txt 20.0 81000.0 58 58 61 58 56 60 55 57 61 59 
n175_05_simulated.txt 20.0 81000.0 71 66 69 70 68 71 70 78 70 70 
n175_06_simulated.txt 20.0 81000.0 45 50 47 48 50 54 52 47 46 45 
n175_07_simulated.txt 20.0 81000.0 78 79 78 80 79 76 79 83 84 81 
n175_08_simulated.txt 20.0 81000.0 56 58 59 62 64 59 59 61 64 57 
n175_09_simulated.txt 20.0 81000.0 66 71 66 62 66 71 68 63 62 64 
n175_010_simulated.txt 20.0 81000.0 53 54 55 51 57 55 56 57 56 55 
n200_02_simulated.txt 20.0 81000.0 77 74 73 72 72 70 70 72 69 75 
n200_03_simulated.txt 20.0 81000.0 80 77 77 80 79 71 77 74 79 73 
n200_04_simulated.txt 20.0 81000.0 72 70 72 67 71 76 69 68 71 72 
n200_05_simulated.txt 20.0 81000.0 90 90 90 89 96 85 94 93 90 92 
n200_06_simulated.txt 20.0 81000.0 77 73 71 82 78 81 74 79 79 78 
n200_07_simulated.txt 20.0 81000.0 80 77 75 73 77 73 78 75 82 79 
n200_08_simulated.txt 20.0 81000.0 86 91 89 83 89 85 92 86 86 87 
n200_09_simulated.txt 20.0 81000.0 101 98 98 100 99 106 101 102 101 102 
n200_010_simulated.txt 20.0 81000.0 94 91 90 92 91 93 93 93 83 93 
n125_01_simulated.txt 20.0 108000.0 18 25 13 23 16 21 23 19 16 19 
n125_02_simulated.txt 20.0 108000.0 24 22 29 30 24 30 23 23 27 27 
n125_03_simulated.txt 20.0 108000.0 28 31 31 27 37 32 40 39 31 33 
n125_04_simulated.txt 20.0 108000.0 17 20 20 19 25 12 18 23 19 23 
n125_05_simulated.txt 20.0 108000.0 26 20 22 24 25 25 23 18 24 26 
n125_06_simulated.txt 20.0 108000.0 20 18 11 16 13 18 18 18 18 22 
n125_07_simulated.txt 20.0 108000.0 18 17 22 25 21 23 21 27 22 19 
n125_08_simulated.txt 20.0 108000.0 22 25 20 24 25 19 26 24 28 29 
n125_09_simulated.txt 20.0 108000.0 39 31 37 39 33 26 33 35 32 34 
n125_010_simulated.txt 20.0 108000.0 22 23 26 26 23 26 26 26 23 23 
n150_01_simulated.txt 20.0 108000.0 46 38 46 47 37 37 37 43 46 38 
n150_02_simulated.txt 20.0 108000.0 28 29 25 26 27 28 30 26 34 25 
n150_03_simulated.txt 20.0 108000.0 52 50 46 50 51 54 50 54 48 57 
n150_04_simulated.txt 20.0 108000.0 42 43 47 43 46 46 41 46 38 40 
n150_05_simulated.txt 20.0 108000.0 49 45 48 42 41 47 45 47 42 44 
n150_06_simulated.txt 20.0 108000.0 39 38 43 41 45 38 43 40 42 42 
n150_07_simulated.txt 20.0 108000.0 33 31 32 34 28 34 32 33 33 29 
n150_08_simulated.txt 20.0 108000.0 58 61 58 63 67 62 58 53 58 63 
n150_09_simulated.txt 20.0 108000.0 48 45 41 40 46 45 46 39 40 43 
n150_010_simulated.txt 20.0 108000.0 26 28 30 36 38 33 32 31 33 31 
n175_01_simulated.txt 20.0 108000.0 63 68 57 60 64 65 62 64 64 65 
n175_02_simulated.txt 20.0 108000.0 48 50 56 47 50 47 44 47 50 52 
n175_03_simulated.txt 20.0 108000.0 64 68 73 71 71 68 68 68 73 71 
n175_04_simulated.txt 20.0 108000.0 55 58 57 57 53 53 56 61 56 59 
n175_05_simulated.txt 20.0 108000.0 73 68 69 66 68 69 71 69 67 63 
n175_06_simulated.txt 20.0 108000.0 50 50 47 46 48 42 50 50 52 49 
n175_07_simulated.txt 20.0 108000.0 78 77 78 78 77 82 78 76 80 80 
n175_08_simulated.txt 20.0 108000.0 58 59 58 61 57 56 63 60 63 58 
n175_09_simulated.txt 20.0 108000.0 65 65 68 62 66 66 67 69 65 61 
n175_010_simulated.txt 20.0 108000.0 53 55 55 57 57 58 58 52 55 53 
n200_02_simulated.txt 20.0 108000.0 74 69 73 72 69 76 69 73 67 72 
n200_03_simulated.txt 20.0 108000.0 82 79 73 78 73 77 76 78 72 77 
n200_04_simulated.txt 20.0 108000.0 79 72 70 74 72 73 68 70 71 68 
n200_05_simulated.txt 20.0 108000.0 89 87 93 90 89 90 92 89 92 93 
n200_06_simulated.txt 20.0 108000.0 76 73 77 82 75 77 78 72 76 77 
n200_07_simulated.txt 20.0 108000.0 80 70 77 77 76 77 76 82 79 84 
n200_08_simulated.txt 20.0 108000.0 85 86 82 90 84 81 81 83 83 81 
n200_09_simulated.txt 20.0 108000.0 99 103 97 100 100 103 94 97 103 106 
n200_010_simulated.txt 20.0 108000.0 91 94 88 91 89 88 84 86 93 89 
n125_01_simulated.txt 25.0 13500.0 34 34 39 35 37 33 34 33 35 36 
n125_02_simulated.txt 25.0 13500.0 43 42 39 40 42 42 41 42 41 40 
n125_03_simulated.txt 25.0 13500.0 52 53 51 54 50 50 53 50 50 52 
n125_04_simulated.txt 25.0 13500.0 37 33 35 33 35 35 31 38 37 37 
n125_05_simulated.txt 25.0 13500.0 42 42 43 43 44 42 38 44 43 45 
n125_06_simulated.txt 25.0 13500.0 39 33 30 30 32 27 32 32 30 29 
n125_07_simulated.txt 25.0 13500.0 37 35 37 38 40 39 37 37 38 37 
n125_08_simulated.txt 25.0 13500.0 40 41 41 41 41 41 43 41 40 38 
n125_09_simulated.txt 25.0 13500.0 52 51 54 53 53 53 51 51 57 53 
n125_010_simulated.txt 25.0 13500.0 47 44 49 48 46 49 43 45 45 42 
n150_01_simulated.txt 25.0 13500.0 62 60 61 61 61 62 58 60 63 64 
n150_02_simulated.txt 25.0 13500.0 42 40 43 45 42 47 44 43 46 44 
n150_03_simulated.txt 25.0 13500.0 71 67 70 70 67 67 67 70 68 67 
n150_04_simulated.txt 25.0 13500.0 62 63 64 64 64 60 66 64 65 61 
n150_05_simulated.txt 25.0 13500.0 63 66 64 66 66 66 67 60 61 63 
n150_06_simulated.txt 25.0 13500.0 60 65 58 62 64 63 61 65 59 61 
n150_07_simulated.txt 25.0 13500.0 52 54 55 49 56 50 54 52 54 49 
n150_08_simulated.txt 25.0 13500.0 82 84 81 79 81 83 84 80 80 76 
n150_09_simulated.txt 25.0 13500.0 60 63 58 64 64 60 62 62 60 62 
n150_010_simulated.txt 25.0 13500.0 49 47 47 53 51 50 49 47 53 45 
n175_01_simulated.txt 25.0 13500.0 81 78 80 80 81 79 81 83 77 78 
n175_02_simulated.txt 25.0 13500.0 69 66 69 67 68 69 65 69 65 67 
n175_03_simulated.txt 25.0 13500.0 84 87 86 89 81 86 82 83 84 85 
n175_04_simulated.txt 25.0 13500.0 70 71 70 73 73 71 73 68 70 75 
n175_05_simulated.txt 25.0 13500.0 88 85 86 89 85 84 84 81 87 87 
n175_06_simulated.txt 25.0 13500.0 59 61 63 63 59 60 60 62 61 60 
n175_07_simulated.txt 25.0 13500.0 96 97 94 92 90 91 92 94 91 96 
n175_08_simulated.txt 25.0 13500.0 76 82 78 75 78 72 72 77 75 75 
n175_09_simulated.txt 25.0 13500.0 79 77 81 80 82 83 80 79 83 83 
n175_010_simulated.txt 25.0 13500.0 69 71 69 68 69 73 69 74 71 68 
n200_02_simulated.txt 25.0 13500.0 89 92 87 85 87 83 92 80 88 91 
n200_03_simulated.txt 25.0 13500.0 91 93 93 86 91 89 91 91 89 89 
n200_04_simulated.txt 25.0 13500.0 81 86 85 87 87 90 89 85 86 89 
n200_05_simulated.txt 25.0 13500.0 107 106 104 107 109 109 105 112 107 108 
n200_06_simulated.txt 25.0 13500.0 87 92 91 92 92 93 90 90 88 88 
n200_07_simulated.txt 25.0 13500.0 92 93 96 92 95 93 93 91 93 92 
n200_08_simulated.txt 25.0 13500.0 100 100 104 97 97 108 101 104 103 100 
n200_09_simulated.txt 25.0 13500.0 119 115 119 114 113 116 118 118 115 120 
n200_010_simulated.txt 25.0 13500.0 107 101 104 101 102 104 108 108 105 106 
n125_01_simulated.txt 25.0 27000.0 26 26 28 27 28 25 24 28 25 23 
n125_02_simulated.txt 25.0 27000.0 33 32 35 38 34 33 35 33 30 35 
n125_03_simulated.txt 25.0 27000.0 44 40 42 37 42 38 39 39 40 41 
n125_04_simulated.txt 25.0 27000.0 24 27 34 26 28 22 26 31 31 28 
n125_05_simulated.txt 25.0 27000.0 28 30 27 32 28 35 34 35 33 31 
n125_06_simulated.txt 25.0 27000.0 23 24 27 26 24 28 22 22 24 26 
n125_07_simulated.txt 25.0 27000.0 28 30 30 32 27 29 33 26 34 32 
n125_08_simulated.txt 25.0 27000.0 35 31 30 36 34 32 35 35 29 39 
n125_09_simulated.txt 25.0 27000.0 38 43 40 39 42 42 45 43 42 38 
n125_010_simulated.txt 25.0 27000.0 34 28 29 35 34 35 33 30 33 29 
n150_01_simulated.txt 25.0 27000.0 54 53 52 51 49 52 47 49 50 49 
n150_02_simulated.txt 25.0 27000.0 34 32 32 31 36 36 36 34 31 30 
n150_03_simulated.txt 25.0 27000.0 64 61 61 59 56 57 58 56 61 59 
n150_04_simulated.txt 25.0 27000.0 50 46 53 51 52 50 51 52 46 48 
n150_05_simulated.txt 25.0 27000.0 51 54 51 54 52 51 52 53 55 52 
n150_06_simulated.txt 25.0 27000.0 51 55 51 51 50 45 51 48 54 49 
n150_07_simulated.txt 25.0 27000.0 39 36 40 36 36 40 43 38 39 38 
n150_08_simulated.txt 25.0 27000.0 68 70 66 72 66 68 70 67 68 67 
n150_09_simulated.txt 25.0 27000.0 48 51 53 53 52 57 52 53 48 54 
n150_010_simulated.txt 25.0 27000.0 39 39 38 37 36 36 39 35 37 40 
n175_01_simulated.txt 25.0 27000.0 66 65 68 66 67 69 68 64 67 68 
n175_02_simulated.txt 25.0 27000.0 54 60 55 56 60 54 55 50 56 56 
n175_03_simulated.txt 25.0 27000.0 72 72 76 75 75 73 72 73 76 75 
n175_04_simulated.txt 25.0 27000.0 65 63 59 61 59 62 63 59 65 59 
n175_05_simulated.txt 25.0 27000.0 76 78 76 75 70 75 75 75 80 76 
n175_06_simulated.txt 25.0 27000.0 54 53 53 53 49 52 54 55 50 55 
n175_07_simulated.txt 25.0 27000.0 78 88 85 84 83 83 81 84 79 84 
n175_08_simulated.txt 25.0 27000.0 68 67 64 64 60 65 65 67 64 65 
n175_09_simulated.txt 25.0 27000.0 65 73 66 66 70 68 68 68 69 68 
n175_010_simulated.txt 25.0 27000.0 58 54 58 59 60 57 61 62 62 59 
n200_02_simulated.txt 25.0 27000.0 77 78 75 76 73 73 76 78 71 73 
n200_03_simulated.txt 25.0 27000.0 81 74 77 81 78 78 82 78 76 80 
n200_04_simulated.txt 25.0 27000.0 75 72 77 72 72 74 78 68 73 74 
n200_05_simulated.txt 25.0 27000.0 99 93 96 95 96 96 97 97 97 96 
n200_06_simulated.txt 25.0 27000.0 80 80 77 79 82 77 78 85 81 77 
n200_07_simulated.txt 25.0 27000.0 83 79 76 78 85 76 84 81 80 81 
n200_08_simulated.txt 25.0 27000.0 89 94 89 89 86 86 89 89 91 89 
n200_09_simulated.txt 25.0 27000.0 105 108 103 107 102 105 104 107 104 104 
n200_010_simulated.txt 25.0 27000.0 96 94 95 96 92 96 97 95 96 91 
n125_01_simulated.txt 25.0 54000.0 17 23 18 21 22 20 21 24 19 22 
n125_02_simulated.txt 25.0 54000.0 26 27 27 25 31 27 29 33 25 27 
n125_03_simulated.txt 25.0 54000.0 30 36 34 39 31 29 33 34 41 36 
n125_04_simulated.txt 25.0 54000.0 21 21 22 27 25 23 20 20 24 20 
n125_05_simulated.txt 25.0 54000.0 27 27 23 23 27 25 28 30 23 21 
n125_06_simulated.txt 25.0 54000.0 20 19 18 17 18 17 16 23 19 22 
n125_07_simulated.txt 25.0 54000.0 24 24 30 28 22 22 25 26 24 26 
n125_08_simulated.txt 25.0 54000.0 23 23 22 30 29 28 31 27 29 30 
n125_09_simulated.txt 25.0 54000.0 32 32 36 38 36 32 33 35 35 36 
n125_010_simulated.txt 25.0 54000.0 28 28 30 33 29 26 27 29 27 26 
n150_01_simulated.txt 25.0 54000.0 46 45 37 43 41 41 44 42 47 44 
n150_02_simulated.txt 25.0 54000.0 34 30 30 27 33 31 28 30 34 27 
n150_03_simulated.txt 25.0 54000.0 51 60 43 52 51 59 55 46 50 53 
n150_04_simulated.txt 25.0 54000.0 44 43 42 44 45 49 44 42 41 44 
n150_05_simulated.txt 25.0 54000.0 47 43 45 44 47 45 47 43 45 48 
n150_06_simulated.txt 25.0 54000.0 46 39 40 40 38 45 39 43 42 43 
n150_07_simulated.txt 25.0 54000.0 37 35 35 36 39 32 34 33 36 33 
n150_08_simulated.txt 25.0 54000.0 60 61 63 63 62 60 60 54 59 63 
n150_09_simulated.txt 25.0 54000.0 45 47 44 44 43 41 45 40 43 43 
n150_010_simulated.txt 25.0 54000.0 32 35 35 39 33 35 35 35 30 36 
n175_01_simulated.txt 25.0 54000.0 54 59 60 60 62 63 66 61 59 57 
n175_02_simulated.txt 25.0 54000.0 48 51 46 52 50 50 50 49 49 50 
n175_03_simulated.txt 25.0 54000.0 68 70 67 72 67 67 71 68 67 63 
n175_04_simulated.txt 25.0 54000.0 57 56 58 56 56 55 55 53 54 57 
n175_05_simulated.txt 25.0 54000.0 68 62 71 64 71 64 63 65 65 67 
n175_06_simulated.txt 25.0 54000.0 51 53 43 45 52 51 46 54 45 49 
n175_07_simulated.txt 25.0 54000.0 83 82 81 81 76 80 84 78 75 79 
n175_08_simulated.txt 25.0 54000.0 52 63 63 56 57 61 56 62 57 63 
n175_09_simulated.txt 25.0 54000.0 59 66 61 64 64 61 61 63 66 65 
n175_010_simulated.txt 25.0 54000.0 51 50 58 50 53 53 52 52 53 52 
n200_02_simulated.txt 25.0 54000.0 75 71 73 65 66 76 64 71 68 70 
n200_03_simulated.txt 25.0 54000.0 76 77 73 78 78 74 78 72 78 73 
n200_04_simulated.txt 25.0 54000.0 69 67 73 66 70 62 73 70 70 73 
n200_05_simulated.txt 25.0 54000.0 82 87 79 88 88 86 88 90 84 84 
n200_06_simulated.txt 25.0 54000.0 75 73 73 78 70 72 74 71 81 76 
n200_07_simulated.txt 25.0 54000.0 83 80 75 74 80 79 76 79 74 77 
n200_08_simulated.txt 25.0 54000.0 84 87 85 84 84 81 85 84 82 85 
n200_09_simulated.txt 25.0 54000.0 100 96 105 95 92 100 91 100 96 95 
n200_010_simulated.txt 25.0 54000.0 86 87 85 86 82 89 87 90 86 88 
n125_01_simulated.txt 25.0 81000.0 22 19 23 23 15 20 23 19 17 22 
n125_02_simulated.txt 25.0 81000.0 23 24 22 33 24 23 25 21 36 22 
n125_03_simulated.txt 25.0 81000.0 26 30 35 33 29 34 28 33 35 30 
n125_04_simulated.txt 25.0 81000.0 21 21 16 20 18 14 23 19 20 21 
n125_05_simulated.txt 25.0 81000.0 18 19 22 23 24 25 19 23 29 20 
n125_06_simulated.txt 25.0 81000.0 16 16 16 17 20 18 18 21 15 21 
n125_07_simulated.txt 25.0 81000.0 22 20 17 25 19 20 23 25 27 19 
n125_08_simulated.txt 25.0 81000.0 26 22 21 24 22 29 22 25 22 27 
n125_09_simulated.txt 25.0 81000.0 29 27 35 31 30 28 36 34 30 27 
n125_010_simulated.txt 25.0 81000.0 21 21 26 26 20 28 26 24 19 25 
n150_01_simulated.txt 25.0 81000.0 44 42 42 37 41 40 47 45 39 45 
n150_02_simulated.txt 25.0 81000.0 28 34 35 22 27 31 27 32 28 23 
n150_03_simulated.txt 25.0 81000.0 51 48 50 49 54 51 50 52 43 45 
n150_04_simulated.txt 25.0 81000.0 41 45 40 44 42 40 39 44 46 39 
n150_05_simulated.txt 25.0 81000.0 41 38 38 41 45 42 40 41 41 46 
n150_06_simulated.txt 25.0 81000.0 41 41 35 33 37 35 35 37 45 33 
n150_07_simulated.txt 25.0 81000.0 26 36 30 28 31 32 29 30 29 31 
n150_08_simulated.txt 25.0 81000.0 54 56 57 59 55 53 52 54 52 49 
n150_09_simulated.txt 25.0 81000.0 37 44 41 38 41 37 41 37 36 40 
n150_010_simulated.txt 25.0 81000.0 37 35 30 31 31 30 30 36 29 33 
n175_01_simulated.txt 25.0 81000.0 56 60 57 53 58 59 63 56 55 57 
n175_02_simulated.txt 25.0 81000.0 47 45 49 48 52 46 47 45 48 53 
n175_03_simulated.txt 25.0 81000.0 71 65 70 69 61 65 63 66 64 67 
n175_04_simulated.txt 25.0 81000.0 52 53 55 50 51 52 51 53 52 50 
n175_05_simulated.txt 25.0 81000.0 65 68 64 64 59 69 56 58 60 62 
n175_06_simulated.txt 25.0 81000.0 47 49 46 47 44 47 46 41 46 47 
n175_07_simulated.txt 25.0 81000.0 75 76 75 75 74 78 76 73 73 74 
n175_08_simulated.txt 25.0 81000.0 57 56 58 59 65 55 55 54 61 57 
n175_09_simulated.txt 25.0 81000.0 65 61 59 59 56 55 57 61 60 58 
n175_010_simulated.txt 25.0 81000.0 45 51 48 51 48 49 50 48 49 51 
n200_02_simulated.txt 25.0 81000.0 64 66 70 73 69 68 70 71 67 71 
n200_03_simulated.txt 25.0 81000.0 70 77 70 74 70 75 72 71 78 74 
n200_04_simulated.txt 25.0 81000.0 71 65 63 67 65 63 70 61 68 66 
n200_05_simulated.txt 25.0 81000.0 83 85 84 88 88 89 85 83 77 92 
n200_06_simulated.txt 25.0 81000.0 75 73 73 72 74 76 75 71 72 73 
n200_07_simulated.txt 25.0 81000.0 77 78 75 73 77 69 74 74 71 69 
n200_08_simulated.txt 25.0 81000.0 85 85 80 83 84 82 82 81 84 78 
n200_09_simulated.txt 25.0 81000.0 97 95 95 95 96 94 92 88 95 94 
n200_010_simulated.txt 25.0 81000.0 79 85 82 81 82 87 85 84 82 83 
n125_01_simulated.txt 25.0 108000.0 16 18 18 15 16 18 19 15 16 12 
n125_02_simulated.txt 25.0 108000.0 24 26 22 21 24 17 25 26 22 23 
n125_03_simulated.txt 25.0 108000.0 31 23 28 36 28 32 29 28 31 33 
n125_04_simulated.txt 25.0 108000.0 20 19 20 20 14 22 20 21 19 19 
n125_05_simulated.txt 25.0 108000.0 21 24 18 18 19 20 23 17 26 18 
n125_06_simulated.txt 25.0 108000.0 17 14 15 17 17 19 15 16 22 16 
n125_07_simulated.txt 25.0 108000.0 17 17 11 17 19 24 18 15 20 28 
n125_08_simulated.txt 25.0 108000.0 23 19 30 31 20 21 23 21 26 19 
n125_09_simulated.txt 25.0 108000.0 29 34 28 32 30 33 27 33 31 28 
n125_010_simulated.txt 25.0 108000.0 23 18 22 24 23 24 20 25 29 20 
n150_01_simulated.txt 25.0 108000.0 37 43 40 37 33 34 38 36 36 37 
n150_02_simulated.txt 25.0 108000.0 32 26 19 32 29 28 29 26 16 21 
n150_03_simulated.txt 25.0 108000.0 51 45 47 51 52 46 42 51 49 44 
n150_04_simulated.txt 25.0 108000.0 36 37 42 39 38 37 40 40 43 32 
n150_05_simulated.txt 25.0 108000.0 36 40 41 42 39 46 33 44 37 43 
n150_06_simulated.txt 25.0 108000.0 38 34 36 33 37 39 32 37 33 34 
n150_07_simulated.txt 25.0 108000.0 30 25 25 31 31 29 24 29 30 31 
n150_08_simulated.txt 25.0 108000.0 50 60 55 54 47 49 57 54 53 52 
n150_09_simulated.txt 25.0 108000.0 37 31 41 40 38 39 43 38 44 37 
n150_010_simulated.txt 25.0 108000.0 22 37 33 33 33 31 29 35 26 31 
n175_01_simulated.txt 25.0 108000.0 55 55 60 53 53 57 57 54 54 56 
n175_02_simulated.txt 25.0 108000.0 41 44 48 42 44 49 48 45 47 50 
n175_03_simulated.txt 25.0 108000.0 61 64 67 65 60 61 70 63 58 62 
n175_04_simulated.txt 25.0 108000.0 55 51 48 47 56 58 51 54 53 56 
n175_05_simulated.txt 25.0 108000.0 67 58 59 58 58 60 54 63 58 62 
n175_06_simulated.txt 25.0 108000.0 46 46 49 46 49 41 39 36 49 49 
n175_07_simulated.txt 25.0 108000.0 77 71 68 68 77 72 71 70 71 68 
n175_08_simulated.txt 25.0 108000.0 55 50 60 54 55 51 49 54 53 51 
n175_09_simulated.txt 25.0 108000.0 55 59 59 56 56 60 57 56 66 57 
n175_010_simulated.txt 25.0 108000.0 50 49 51 45 49 47 46 49 45 54 
n200_02_simulated.txt 25.0 108000.0 63 68 66 66 65 60 66 63 64 62 
n200_03_simulated.txt 25.0 108000.0 76 70 72 69 73 68 72 75 72 73 
n200_04_simulated.txt 25.0 108000.0 69 64 71 68 62 68 63 64 68 63 
n200_05_simulated.txt 25.0 108000.0 77 84 80 82 81 79 84 83 80 80 
n200_06_simulated.txt 25.0 108000.0 72 76 67 68 73 73 74 73 75 70 
n200_07_simulated.txt 25.0 108000.0 72 75 81 76 71 82 73 78 75 73 
n200_08_simulated.txt 25.0 108000.0 79 74 80 76 83 79 77 82 79 79 
n200_09_simulated.txt 25.0 108000.0 92 92 87 88 87 88 90 93 95 99 
n200_010_simulated.txt 25.0 108000.0 80 84 87 83 80 78 77 78 84 84 
