filename U E #1 #2 #3 #4 #5 #6 #7 #8 #9 #10
g_250.txt 5.0 27000.0 38 38 38 38 38 38 38 38 38 38 
g_300.txt 5.0 27000.0 28 28 28 28 28 28 28 28 28 28 
g_350.txt 5.0 27000.0 56 56 56 56 56 56 56 56 56 56 
g_400.txt 5.0 27000.0 113 113 113 113 113 113 113 113 113 113 
g_450.txt 5.0 27000.0 231 231 231 231 231 231 231 231 231 231 
g_475.txt 5.0 27000.0 237 237 237 237 237 237 237 237 237 237 
g_500.txt 5.0 27000.0 279 279 279 279 279 279 279 279 279 279 
g_250.txt 5.0 54000.0 37 37 37 37 37 37 37 37 37 37 
g_300.txt 5.0 54000.0 27 27 27 27 27 27 27 27 27 27 
g_350.txt 5.0 54000.0 55 55 55 55 55 55 55 55 55 55 
g_400.txt 5.0 54000.0 112 112 112 112 112 112 112 112 112 112 
g_450.txt 5.0 54000.0 228 228 228 228 228 228 228 228 228 228 
g_475.txt 5.0 54000.0 238 238 238 238 238 238 238 238 238 238 
g_500.txt 5.0 54000.0 279 279 279 279 279 279 279 279 279 279 
g_250.txt 5.0 108000.0 37 37 37 37 37 37 37 37 37 37 
g_300.txt 5.0 108000.0 26 26 26 26 26 26 26 26 26 26 
g_350.txt 5.0 108000.0 56 56 56 56 56 56 56 56 56 56 
g_400.txt 5.0 108000.0 115 115 115 115 115 115 115 115 115 115 
g_450.txt 5.0 108000.0 230 230 230 230 230 230 230 230 230 230 
g_475.txt 5.0 108000.0 238 238 238 238 238 238 238 238 238 238 
g_500.txt 5.0 108000.0 281 281 281 281 281 281 281 281 281 281 
g_250.txt 5.0 216000.0 37 37 37 37 37 37 37 37 37 37 
g_300.txt 5.0 216000.0 26 26 26 26 26 26 26 26 26 26 
g_350.txt 5.0 216000.0 56 56 56 56 56 56 56 56 56 56 
g_400.txt 5.0 216000.0 116 116 116 116 116 116 116 116 116 116 
g_450.txt 5.0 216000.0 226 226 226 226 226 226 226 226 226 226 
g_475.txt 5.0 216000.0 237 237 237 237 237 237 237 237 237 237 
g_500.txt 5.0 216000.0 281 281 281 281 281 281 281 281 281 281 
g_250.txt 5.0 432000.0 37 37 37 37 37 37 37 37 37 37 
g_300.txt 5.0 432000.0 27 27 27 27 27 27 27 27 27 27 
g_350.txt 5.0 432000.0 56 56 56 56 56 56 56 56 56 56 
g_400.txt 5.0 432000.0 115 115 115 115 115 115 115 115 115 115 
g_450.txt 5.0 432000.0 226 226 226 226 226 226 226 226 226 226 
g_475.txt 5.0 432000.0 237 237 237 237 237 237 237 237 237 237 
g_500.txt 5.0 432000.0 281 281 281 281 281 281 281 281 281 281 
g_250.txt 5.0 560000.0 37 37 37 37 37 37 37 37 37 37 
g_300.txt 5.0 560000.0 27 27 27 27 27 27 27 27 27 27 
g_350.txt 5.0 560000.0 56 56 56 56 56 56 56 56 56 56 
g_400.txt 5.0 560000.0 115 115 115 115 115 115 115 115 115 115 
g_450.txt 5.0 560000.0 226 226 226 226 226 226 226 226 226 226 
g_475.txt 5.0 560000.0 237 237 237 237 237 237 237 237 237 237 
g_500.txt 5.0 560000.0 281 281 281 281 281 281 281 281 281 281 
g_250.txt 10.0 27000.0 23 24 24 24 24 24 24 24 24 24 
g_300.txt 10.0 27000.0 22 22 22 22 22 22 22 22 22 22 
g_350.txt 10.0 27000.0 44 44 44 44 44 44 44 44 44 44 
g_400.txt 10.0 27000.0 99 99 99 99 99 99 99 99 99 99 
g_450.txt 10.0 27000.0 215 215 215 215 215 215 215 215 215 215 
g_475.txt 10.0 27000.0 222 222 222 222 222 222 222 222 222 222 
g_500.txt 10.0 27000.0 265 265 265 265 265 265 265 265 265 265 
g_250.txt 10.0 54000.0 21 25 25 25 25 25 25 25 25 25 
g_300.txt 10.0 54000.0 17 17 17 17 17 17 17 17 17 17 
g_350.txt 10.0 54000.0 42 42 42 42 42 42 42 42 42 42 
g_400.txt 10.0 54000.0 97 97 97 97 97 97 97 97 97 97 
g_450.txt 10.0 54000.0 214 214 214 214 214 214 214 214 214 214 
g_475.txt 10.0 54000.0 222 222 222 222 222 222 222 222 222 222 
g_500.txt 10.0 54000.0 266 266 266 266 266 266 266 266 266 266 
g_250.txt 10.0 108000.0 20 23 23 23 23 23 23 23 23 23 
g_300.txt 10.0 108000.0 16 16 16 16 16 16 16 16 16 16 
g_350.txt 10.0 108000.0 41 41 41 41 41 41 41 41 41 41 
g_400.txt 10.0 108000.0 97 97 97 97 97 97 97 97 97 97 
g_450.txt 10.0 108000.0 214 214 214 214 214 214 214 214 214 214 
g_475.txt 10.0 108000.0 221 221 221 221 221 221 221 221 221 221 
g_500.txt 10.0 108000.0 265 265 265 265 265 265 265 265 265 265 
g_250.txt 10.0 216000.0 20 22 22 22 22 22 22 22 22 22 
g_300.txt 10.0 216000.0 16 16 16 16 16 16 16 16 16 16 
g_350.txt 10.0 216000.0 40 40 40 40 40 40 40 40 40 40 
g_400.txt 10.0 216000.0 98 98 98 98 98 98 98 98 98 98 
g_450.txt 10.0 216000.0 214 214 214 214 214 214 214 214 214 214 
g_475.txt 10.0 216000.0 223 223 223 223 223 223 223 223 223 223 
g_500.txt 10.0 216000.0 264 264 264 264 264 264 264 264 264 264 
g_250.txt 10.0 432000.0 21 18 18 18 18 18 18 18 18 18 
g_300.txt 10.0 432000.0 14 14 14 14 14 14 14 14 14 14 
g_350.txt 10.0 432000.0 40 40 40 40 40 40 40 40 40 40 
g_400.txt 10.0 432000.0 97 97 97 97 97 97 97 97 97 97 
g_450.txt 10.0 432000.0 215 215 215 215 215 215 215 215 215 215 
g_475.txt 10.0 432000.0 223 223 223 223 223 223 223 223 223 223 
g_500.txt 10.0 432000.0 265 265 265 265 265 265 265 265 265 265 
g_250.txt 10.0 560000.0 20 18 18 18 18 18 18 18 18 18 
g_300.txt 10.0 560000.0 14 14 14 14 14 14 14 14 14 14 
g_350.txt 10.0 560000.0 40 40 40 40 40 40 40 40 40 40 
g_400.txt 10.0 560000.0 97 97 97 97 97 97 97 97 97 97 
g_450.txt 10.0 560000.0 213 213 213 213 213 213 213 213 213 213 
g_475.txt 10.0 560000.0 222 222 222 222 222 222 222 222 222 222 
g_500.txt 10.0 560000.0 264 264 264 264 264 264 264 264 264 264 
g_250.txt 15.0 27000.0 19 19 19 19 19 19 19 19 19 19 
g_300.txt 15.0 27000.0 18 18 18 18 18 18 18 18 18 18 
g_350.txt 15.0 27000.0 35 35 35 35 35 35 35 35 35 35 
g_400.txt 15.0 27000.0 87 87 87 87 87 87 87 87 87 87 
g_450.txt 15.0 27000.0 204 204 204 204 204 204 204 204 204 204 
g_475.txt 15.0 27000.0 210 210 210 210 210 210 210 210 210 210 
g_500.txt 15.0 27000.0 252 252 252 252 252 252 252 252 252 252 
g_250.txt 15.0 54000.0 13 17 17 17 17 17 17 17 17 17 
g_300.txt 15.0 54000.0 16 16 16 16 16 16 16 16 16 16 
g_350.txt 15.0 54000.0 34 34 34 34 34 34 34 34 34 34 
g_400.txt 15.0 54000.0 85 85 85 85 85 85 85 85 85 85 
g_450.txt 15.0 54000.0 202 202 202 202 202 202 202 202 202 202 
g_475.txt 15.0 54000.0 210 210 210 210 210 210 210 210 210 210 
g_500.txt 15.0 54000.0 252 252 252 252 252 252 252 252 252 252 
g_250.txt 15.0 108000.0 9 10 10 10 10 10 10 10 10 10 
g_300.txt 15.0 108000.0 11 11 11 11 11 11 11 11 11 11 
g_350.txt 15.0 108000.0 30 30 30 30 30 30 30 30 30 30 
g_400.txt 15.0 108000.0 86 86 86 86 86 86 86 86 86 86 
g_450.txt 15.0 108000.0 201 201 201 201 201 201 201 201 201 201 
g_475.txt 15.0 108000.0 211 211 211 211 211 211 211 211 211 211 
g_500.txt 15.0 108000.0 250 250 250 250 250 250 250 250 250 250 
g_250.txt 15.0 216000.0 6 7 7 7 7 7 7 7 7 7 
g_300.txt 15.0 216000.0 8 8 8 8 8 8 8 8 8 8 
g_350.txt 15.0 216000.0 29 29 29 29 29 29 29 29 29 29 
g_400.txt 15.0 216000.0 83 83 83 83 83 83 83 83 83 83 
g_450.txt 15.0 216000.0 200 200 200 200 200 200 200 200 200 200 
g_475.txt 15.0 216000.0 207 207 207 207 207 207 207 207 207 207 
g_500.txt 15.0 216000.0 251 251 251 251 251 251 251 251 251 251 
g_250.txt 15.0 432000.0 5 7 7 7 7 7 7 7 7 7 
g_300.txt 15.0 432000.0 7 7 7 7 7 7 7 7 7 7 
g_350.txt 15.0 432000.0 29 29 29 29 29 29 29 29 29 29 
g_400.txt 15.0 432000.0 84 84 84 84 84 84 84 84 84 84 
g_450.txt 15.0 432000.0 197 197 197 197 197 197 197 197 197 197 
g_475.txt 15.0 432000.0 207 207 207 207 207 207 207 207 207 207 
g_500.txt 15.0 432000.0 250 250 250 250 250 250 250 250 250 250 
g_250.txt 15.0 560000.0 7 6 6 6 6 6 6 6 6 6 
g_300.txt 15.0 560000.0 7 7 7 7 7 7 7 7 7 7 
g_350.txt 15.0 560000.0 26 26 26 26 26 26 26 26 26 26 
g_400.txt 15.0 560000.0 84 84 84 84 84 84 84 84 84 84 
g_450.txt 15.0 560000.0 200 200 200 200 200 200 200 200 200 200 
g_475.txt 15.0 560000.0 208 208 208 208 208 208 208 208 208 208 
g_500.txt 15.0 560000.0 251 251 251 251 251 251 251 251 251 251 
g_250.txt 20.0 27000.0 17 21 21 21 21 21 21 21 21 21 
g_300.txt 20.0 27000.0 11 11 11 11 11 11 11 11 11 11 
g_350.txt 20.0 27000.0 32 32 32 32 32 32 32 32 32 32 
g_400.txt 20.0 27000.0 76 76 76 76 76 76 76 76 76 76 
g_450.txt 20.0 27000.0 192 192 192 192 192 192 192 192 192 192 
g_475.txt 20.0 27000.0 204 204 204 204 204 204 204 204 204 204 
g_500.txt 20.0 27000.0 244 244 244 244 244 244 244 244 244 244 
g_250.txt 20.0 54000.0 13 13 13 13 13 13 13 13 13 13 
g_300.txt 20.0 54000.0 13 13 13 13 13 13 13 13 13 13 
g_350.txt 20.0 54000.0 26 26 26 26 26 26 26 26 26 26 
g_400.txt 20.0 54000.0 75 75 75 75 75 75 75 75 75 75 
g_450.txt 20.0 54000.0 187 187 187 187 187 187 187 187 187 187 
g_475.txt 20.0 54000.0 194 194 194 194 194 194 194 194 194 194 
g_500.txt 20.0 54000.0 239 239 239 239 239 239 239 239 239 239 
g_250.txt 20.0 108000.0 5 6 6 6 6 6 6 6 6 6 
g_300.txt 20.0 108000.0 8 8 8 8 8 8 8 8 8 8 
g_350.txt 20.0 108000.0 24 24 24 24 24 24 24 24 24 24 
g_400.txt 20.0 108000.0 78 78 78 78 78 78 78 78 78 78 
g_450.txt 20.0 108000.0 188 188 188 188 188 188 188 188 188 188 
g_475.txt 20.0 108000.0 195 195 195 195 195 195 195 195 195 195 
g_500.txt 20.0 108000.0 237 237 237 237 237 237 237 237 237 237 
g_250.txt 20.0 216000.0 2 2 2 2 2 2 2 2 2 2 
g_300.txt 20.0 216000.0 6 6 6 6 6 6 6 6 6 6 
g_350.txt 20.0 216000.0 15 15 15 15 15 15 15 15 15 15 
g_400.txt 20.0 216000.0 72 72 72 72 72 72 72 72 72 72 
g_450.txt 20.0 216000.0 185 185 185 185 185 185 185 185 185 185 
g_475.txt 20.0 216000.0 196 196 196 196 196 196 196 196 196 196 
g_500.txt 20.0 216000.0 236 236 236 236 236 236 236 236 236 236 
g_250.txt 20.0 432000.0 2 2 2 2 2 2 2 2 2 2 
g_300.txt 20.0 432000.0 2 2 2 2 2 2 2 2 2 2 
g_350.txt 20.0 432000.0 16 16 16 16 16 16 16 16 16 16 
g_400.txt 20.0 432000.0 68 68 68 68 68 68 68 68 68 68 
g_450.txt 20.0 432000.0 182 182 182 182 182 182 182 182 182 182 
g_475.txt 20.0 432000.0 193 193 193 193 193 193 193 193 193 193 
g_500.txt 20.0 432000.0 237 237 237 237 237 237 237 237 237 237 
g_250.txt 20.0 560000.0 1 5 5 5 5 5 5 5 5 5 
g_300.txt 20.0 560000.0 1 1 1 1 1 1 1 1 1 1 
g_350.txt 20.0 560000.0 17 17 17 17 17 17 17 17 17 17 
g_400.txt 20.0 560000.0 69 69 69 69 69 69 69 69 69 69 
g_450.txt 20.0 560000.0 187 187 187 187 187 187 187 187 187 187 
g_475.txt 20.0 560000.0 196 196 196 196 196 196 196 196 196 196 
g_500.txt 20.0 560000.0 236 236 236 236 236 236 236 236 236 236 
g_250.txt 25.0 27000.0 15 19 19 19 19 19 19 19 19 19 
g_300.txt 25.0 27000.0 12 12 12 12 12 12 12 12 12 12 
g_350.txt 25.0 27000.0 28 28 28 28 28 28 28 28 28 28 
g_400.txt 25.0 27000.0 70 70 70 70 70 70 70 70 70 70 
g_450.txt 25.0 27000.0 183 183 183 183 183 183 183 183 183 183 
g_475.txt 25.0 27000.0 194 194 194 194 194 194 194 194 194 194 
g_500.txt 25.0 27000.0 236 236 236 236 236 236 236 236 236 236 
g_250.txt 25.0 54000.0 6 10 10 10 10 10 10 10 10 10 
g_300.txt 25.0 54000.0 9 9 9 9 9 9 9 9 9 9 
g_350.txt 25.0 54000.0 27 27 27 27 27 27 27 27 27 27 
g_400.txt 25.0 54000.0 64 64 64 64 64 64 64 64 64 64 
g_450.txt 25.0 54000.0 176 176 176 176 176 176 176 176 176 176 
g_475.txt 25.0 54000.0 187 187 187 187 187 187 187 187 187 187 
g_500.txt 25.0 54000.0 227 227 227 227 227 227 227 227 227 227 
g_250.txt 25.0 108000.0 5 4 4 4 4 4 4 4 4 4 
g_300.txt 25.0 108000.0 7 7 7 7 7 7 7 7 7 7 
g_350.txt 25.0 108000.0 16 16 16 16 16 16 16 16 16 16 
g_400.txt 25.0 108000.0 58 58 58 58 58 58 58 58 58 58 
g_450.txt 25.0 108000.0 178 178 178 178 178 178 178 178 178 178 
g_475.txt 25.0 108000.0 184 184 184 184 184 184 184 184 184 184 
g_500.txt 25.0 108000.0 226 226 226 226 226 226 226 226 226 226 
g_250.txt 25.0 216000.0 3 2 2 2 2 2 2 2 2 2 
g_300.txt 25.0 216000.0 5 5 5 5 5 5 5 5 5 5 
g_350.txt 25.0 216000.0 12 12 12 12 12 12 12 12 12 12 
g_400.txt 25.0 216000.0 55 55 55 55 55 55 55 55 55 55 
g_450.txt 25.0 216000.0 175 175 175 175 175 175 175 175 175 175 
g_475.txt 25.0 216000.0 182 182 182 182 182 182 182 182 182 182 
g_500.txt 25.0 216000.0 224 224 224 224 224 224 224 224 224 224 
g_250.txt 25.0 432000.0 3 2 2 2 2 2 2 2 2 2 
g_300.txt 25.0 432000.0 1 1 1 1 1 1 1 1 1 1 
g_350.txt 25.0 432000.0 11 11 11 11 11 11 11 11 11 11 
g_400.txt 25.0 432000.0 58 58 58 58 58 58 58 58 58 58 
g_450.txt 25.0 432000.0 173 173 173 173 173 173 173 173 173 173 
g_475.txt 25.0 432000.0 181 181 181 181 181 181 181 181 181 181 
g_500.txt 25.0 432000.0 229 229 229 229 229 229 229 229 229 229 
g_250.txt 25.0 560000.0 1 2 2 2 2 2 2 2 2 2 
g_300.txt 25.0 560000.0 1 1 1 1 1 1 1 1 1 1 
g_350.txt 25.0 560000.0 11 11 11 11 11 11 11 11 11 11 
g_400.txt 25.0 560000.0 57 57 57 57 57 57 57 57 57 57 
g_450.txt 25.0 560000.0 172 172 172 172 172 172 172 172 172 172 
g_475.txt 25.0 560000.0 180 180 180 180 180 180 180 180 180 180 
g_500.txt 25.0 560000.0 224 224 224 224 224 224 224 224 224 224 
