filename U E #1 #2 #3 #4 #5 #6 #7 #8 #9 #10
gr125_01_simulated.txt 2.0 13500.0 35 37 35 35 34 36 38 38 35 35 
gr125_02_simulated.txt 2.0 13500.0 11 12 9 15 9 9 9 10 10 10 
gr125_03_simulated.txt 2.0 13500.0 26 28 28 27 27 25 27 29 26 30 
gr125_04_simulated.txt 2.0 13500.0 14 14 15 15 17 15 15 14 15 15 
gr125_05_simulated.txt 2.0 13500.0 35 34 34 35 34 34 33 36 36 36 
gr125_06_simulated.txt 2.0 13500.0 28 27 32 28 30 29 30 30 29 30 
gr125_07_simulated.txt 2.0 13500.0 31 33 35 35 33 32 32 35 33 32 
gr125_08_simulated.txt 2.0 13500.0 13 17 15 13 14 12 15 11 15 13 
gr125_09_simulated.txt 2.0 13500.0 24 19 20 19 18 28 17 22 22 25 
gr125_010_simulated.txt 2.0 13500.0 32 22 30 30 29 28 26 22 31 31 
gr150_01_simulated.txt 2.0 13500.0 22 22 23 20 22 22 19 22 21 19 
gr150_02_simulated.txt 2.0 13500.0 34 35 31 30 36 33 29 30 27 28 
gr150_03_simulated.txt 2.0 13500.0 26 23 25 26 26 27 24 23 22 25 
gr150_04_simulated.txt 2.0 13500.0 13 17 12 13 13 13 12 12 14 14 
gr150_05_simulated.txt 2.0 13500.0 25 24 24 26 26 29 25 25 24 23 
gr150_06_simulated.txt 2.0 13500.0 28 28 25 29 26 27 24 24 25 27 
gr150_07_simulated.txt 2.0 13500.0 32 33 27 30 28 26 30 33 30 30 
gr150_08_simulated.txt 2.0 13500.0 19 17 18 18 16 16 17 15 19 17 
gr150_09_simulated.txt 2.0 13500.0 23 21 23 29 24 25 23 26 27 24 
gr150_010_simulated.txt 2.0 13500.0 12 13 14 11 13 12 13 11 16 15 
gr175_01_simulated.txt 2.0 13500.0 36 34 39 36 36 35 40 36 36 35 
gr175_02_simulated.txt 2.0 13500.0 42 38 38 39 41 43 40 40 39 43 
gr175_03_simulated.txt 2.0 13500.0 51 52 49 49 49 52 48 45 48 50 
gr175_04_simulated.txt 2.0 13500.0 32 30 33 32 32 30 35 30 30 33 
gr175_05_simulated.txt 2.0 13500.0 48 49 59 52 50 51 50 48 52 52 
gr175_06_simulated.txt 2.0 13500.0 40 41 40 43 44 47 47 41 41 44 
gr175_07_simulated.txt 2.0 13500.0 32 33 31 33 32 29 32 29 29 31 
gr175_08_simulated.txt 2.0 13500.0 51 50 48 53 47 49 48 49 49 49 
gr175_09_simulated.txt 2.0 13500.0 50 49 49 48 49 46 47 50 48 50 
gr175_010_simulated.txt 2.0 13500.0 47 47 46 48 46 48 51 48 51 49 
gr200_01_simulated.txt 2.0 13500.0 63 64 65 62 60 64 58 68 60 65 
gr200_04_simulated.txt 2.0 13500.0 56 56 56 53 59 58 53 55 58 56 
gr200_05_simulated.txt 2.0 13500.0 78 77 72 78 73 75 77 75 78 73 
gr200_06_simulated.txt 2.0 13500.0 73 74 76 72 74 78 78 79 75 76 
gr200_07_simulated.txt 2.0 13500.0 72 70 72 68 71 69 69 71 73 70 
gr200_08_simulated.txt 2.0 13500.0 65 62 65 65 63 64 62 61 60 61 
gr200_09_simulated.txt 2.0 13500.0 71 71 71 73 79 72 73 76 73 73 
gr200_010_simulated.txt 2.0 13500.0 53 55 57 46 51 46 53 50 55 50 
gr125_01_simulated.txt 2.0 27000.0 34 35 36 34 34 35 33 35 31 36 
gr125_02_simulated.txt 2.0 27000.0 9 15 10 9 8 7 9 11 12 9 
gr125_03_simulated.txt 2.0 27000.0 32 30 28 31 28 25 24 28 26 26 
gr125_04_simulated.txt 2.0 27000.0 15 15 15 15 16 15 16 15 15 15 
gr125_05_simulated.txt 2.0 27000.0 33 31 35 33 33 33 34 33 33 34 
gr125_06_simulated.txt 2.0 27000.0 30 29 29 31 28 29 28 30 28 28 
gr125_07_simulated.txt 2.0 27000.0 30 33 33 34 32 31 30 33 30 31 
gr125_08_simulated.txt 2.0 27000.0 17 12 14 14 13 13 11 14 12 14 
gr125_09_simulated.txt 2.0 27000.0 19 22 17 11 9 13 7 23 21 27 
gr125_010_simulated.txt 2.0 27000.0 29 22 31 22 32 28 27 31 29 30 
gr150_01_simulated.txt 2.0 27000.0 18 20 19 20 19 19 19 21 18 20 
gr150_02_simulated.txt 2.0 27000.0 29 29 32 30 31 30 33 30 33 32 
gr150_03_simulated.txt 2.0 27000.0 27 25 24 25 21 25 24 23 26 24 
gr150_04_simulated.txt 2.0 27000.0 14 14 13 15 16 13 14 15 14 15 
gr150_05_simulated.txt 2.0 27000.0 23 26 23 22 24 25 23 27 29 24 
gr150_06_simulated.txt 2.0 27000.0 27 27 30 24 25 25 24 26 24 27 
gr150_07_simulated.txt 2.0 27000.0 33 33 27 32 29 30 29 30 30 26 
gr150_08_simulated.txt 2.0 27000.0 16 17 14 15 16 15 19 14 16 19 
gr150_09_simulated.txt 2.0 27000.0 26 24 25 27 23 28 23 24 23 21 
gr150_010_simulated.txt 2.0 27000.0 14 10 13 12 11 14 12 13 11 12 
gr175_01_simulated.txt 2.0 27000.0 37 34 42 37 36 33 33 35 35 36 
gr175_02_simulated.txt 2.0 27000.0 37 40 39 41 42 38 36 39 40 36 
gr175_03_simulated.txt 2.0 27000.0 49 52 50 50 50 51 52 47 45 48 
gr175_04_simulated.txt 2.0 27000.0 30 33 33 31 29 35 30 32 33 32 
gr175_05_simulated.txt 2.0 27000.0 46 48 49 49 49 44 46 44 48 51 
gr175_06_simulated.txt 2.0 27000.0 40 47 41 38 41 43 41 43 46 45 
gr175_07_simulated.txt 2.0 27000.0 34 30 31 32 31 30 30 32 32 29 
gr175_08_simulated.txt 2.0 27000.0 44 48 48 46 47 43 45 44 46 48 
gr175_09_simulated.txt 2.0 27000.0 45 48 49 44 42 46 43 48 45 48 
gr175_010_simulated.txt 2.0 27000.0 50 46 45 48 48 46 51 47 45 49 
gr200_01_simulated.txt 2.0 27000.0 65 67 61 70 62 63 66 63 62 63 
gr200_04_simulated.txt 2.0 27000.0 59 59 56 56 55 55 55 55 54 59 
gr200_05_simulated.txt 2.0 27000.0 74 73 72 75 74 75 73 73 76 72 
gr200_06_simulated.txt 2.0 27000.0 73 71 71 75 73 77 73 72 72 72 
gr200_07_simulated.txt 2.0 27000.0 71 71 68 73 72 76 72 70 77 73 
gr200_08_simulated.txt 2.0 27000.0 66 67 63 66 61 65 65 60 61 63 
gr200_09_simulated.txt 2.0 27000.0 73 76 71 70 74 74 73 73 72 71 
gr200_010_simulated.txt 2.0 27000.0 49 52 50 50 50 52 53 54 52 51 
gr125_01_simulated.txt 2.0 54000.0 32 35 32 32 33 33 32 33 32 33 
gr125_02_simulated.txt 2.0 54000.0 7 7 10 9 7 8 10 9 8 9 
gr125_03_simulated.txt 2.0 54000.0 26 25 29 27 31 28 26 26 27 29 
gr125_04_simulated.txt 2.0 54000.0 16 16 18 15 14 14 16 15 14 16 
gr125_05_simulated.txt 2.0 54000.0 32 31 32 31 30 31 31 30 31 32 
gr125_06_simulated.txt 2.0 54000.0 28 28 27 28 30 29 30 28 29 30 
gr125_07_simulated.txt 2.0 54000.0 31 33 30 31 33 30 34 32 31 32 
gr125_08_simulated.txt 2.0 54000.0 15 15 10 13 15 13 11 14 14 13 
gr125_09_simulated.txt 2.0 54000.0 24 23 19 23 14 18 19 13 17 12 
gr125_010_simulated.txt 2.0 54000.0 26 31 18 24 28 28 30 23 23 26 
gr150_01_simulated.txt 2.0 54000.0 20 20 20 19 18 16 18 21 22 19 
gr150_02_simulated.txt 2.0 54000.0 29 31 30 30 26 33 26 28 28 27 
gr150_03_simulated.txt 2.0 54000.0 24 21 26 22 24 23 22 25 24 23 
gr150_04_simulated.txt 2.0 54000.0 12 11 11 11 12 11 12 9 11 9 
gr150_05_simulated.txt 2.0 54000.0 23 24 23 23 23 27 24 25 22 27 
gr150_06_simulated.txt 2.0 54000.0 27 27 25 24 25 24 26 29 23 24 
gr150_07_simulated.txt 2.0 54000.0 29 29 27 33 29 30 27 29 30 24 
gr150_08_simulated.txt 2.0 54000.0 16 15 15 14 16 16 13 16 15 15 
gr150_09_simulated.txt 2.0 54000.0 22 22 22 24 21 21 21 22 20 19 
gr150_010_simulated.txt 2.0 54000.0 12 12 11 12 11 11 17 11 15 14 
gr175_01_simulated.txt 2.0 54000.0 36 35 36 33 35 35 36 36 36 38 
gr175_02_simulated.txt 2.0 54000.0 38 37 39 40 36 39 41 38 40 38 
gr175_03_simulated.txt 2.0 54000.0 47 48 51 50 51 50 48 46 47 45 
gr175_04_simulated.txt 2.0 54000.0 29 34 29 32 31 32 32 33 35 30 
gr175_05_simulated.txt 2.0 54000.0 43 55 46 48 58 53 47 47 43 53 
gr175_06_simulated.txt 2.0 54000.0 41 41 42 44 39 37 44 42 41 40 
gr175_07_simulated.txt 2.0 54000.0 32 31 30 28 29 32 29 33 33 31 
gr175_08_simulated.txt 2.0 54000.0 53 49 41 49 53 45 42 46 45 50 
gr175_09_simulated.txt 2.0 54000.0 43 43 46 49 43 51 48 46 47 43 
gr175_010_simulated.txt 2.0 54000.0 48 50 47 46 47 44 46 46 51 49 
gr200_01_simulated.txt 2.0 54000.0 64 65 60 60 58 70 64 65 58 66 
gr200_04_simulated.txt 2.0 54000.0 57 58 55 56 52 58 56 54 57 55 
gr200_05_simulated.txt 2.0 54000.0 74 77 71 72 75 74 77 73 74 72 
gr200_06_simulated.txt 2.0 54000.0 76 73 72 70 75 69 73 70 74 72 
gr200_07_simulated.txt 2.0 54000.0 72 74 68 69 69 71 69 73 74 70 
gr200_08_simulated.txt 2.0 54000.0 60 63 64 62 63 67 66 61 66 61 
gr200_09_simulated.txt 2.0 54000.0 75 68 70 70 71 69 70 75 69 77 
gr200_010_simulated.txt 2.0 54000.0 54 50 53 50 54 53 53 54 52 54 
gr125_01_simulated.txt 2.0 81000.0 32 33 32 33 32 31 35 33 33 34 
gr125_02_simulated.txt 2.0 81000.0 6 10 9 12 12 11 6 8 9 10 
gr125_03_simulated.txt 2.0 81000.0 30 29 25 29 27 27 29 25 26 29 
gr125_04_simulated.txt 2.0 81000.0 14 15 14 15 14 16 14 12 15 15 
gr125_05_simulated.txt 2.0 81000.0 30 32 30 32 31 31 31 32 31 31 
gr125_06_simulated.txt 2.0 81000.0 29 30 28 30 29 29 26 31 27 32 
gr125_07_simulated.txt 2.0 81000.0 33 30 34 30 33 34 32 32 34 32 
gr125_08_simulated.txt 2.0 81000.0 13 15 12 13 12 15 12 13 13 16 
gr125_09_simulated.txt 2.0 81000.0 10 20 13 18 20 16 23 15 23 17 
gr125_010_simulated.txt 2.0 81000.0 25 27 25 21 27 26 22 20 27 29 
gr150_01_simulated.txt 2.0 81000.0 21 19 24 18 17 21 19 18 18 21 
gr150_02_simulated.txt 2.0 81000.0 31 27 30 29 28 34 29 28 32 30 
gr150_03_simulated.txt 2.0 81000.0 26 27 24 24 23 25 25 25 25 24 
gr150_04_simulated.txt 2.0 81000.0 8 10 10 10 9 13 13 11 12 9 
gr150_05_simulated.txt 2.0 81000.0 24 24 22 24 22 23 24 24 24 24 
gr150_06_simulated.txt 2.0 81000.0 24 23 26 21 25 26 22 24 25 23 
gr150_07_simulated.txt 2.0 81000.0 27 30 32 27 25 23 29 31 28 32 
gr150_08_simulated.txt 2.0 81000.0 13 14 16 16 15 16 15 14 15 16 
gr150_09_simulated.txt 2.0 81000.0 26 21 23 24 24 23 26 23 25 23 
gr150_010_simulated.txt 2.0 81000.0 12 13 13 14 14 13 12 14 13 12 
gr175_01_simulated.txt 2.0 81000.0 35 34 33 31 33 34 35 37 36 31 
gr175_02_simulated.txt 2.0 81000.0 40 38 41 40 39 39 38 38 39 39 
gr175_03_simulated.txt 2.0 81000.0 50 52 50 48 51 52 46 46 48 49 
gr175_04_simulated.txt 2.0 81000.0 31 33 33 29 28 31 29 33 32 32 
gr175_05_simulated.txt 2.0 81000.0 52 44 52 45 47 44 47 53 54 49 
gr175_06_simulated.txt 2.0 81000.0 45 39 43 41 41 42 41 39 41 39 
gr175_07_simulated.txt 2.0 81000.0 32 32 30 30 34 31 33 32 34 30 
gr175_08_simulated.txt 2.0 81000.0 48 48 39 46 44 49 48 41 44 44 
gr175_09_simulated.txt 2.0 81000.0 46 50 43 41 42 45 44 51 45 47 
gr175_010_simulated.txt 2.0 81000.0 49 46 49 49 43 47 49 47 49 50 
gr200_01_simulated.txt 2.0 81000.0 66 65 67 61 66 61 61 65 61 62 
gr200_04_simulated.txt 2.0 81000.0 57 52 57 55 57 59 53 56 52 53 
gr200_05_simulated.txt 2.0 81000.0 74 69 76 73 74 73 76 75 75 76 
gr200_06_simulated.txt 2.0 81000.0 69 71 74 78 76 72 70 71 78 74 
gr200_07_simulated.txt 2.0 81000.0 71 72 69 70 69 71 68 72 66 69 
gr200_08_simulated.txt 2.0 81000.0 61 66 62 62 62 67 62 67 63 66 
gr200_09_simulated.txt 2.0 81000.0 73 70 68 69 74 76 72 73 72 74 
gr200_010_simulated.txt 2.0 81000.0 51 56 47 54 48 53 51 47 51 51 
gr125_01_simulated.txt 2.0 108000.0 32 32 31 33 32 31 33 31 32 32 
gr125_02_simulated.txt 2.0 108000.0 7 9 9 12 7 10 11 7 8 8 
gr125_03_simulated.txt 2.0 108000.0 28 28 30 26 28 28 29 29 28 26 
gr125_04_simulated.txt 2.0 108000.0 15 14 14 14 14 15 15 14 13 14 
gr125_05_simulated.txt 2.0 108000.0 29 31 31 32 32 33 31 31 31 31 
gr125_06_simulated.txt 2.0 108000.0 27 31 28 27 29 30 32 26 28 28 
gr125_07_simulated.txt 2.0 108000.0 31 31 33 33 31 30 35 31 32 33 
gr125_08_simulated.txt 2.0 108000.0 11 12 11 12 12 13 11 14 12 16 
gr125_09_simulated.txt 2.0 108000.0 23 13 26 23 24 27 13 13 12 20 
gr125_010_simulated.txt 2.0 108000.0 19 28 28 28 27 26 20 26 24 26 
gr150_01_simulated.txt 2.0 108000.0 22 20 20 19 19 21 19 21 19 20 
gr150_02_simulated.txt 2.0 108000.0 31 29 27 32 33 27 32 25 29 27 
gr150_03_simulated.txt 2.0 108000.0 23 27 25 23 26 25 24 24 23 24 
gr150_04_simulated.txt 2.0 108000.0 11 10 10 9 10 11 13 12 12 10 
gr150_05_simulated.txt 2.0 108000.0 23 24 23 23 25 24 25 23 22 23 
gr150_06_simulated.txt 2.0 108000.0 27 26 23 25 23 24 26 23 25 27 
gr150_07_simulated.txt 2.0 108000.0 31 27 32 25 24 28 32 28 29 28 
gr150_08_simulated.txt 2.0 108000.0 14 15 13 15 16 17 15 15 14 15 
gr150_09_simulated.txt 2.0 108000.0 24 26 26 22 28 23 23 23 27 26 
gr150_010_simulated.txt 2.0 108000.0 13 10 12 13 11 11 11 12 12 14 
gr175_01_simulated.txt 2.0 108000.0 37 32 34 35 35 32 32 34 35 32 
gr175_02_simulated.txt 2.0 108000.0 39 39 39 42 40 40 40 42 42 38 
gr175_03_simulated.txt 2.0 108000.0 46 49 48 46 52 50 50 45 50 47 
gr175_04_simulated.txt 2.0 108000.0 33 34 32 32 29 30 32 35 28 32 
gr175_05_simulated.txt 2.0 108000.0 43 49 52 48 46 43 49 46 50 48 
gr175_06_simulated.txt 2.0 108000.0 39 42 42 43 43 40 44 38 39 41 
gr175_07_simulated.txt 2.0 108000.0 32 29 32 32 33 32 32 33 28 33 
gr175_08_simulated.txt 2.0 108000.0 51 47 49 46 47 49 49 45 49 46 
gr175_09_simulated.txt 2.0 108000.0 45 43 45 46 46 50 48 48 44 45 
gr175_010_simulated.txt 2.0 108000.0 48 46 47 48 47 51 50 45 48 48 
gr200_01_simulated.txt 2.0 108000.0 57 61 60 66 64 63 66 69 65 61 
gr200_04_simulated.txt 2.0 108000.0 52 57 54 60 53 57 52 56 57 59 
gr200_05_simulated.txt 2.0 108000.0 77 76 70 72 77 72 75 71 72 72 
gr200_06_simulated.txt 2.0 108000.0 74 71 73 76 73 67 70 72 71 73 
gr200_07_simulated.txt 2.0 108000.0 74 69 70 68 73 70 68 69 71 66 
gr200_08_simulated.txt 2.0 108000.0 64 62 65 63 61 60 62 65 59 67 
gr200_09_simulated.txt 2.0 108000.0 72 73 74 71 76 77 67 68 74 75 
gr200_010_simulated.txt 2.0 108000.0 48 50 55 50 54 49 50 52 46 51 
gr125_01_simulated.txt 5.0 13500.0 33 34 34 34 34 34 34 32 35 34 
gr125_02_simulated.txt 5.0 13500.0 10 9 11 10 10 9 9 10 10 9 
gr125_03_simulated.txt 5.0 13500.0 28 27 29 28 28 28 26 26 29 28 
gr125_04_simulated.txt 5.0 13500.0 14 15 14 14 15 15 15 15 15 15 
gr125_05_simulated.txt 5.0 13500.0 33 34 35 35 33 34 33 31 32 33 
gr125_06_simulated.txt 5.0 13500.0 28 25 28 25 26 27 29 28 27 26 
gr125_07_simulated.txt 5.0 13500.0 30 31 30 29 29 26 33 30 27 30 
gr125_08_simulated.txt 5.0 13500.0 14 13 16 12 13 16 12 14 13 14 
gr125_09_simulated.txt 5.0 13500.0 20 17 25 24 24 23 25 22 23 25 
gr125_010_simulated.txt 5.0 13500.0 30 30 31 29 31 30 32 30 31 31 
gr150_01_simulated.txt 5.0 13500.0 20 12 20 20 16 16 21 19 15 19 
gr150_02_simulated.txt 5.0 13500.0 29 27 28 25 27 26 25 30 27 25 
gr150_03_simulated.txt 5.0 13500.0 21 23 22 22 25 22 22 24 22 23 
gr150_04_simulated.txt 5.0 13500.0 14 17 13 12 12 15 11 12 11 9 
gr150_05_simulated.txt 5.0 13500.0 25 23 21 24 24 23 22 22 28 24 
gr150_06_simulated.txt 5.0 13500.0 26 25 24 24 25 24 25 24 27 26 
gr150_07_simulated.txt 5.0 13500.0 29 29 29 25 33 28 26 31 34 28 
gr150_08_simulated.txt 5.0 13500.0 16 15 16 16 14 16 16 15 14 18 
gr150_09_simulated.txt 5.0 13500.0 21 24 20 21 19 20 24 19 24 24 
gr150_010_simulated.txt 5.0 13500.0 12 12 12 12 11 11 11 12 15 12 
gr175_01_simulated.txt 5.0 13500.0 31 29 32 31 32 32 35 30 34 32 
gr175_02_simulated.txt 5.0 13500.0 40 33 38 35 39 37 39 38 37 36 
gr175_03_simulated.txt 5.0 13500.0 44 51 45 42 41 45 44 47 43 46 
gr175_04_simulated.txt 5.0 13500.0 29 28 31 27 30 27 26 27 29 28 
gr175_05_simulated.txt 5.0 13500.0 47 46 49 46 48 49 43 48 49 45 
gr175_06_simulated.txt 5.0 13500.0 38 38 40 40 40 37 37 39 40 42 
gr175_07_simulated.txt 5.0 13500.0 28 27 26 30 25 30 27 26 28 26 
gr175_08_simulated.txt 5.0 13500.0 40 42 46 44 43 44 41 46 40 49 
gr175_09_simulated.txt 5.0 13500.0 45 46 40 44 46 44 49 40 40 43 
gr175_010_simulated.txt 5.0 13500.0 46 43 40 44 38 41 43 39 43 44 
gr200_01_simulated.txt 5.0 13500.0 59 61 60 59 61 61 60 59 57 55 
gr200_04_simulated.txt 5.0 13500.0 53 52 50 49 53 52 53 50 49 48 
gr200_05_simulated.txt 5.0 13500.0 67 67 69 67 69 68 66 71 68 67 
gr200_06_simulated.txt 5.0 13500.0 67 70 71 68 70 69 68 66 68 68 
gr200_07_simulated.txt 5.0 13500.0 65 65 67 66 67 70 67 65 69 65 
gr200_08_simulated.txt 5.0 13500.0 59 59 58 58 63 63 54 54 63 59 
gr200_09_simulated.txt 5.0 13500.0 62 67 66 67 66 62 68 64 66 68 
gr200_010_simulated.txt 5.0 13500.0 49 48 46 49 48 47 48 48 48 50 
gr125_01_simulated.txt 5.0 27000.0 36 35 35 34 35 34 34 36 35 36 
gr125_02_simulated.txt 5.0 27000.0 12 9 10 9 9 9 10 9 9 9 
gr125_03_simulated.txt 5.0 27000.0 24 21 27 25 27 22 20 22 20 21 
gr125_04_simulated.txt 5.0 27000.0 13 13 13 13 13 14 14 14 13 14 
gr125_05_simulated.txt 5.0 27000.0 33 33 32 34 34 33 33 32 33 33 
gr125_06_simulated.txt 5.0 27000.0 26 23 28 23 26 24 26 29 25 27 
gr125_07_simulated.txt 5.0 27000.0 30 30 26 30 29 26 31 28 30 29 
gr125_08_simulated.txt 5.0 27000.0 11 13 12 12 11 11 11 12 11 11 
gr125_09_simulated.txt 5.0 27000.0 19 26 27 26 28 29 23 27 24 23 
gr125_010_simulated.txt 5.0 27000.0 29 29 30 29 29 29 30 29 31 29 
gr150_01_simulated.txt 5.0 27000.0 14 13 14 14 15 13 14 13 14 16 
gr150_02_simulated.txt 5.0 27000.0 23 27 24 24 22 27 21 22 24 22 
gr150_03_simulated.txt 5.0 27000.0 20 19 18 19 18 22 20 20 18 21 
gr150_04_simulated.txt 5.0 27000.0 9 11 10 9 7 9 11 8 8 9 
gr150_05_simulated.txt 5.0 27000.0 19 20 19 18 20 19 20 21 20 20 
gr150_06_simulated.txt 5.0 27000.0 22 21 22 22 23 21 22 21 24 23 
gr150_07_simulated.txt 5.0 27000.0 29 25 26 26 24 27 25 27 28 26 
gr150_08_simulated.txt 5.0 27000.0 12 13 16 16 13 13 14 12 13 14 
gr150_09_simulated.txt 5.0 27000.0 17 20 16 22 23 19 20 16 18 17 
gr150_010_simulated.txt 5.0 27000.0 10 12 11 11 10 8 10 10 9 11 
gr175_01_simulated.txt 5.0 27000.0 31 31 30 29 32 36 28 30 28 31 
gr175_02_simulated.txt 5.0 27000.0 34 33 33 36 33 31 34 34 35 34 
gr175_03_simulated.txt 5.0 27000.0 41 43 39 42 44 40 43 43 44 41 
gr175_04_simulated.txt 5.0 27000.0 27 30 26 26 30 26 27 27 29 28 
gr175_05_simulated.txt 5.0 27000.0 35 46 44 44 44 47 43 44 35 41 
gr175_06_simulated.txt 5.0 27000.0 31 38 36 41 32 34 37 35 36 37 
gr175_07_simulated.txt 5.0 27000.0 26 24 25 25 23 27 26 26 25 25 
gr175_08_simulated.txt 5.0 27000.0 42 43 43 47 43 41 41 43 48 39 
gr175_09_simulated.txt 5.0 27000.0 43 41 44 40 40 41 46 45 46 39 
gr175_010_simulated.txt 5.0 27000.0 43 43 40 38 40 45 43 40 44 38 
gr200_01_simulated.txt 5.0 27000.0 61 59 61 55 54 58 56 61 57 53 
gr200_04_simulated.txt 5.0 27000.0 48 47 48 53 46 50 52 49 47 52 
gr200_05_simulated.txt 5.0 27000.0 64 68 66 70 73 69 69 66 65 64 
gr200_06_simulated.txt 5.0 27000.0 69 64 68 70 69 62 64 66 67 70 
gr200_07_simulated.txt 5.0 27000.0 65 63 64 64 68 66 64 64 69 62 
gr200_08_simulated.txt 5.0 27000.0 56 60 54 56 56 63 52 55 58 54 
gr200_09_simulated.txt 5.0 27000.0 66 67 70 69 67 64 65 69 59 67 
gr200_010_simulated.txt 5.0 27000.0 46 46 46 46 46 46 43 50 43 47 
gr125_01_simulated.txt 5.0 54000.0 30 31 31 31 30 30 31 31 31 32 
gr125_02_simulated.txt 5.0 54000.0 7 8 7 6 4 7 5 5 5 5 
gr125_03_simulated.txt 5.0 54000.0 22 22 22 20 23 24 21 21 24 20 
gr125_04_simulated.txt 5.0 54000.0 14 15 14 14 11 15 16 12 12 13 
gr125_05_simulated.txt 5.0 54000.0 31 29 28 34 31 27 28 32 29 31 
gr125_06_simulated.txt 5.0 54000.0 22 24 25 26 22 22 25 20 22 21 
gr125_07_simulated.txt 5.0 54000.0 31 31 29 28 31 28 31 26 27 25 
gr125_08_simulated.txt 5.0 54000.0 10 11 11 10 11 10 10 11 11 10 
gr125_09_simulated.txt 5.0 54000.0 21 22 16 26 24 15 18 23 22 24 
gr125_010_simulated.txt 5.0 54000.0 29 28 29 28 28 29 29 27 29 31 
gr150_01_simulated.txt 5.0 54000.0 15 12 13 16 13 13 15 15 12 15 
gr150_02_simulated.txt 5.0 54000.0 21 28 22 17 21 24 21 22 23 23 
gr150_03_simulated.txt 5.0 54000.0 18 17 17 18 16 17 16 17 18 16 
gr150_04_simulated.txt 5.0 54000.0 7 9 10 11 9 10 10 10 10 9 
gr150_05_simulated.txt 5.0 54000.0 22 21 22 18 22 21 22 19 22 24 
gr150_06_simulated.txt 5.0 54000.0 21 18 17 17 18 18 18 18 17 21 
gr150_07_simulated.txt 5.0 54000.0 28 27 29 23 23 25 18 26 27 23 
gr150_08_simulated.txt 5.0 54000.0 14 12 13 14 15 15 13 11 12 11 
gr150_09_simulated.txt 5.0 54000.0 16 19 17 15 19 15 14 16 16 17 
gr150_010_simulated.txt 5.0 54000.0 10 10 8 9 10 10 10 10 10 8 
gr175_01_simulated.txt 5.0 54000.0 27 30 27 28 28 28 28 29 28 31 
gr175_02_simulated.txt 5.0 54000.0 30 35 34 33 35 35 34 34 33 31 
gr175_03_simulated.txt 5.0 54000.0 39 43 41 43 43 39 41 39 41 40 
gr175_04_simulated.txt 5.0 54000.0 24 27 27 26 23 28 27 24 24 27 
gr175_05_simulated.txt 5.0 54000.0 41 45 37 38 44 42 51 40 43 41 
gr175_06_simulated.txt 5.0 54000.0 34 37 35 37 36 34 36 32 34 33 
gr175_07_simulated.txt 5.0 54000.0 23 24 24 21 28 24 26 25 22 22 
gr175_08_simulated.txt 5.0 54000.0 37 40 44 41 39 44 45 41 41 41 
gr175_09_simulated.txt 5.0 54000.0 40 45 37 42 38 38 37 36 40 38 
gr175_010_simulated.txt 5.0 54000.0 42 40 44 40 39 41 38 41 40 42 
gr200_01_simulated.txt 5.0 54000.0 58 57 58 61 58 58 61 62 57 60 
gr200_04_simulated.txt 5.0 54000.0 48 49 51 48 49 49 46 47 48 49 
gr200_05_simulated.txt 5.0 54000.0 68 69 63 69 74 66 64 65 64 65 
gr200_06_simulated.txt 5.0 54000.0 68 70 65 69 61 68 66 66 65 64 
gr200_07_simulated.txt 5.0 54000.0 61 62 66 66 64 63 67 63 62 63 
gr200_08_simulated.txt 5.0 54000.0 60 61 59 55 55 57 57 56 56 54 
gr200_09_simulated.txt 5.0 54000.0 65 64 67 58 61 60 63 70 61 67 
gr200_010_simulated.txt 5.0 54000.0 42 39 47 43 45 44 47 45 50 46 
gr125_01_simulated.txt 5.0 81000.0 28 29 28 30 29 29 30 29 29 29 
gr125_02_simulated.txt 5.0 81000.0 6 6 7 6 8 5 6 6 7 7 
gr125_03_simulated.txt 5.0 81000.0 20 20 22 21 25 18 20 23 20 26 
gr125_04_simulated.txt 5.0 81000.0 14 11 13 12 14 11 13 13 13 13 
gr125_05_simulated.txt 5.0 81000.0 24 23 24 25 25 28 26 24 25 25 
gr125_06_simulated.txt 5.0 81000.0 20 23 24 21 21 24 24 24 22 24 
gr125_07_simulated.txt 5.0 81000.0 26 27 29 28 28 31 31 30 29 30 
gr125_08_simulated.txt 5.0 81000.0 7 9 8 6 9 5 6 8 6 12 
gr125_09_simulated.txt 5.0 81000.0 20 23 19 15 18 21 17 20 20 15 
gr125_010_simulated.txt 5.0 81000.0 26 25 25 25 27 27 27 23 28 28 
gr150_01_simulated.txt 5.0 81000.0 11 15 14 12 14 10 13 14 10 12 
gr150_02_simulated.txt 5.0 81000.0 24 20 24 23 20 21 24 22 21 24 
gr150_03_simulated.txt 5.0 81000.0 17 20 20 18 19 21 20 19 19 19 
gr150_04_simulated.txt 5.0 81000.0 10 11 10 9 11 9 9 7 10 7 
gr150_05_simulated.txt 5.0 81000.0 21 20 21 19 17 20 22 23 22 21 
gr150_06_simulated.txt 5.0 81000.0 15 19 19 17 19 20 17 16 15 20 
gr150_07_simulated.txt 5.0 81000.0 29 32 26 25 27 21 19 29 26 29 
gr150_08_simulated.txt 5.0 81000.0 12 14 14 13 14 15 12 9 11 12 
gr150_09_simulated.txt 5.0 81000.0 22 16 17 20 16 18 14 18 15 18 
gr150_010_simulated.txt 5.0 81000.0 11 12 10 12 12 12 12 11 11 11 
gr175_01_simulated.txt 5.0 81000.0 27 29 27 32 28 27 27 30 32 29 
gr175_02_simulated.txt 5.0 81000.0 31 32 34 32 31 33 35 31 34 30 
gr175_03_simulated.txt 5.0 81000.0 38 39 40 42 37 37 41 40 38 42 
gr175_04_simulated.txt 5.0 81000.0 24 23 27 24 26 27 24 26 23 23 
gr175_05_simulated.txt 5.0 81000.0 44 45 44 41 45 38 39 40 40 35 
gr175_06_simulated.txt 5.0 81000.0 33 34 38 35 35 37 34 32 34 31 
gr175_07_simulated.txt 5.0 81000.0 26 23 23 24 21 21 24 22 24 23 
gr175_08_simulated.txt 5.0 81000.0 40 38 39 38 40 38 39 40 38 41 
gr175_09_simulated.txt 5.0 81000.0 38 39 40 39 39 38 45 37 39 36 
gr175_010_simulated.txt 5.0 81000.0 42 43 39 41 42 42 40 40 40 40 
gr200_01_simulated.txt 5.0 81000.0 57 59 60 57 54 55 58 53 60 54 
gr200_04_simulated.txt 5.0 81000.0 50 48 52 48 49 50 54 50 46 48 
gr200_05_simulated.txt 5.0 81000.0 69 65 66 68 68 65 67 67 66 68 
gr200_06_simulated.txt 5.0 81000.0 62 68 67 70 68 60 64 66 66 65 
gr200_07_simulated.txt 5.0 81000.0 65 66 67 60 62 65 63 64 65 65 
gr200_08_simulated.txt 5.0 81000.0 57 55 62 56 58 53 53 56 55 60 
gr200_09_simulated.txt 5.0 81000.0 62 60 59 59 66 60 63 63 59 61 
gr200_010_simulated.txt 5.0 81000.0 48 44 45 46 45 48 41 43 42 45 
gr125_01_simulated.txt 5.0 108000.0 28 28 27 27 28 26 28 28 27 27 
gr125_02_simulated.txt 5.0 108000.0 5 6 7 6 6 7 6 6 6 5 
gr125_03_simulated.txt 5.0 108000.0 25 23 24 21 19 27 22 21 22 20 
gr125_04_simulated.txt 5.0 108000.0 11 11 9 12 11 12 10 12 10 11 
gr125_05_simulated.txt 5.0 108000.0 29 25 27 26 27 25 27 27 26 26 
gr125_06_simulated.txt 5.0 108000.0 21 26 28 18 25 22 25 24 25 26 
gr125_07_simulated.txt 5.0 108000.0 24 23 24 25 23 23 23 24 21 23 
gr125_08_simulated.txt 5.0 108000.0 5 5 8 7 7 8 9 7 7 6 
gr125_09_simulated.txt 5.0 108000.0 16 15 19 20 20 18 19 21 12 14 
gr125_010_simulated.txt 5.0 108000.0 21 24 23 23 23 23 22 22 23 22 
gr150_01_simulated.txt 5.0 108000.0 11 12 12 10 11 10 13 11 12 11 
gr150_02_simulated.txt 5.0 108000.0 23 19 24 25 21 21 21 24 22 22 
gr150_03_simulated.txt 5.0 108000.0 17 14 16 14 18 18 17 17 16 15 
gr150_04_simulated.txt 5.0 108000.0 6 8 7 8 8 8 7 7 6 7 
gr150_05_simulated.txt 5.0 108000.0 22 18 20 17 21 16 18 22 22 21 
gr150_06_simulated.txt 5.0 108000.0 13 15 18 17 17 18 19 16 19 19 
gr150_07_simulated.txt 5.0 108000.0 26 23 20 19 26 25 20 21 21 21 
gr150_08_simulated.txt 5.0 108000.0 13 13 13 12 14 13 11 14 13 12 
gr150_09_simulated.txt 5.0 108000.0 20 18 17 19 20 19 16 18 18 16 
gr150_010_simulated.txt 5.0 108000.0 11 10 12 9 11 12 10 11 9 10 
gr175_01_simulated.txt 5.0 108000.0 26 26 28 29 26 30 29 26 28 29 
gr175_02_simulated.txt 5.0 108000.0 34 35 32 35 31 38 35 35 32 34 
gr175_03_simulated.txt 5.0 108000.0 41 36 39 44 40 38 39 42 39 39 
gr175_04_simulated.txt 5.0 108000.0 26 24 24 22 25 23 23 25 24 23 
gr175_05_simulated.txt 5.0 108000.0 44 38 38 39 43 43 42 38 38 41 
gr175_06_simulated.txt 5.0 108000.0 31 36 33 35 39 37 32 31 32 35 
gr175_07_simulated.txt 5.0 108000.0 25 26 23 26 26 26 23 21 24 22 
gr175_08_simulated.txt 5.0 108000.0 43 42 42 38 39 44 45 42 41 40 
gr175_09_simulated.txt 5.0 108000.0 36 40 38 40 37 38 42 41 37 36 
gr175_010_simulated.txt 5.0 108000.0 42 39 35 40 41 38 38 43 38 38 
gr200_01_simulated.txt 5.0 108000.0 56 51 59 60 62 56 56 56 56 54 
gr200_04_simulated.txt 5.0 108000.0 47 51 46 51 51 49 50 47 45 51 
gr200_05_simulated.txt 5.0 108000.0 66 68 67 66 62 67 66 66 68 68 
gr200_06_simulated.txt 5.0 108000.0 67 71 65 63 65 64 62 70 65 63 
gr200_07_simulated.txt 5.0 108000.0 63 65 65 65 66 58 64 62 63 62 
gr200_08_simulated.txt 5.0 108000.0 58 57 55 57 55 56 57 58 57 52 
gr200_09_simulated.txt 5.0 108000.0 64 61 62 64 69 63 64 65 64 65 
gr200_010_simulated.txt 5.0 108000.0 45 46 45 47 42 47 45 45 41 45 
gr125_01_simulated.txt 10.0 13500.0 33 32 33 32 34 32 32 33 34 33 
gr125_02_simulated.txt 10.0 13500.0 10 10 10 9 9 10 9 10 10 9 
gr125_03_simulated.txt 10.0 13500.0 24 27 25 27 26 26 23 25 25 24 
gr125_04_simulated.txt 10.0 13500.0 15 15 16 14 14 14 14 15 16 14 
gr125_05_simulated.txt 10.0 13500.0 31 34 32 31 32 32 33 34 31 32 
gr125_06_simulated.txt 10.0 13500.0 25 27 26 24 25 22 23 25 25 28 
gr125_07_simulated.txt 10.0 13500.0 26 32 29 30 29 30 32 29 28 23 
gr125_08_simulated.txt 10.0 13500.0 13 15 13 13 13 11 15 13 13 12 
gr125_09_simulated.txt 10.0 13500.0 22 24 24 30 21 21 25 28 24 23 
gr125_010_simulated.txt 10.0 13500.0 29 33 30 30 29 30 28 29 25 30 
gr150_01_simulated.txt 10.0 13500.0 13 14 16 17 16 19 15 15 17 16 
gr150_02_simulated.txt 10.0 13500.0 25 25 26 22 23 23 23 25 25 23 
gr150_03_simulated.txt 10.0 13500.0 18 20 19 20 21 22 21 21 23 22 
gr150_04_simulated.txt 10.0 13500.0 11 9 10 10 11 10 9 12 13 14 
gr150_05_simulated.txt 10.0 13500.0 22 21 21 22 23 22 22 20 21 21 
gr150_06_simulated.txt 10.0 13500.0 24 23 24 23 23 25 24 22 23 22 
gr150_07_simulated.txt 10.0 13500.0 27 30 28 31 25 28 28 25 31 29 
gr150_08_simulated.txt 10.0 13500.0 15 16 15 14 13 14 14 14 15 18 
gr150_09_simulated.txt 10.0 13500.0 19 18 17 21 18 20 21 18 19 18 
gr150_010_simulated.txt 10.0 13500.0 12 9 11 12 12 11 10 11 10 9 
gr175_01_simulated.txt 10.0 13500.0 34 32 30 30 29 32 27 30 32 29 
gr175_02_simulated.txt 10.0 13500.0 35 32 32 33 33 32 32 33 37 36 
gr175_03_simulated.txt 10.0 13500.0 39 39 38 42 45 40 39 40 39 42 
gr175_04_simulated.txt 10.0 13500.0 28 28 25 27 23 24 26 22 24 29 
gr175_05_simulated.txt 10.0 13500.0 44 41 42 43 43 43 48 40 39 43 
gr175_06_simulated.txt 10.0 13500.0 38 36 37 34 37 37 36 39 34 35 
gr175_07_simulated.txt 10.0 13500.0 27 23 29 24 25 26 27 24 25 23 
gr175_08_simulated.txt 10.0 13500.0 41 41 40 42 43 40 46 44 42 40 
gr175_09_simulated.txt 10.0 13500.0 42 38 45 40 43 38 40 38 41 41 
gr175_010_simulated.txt 10.0 13500.0 38 41 38 40 42 39 36 35 41 38 
gr200_01_simulated.txt 10.0 13500.0 52 57 55 54 51 58 56 56 50 58 
gr200_04_simulated.txt 10.0 13500.0 46 51 41 50 45 57 51 44 44 51 
gr200_05_simulated.txt 10.0 13500.0 62 63 61 64 61 61 63 67 64 65 
gr200_06_simulated.txt 10.0 13500.0 67 65 60 63 66 62 64 65 62 65 
gr200_07_simulated.txt 10.0 13500.0 58 59 62 62 64 62 59 62 60 63 
gr200_08_simulated.txt 10.0 13500.0 54 59 50 58 50 53 53 56 52 55 
gr200_09_simulated.txt 10.0 13500.0 62 65 62 60 62 62 59 65 61 59 
gr200_010_simulated.txt 10.0 13500.0 46 46 41 45 42 45 46 43 42 48 
gr125_01_simulated.txt 10.0 27000.0 34 34 34 34 35 34 35 34 35 35 
gr125_02_simulated.txt 10.0 27000.0 9 9 9 9 9 9 9 9 9 9 
gr125_03_simulated.txt 10.0 27000.0 21 21 19 16 19 23 21 16 17 21 
gr125_04_simulated.txt 10.0 27000.0 12 12 12 14 13 14 15 15 13 15 
gr125_05_simulated.txt 10.0 27000.0 30 30 29 30 32 29 31 29 31 31 
gr125_06_simulated.txt 10.0 27000.0 23 23 22 24 24 19 23 24 25 22 
gr125_07_simulated.txt 10.0 27000.0 26 27 25 28 29 26 27 26 28 24 
gr125_08_simulated.txt 10.0 27000.0 11 12 12 10 10 11 12 11 11 11 
gr125_09_simulated.txt 10.0 27000.0 22 24 26 25 21 30 24 23 26 24 
gr125_010_simulated.txt 10.0 27000.0 28 25 27 27 25 26 25 27 27 27 
gr150_01_simulated.txt 10.0 27000.0 11 11 12 11 12 13 11 11 12 10 
gr150_02_simulated.txt 10.0 27000.0 19 16 19 16 19 20 20 17 18 19 
gr150_03_simulated.txt 10.0 27000.0 16 16 16 16 15 16 17 16 16 19 
gr150_04_simulated.txt 10.0 27000.0 6 6 5 6 7 7 6 6 9 7 
gr150_05_simulated.txt 10.0 27000.0 21 20 17 19 20 19 21 18 19 19 
gr150_06_simulated.txt 10.0 27000.0 21 23 21 20 21 20 21 21 21 19 
gr150_07_simulated.txt 10.0 27000.0 25 22 25 33 24 26 25 19 24 25 
gr150_08_simulated.txt 10.0 27000.0 13 13 15 12 13 11 13 12 12 14 
gr150_09_simulated.txt 10.0 27000.0 19 15 16 14 14 14 14 15 14 13 
gr150_010_simulated.txt 10.0 27000.0 9 8 8 8 8 8 10 11 8 9 
gr175_01_simulated.txt 10.0 27000.0 30 24 29 24 27 26 25 28 26 29 
gr175_02_simulated.txt 10.0 27000.0 26 27 30 28 29 28 30 27 29 25 
gr175_03_simulated.txt 10.0 27000.0 35 37 34 35 31 35 33 32 35 34 
gr175_04_simulated.txt 10.0 27000.0 17 20 23 24 18 19 21 20 19 22 
gr175_05_simulated.txt 10.0 27000.0 38 33 35 40 36 36 37 34 33 34 
gr175_06_simulated.txt 10.0 27000.0 32 30 26 27 30 32 32 33 31 27 
gr175_07_simulated.txt 10.0 27000.0 21 21 24 25 22 25 20 22 21 23 
gr175_08_simulated.txt 10.0 27000.0 42 38 41 40 36 37 35 38 38 43 
gr175_09_simulated.txt 10.0 27000.0 36 36 34 36 35 36 37 36 36 39 
gr175_010_simulated.txt 10.0 27000.0 33 37 34 39 34 33 32 31 37 35 
gr200_01_simulated.txt 10.0 27000.0 53 52 46 49 48 45 50 49 52 47 
gr200_04_simulated.txt 10.0 27000.0 41 41 41 45 42 45 40 42 41 42 
gr200_05_simulated.txt 10.0 27000.0 59 58 58 61 57 59 61 64 60 54 
gr200_06_simulated.txt 10.0 27000.0 61 57 57 53 61 55 60 58 59 63 
gr200_07_simulated.txt 10.0 27000.0 57 58 58 57 59 57 56 57 56 59 
gr200_08_simulated.txt 10.0 27000.0 45 48 46 49 51 47 48 47 49 49 
gr200_09_simulated.txt 10.0 27000.0 52 55 51 54 56 51 58 51 56 51 
gr200_010_simulated.txt 10.0 27000.0 36 41 33 45 37 38 43 42 38 38 
gr125_01_simulated.txt 10.0 54000.0 28 30 29 28 28 30 30 30 29 30 
gr125_02_simulated.txt 10.0 54000.0 9 9 9 9 9 9 9 9 9 7 
gr125_03_simulated.txt 10.0 54000.0 21 17 19 18 19 23 17 18 16 20 
gr125_04_simulated.txt 10.0 54000.0 11 11 13 11 13 13 11 12 12 14 
gr125_05_simulated.txt 10.0 54000.0 28 25 27 28 27 29 26 28 28 28 
gr125_06_simulated.txt 10.0 54000.0 17 17 16 15 22 24 20 18 19 19 
gr125_07_simulated.txt 10.0 54000.0 28 31 26 26 26 25 25 26 26 25 
gr125_08_simulated.txt 10.0 54000.0 10 8 10 7 10 9 7 8 8 8 
gr125_09_simulated.txt 10.0 54000.0 21 25 25 21 20 23 22 23 18 25 
gr125_010_simulated.txt 10.0 54000.0 30 28 28 27 27 28 28 28 28 29 
gr150_01_simulated.txt 10.0 54000.0 5 7 9 11 7 5 9 10 5 8 
gr150_02_simulated.txt 10.0 54000.0 18 17 17 19 17 18 16 17 17 18 
gr150_03_simulated.txt 10.0 54000.0 20 18 18 17 18 14 15 20 17 16 
gr150_04_simulated.txt 10.0 54000.0 7 8 8 7 8 7 7 8 7 7 
gr150_05_simulated.txt 10.0 54000.0 18 16 17 18 17 20 19 19 17 20 
gr150_06_simulated.txt 10.0 54000.0 12 14 12 13 14 14 13 14 16 12 
gr150_07_simulated.txt 10.0 54000.0 21 20 23 17 19 21 20 20 22 24 
gr150_08_simulated.txt 10.0 54000.0 8 14 11 14 7 10 13 13 14 10 
gr150_09_simulated.txt 10.0 54000.0 11 12 12 10 13 12 11 11 12 12 
gr150_010_simulated.txt 10.0 54000.0 7 8 6 9 7 8 7 9 9 7 
gr175_01_simulated.txt 10.0 54000.0 22 24 25 22 23 26 24 26 27 25 
gr175_02_simulated.txt 10.0 54000.0 27 24 26 26 29 30 24 24 28 27 
gr175_03_simulated.txt 10.0 54000.0 33 36 32 36 31 35 34 33 32 32 
gr175_04_simulated.txt 10.0 54000.0 22 20 20 19 16 21 17 22 17 17 
gr175_05_simulated.txt 10.0 54000.0 33 32 31 34 30 30 32 32 30 33 
gr175_06_simulated.txt 10.0 54000.0 26 29 27 27 27 28 26 28 26 27 
gr175_07_simulated.txt 10.0 54000.0 24 21 21 23 23 19 20 22 17 20 
gr175_08_simulated.txt 10.0 54000.0 37 36 35 35 33 32 37 35 33 31 
gr175_09_simulated.txt 10.0 54000.0 32 33 38 35 35 35 29 31 36 31 
gr175_010_simulated.txt 10.0 54000.0 28 33 33 27 30 25 30 27 35 32 
gr200_01_simulated.txt 10.0 54000.0 45 51 49 48 51 47 51 46 52 49 
gr200_04_simulated.txt 10.0 54000.0 41 39 43 37 41 38 39 42 41 38 
gr200_05_simulated.txt 10.0 54000.0 55 55 57 58 56 57 54 54 55 57 
gr200_06_simulated.txt 10.0 54000.0 53 54 54 57 54 50 55 55 57 55 
gr200_07_simulated.txt 10.0 54000.0 56 51 53 55 58 49 55 57 52 52 
gr200_08_simulated.txt 10.0 54000.0 47 48 44 50 40 47 46 42 50 48 
gr200_09_simulated.txt 10.0 54000.0 53 54 53 46 54 52 51 50 50 52 
gr200_010_simulated.txt 10.0 54000.0 39 36 37 39 33 35 39 34 32 39 
gr125_01_simulated.txt 10.0 81000.0 25 27 26 26 25 26 25 25 24 24 
gr125_02_simulated.txt 10.0 81000.0 10 10 10 10 10 10 10 10 10 10 
gr125_03_simulated.txt 10.0 81000.0 23 25 23 21 22 25 23 23 23 22 
gr125_04_simulated.txt 10.0 81000.0 10 10 11 12 14 13 9 13 9 8 
gr125_05_simulated.txt 10.0 81000.0 23 23 27 19 22 22 21 28 21 21 
gr125_06_simulated.txt 10.0 81000.0 13 18 14 19 18 23 18 15 18 16 
gr125_07_simulated.txt 10.0 81000.0 25 26 25 26 25 24 26 24 25 25 
gr125_08_simulated.txt 10.0 81000.0 6 10 11 9 11 10 10 11 11 11 
gr125_09_simulated.txt 10.0 81000.0 17 22 20 17 16 22 17 18 16 20 
gr125_010_simulated.txt 10.0 81000.0 26 24 27 25 26 25 24 26 26 24 
gr150_01_simulated.txt 10.0 81000.0 12 11 11 14 6 11 10 7 7 6 
gr150_02_simulated.txt 10.0 81000.0 19 16 18 15 19 17 18 18 15 15 
gr150_03_simulated.txt 10.0 81000.0 14 14 14 16 13 14 15 13 15 15 
gr150_04_simulated.txt 10.0 81000.0 10 8 8 8 7 6 8 9 7 7 
gr150_05_simulated.txt 10.0 81000.0 17 19 14 19 19 14 20 16 15 15 
gr150_06_simulated.txt 10.0 81000.0 13 18 21 11 18 9 22 18 20 20 
gr150_07_simulated.txt 10.0 81000.0 17 24 20 18 19 19 17 23 25 20 
gr150_08_simulated.txt 10.0 81000.0 9 8 8 9 7 10 9 9 9 10 
gr150_09_simulated.txt 10.0 81000.0 12 14 14 12 14 13 13 18 13 15 
gr150_010_simulated.txt 10.0 81000.0 7 7 9 9 8 9 10 8 10 9 
gr175_01_simulated.txt 10.0 81000.0 26 20 24 26 26 23 18 23 24 24 
gr175_02_simulated.txt 10.0 81000.0 23 26 29 29 25 22 24 28 28 27 
gr175_03_simulated.txt 10.0 81000.0 32 32 32 36 35 31 32 35 33 32 
gr175_04_simulated.txt 10.0 81000.0 21 20 19 21 18 18 19 19 17 19 
gr175_05_simulated.txt 10.0 81000.0 30 35 35 30 29 26 34 28 33 28 
gr175_06_simulated.txt 10.0 81000.0 25 25 26 23 24 28 27 27 27 27 
gr175_07_simulated.txt 10.0 81000.0 19 20 15 19 16 19 19 17 17 22 
gr175_08_simulated.txt 10.0 81000.0 36 31 31 33 31 35 35 35 32 32 
gr175_09_simulated.txt 10.0 81000.0 34 34 35 34 34 31 34 35 35 33 
gr175_010_simulated.txt 10.0 81000.0 32 28 31 29 32 27 28 27 29 28 
gr200_01_simulated.txt 10.0 81000.0 46 49 48 46 48 46 47 47 45 49 
gr200_04_simulated.txt 10.0 81000.0 43 37 40 42 43 39 41 36 40 40 
gr200_05_simulated.txt 10.0 81000.0 57 54 57 57 55 60 60 57 58 59 
gr200_06_simulated.txt 10.0 81000.0 55 56 57 60 57 58 54 52 54 52 
gr200_07_simulated.txt 10.0 81000.0 55 55 57 54 52 52 55 56 56 57 
gr200_08_simulated.txt 10.0 81000.0 46 48 47 49 45 47 45 45 46 40 
gr200_09_simulated.txt 10.0 81000.0 52 48 52 50 47 49 50 52 46 50 
gr200_010_simulated.txt 10.0 81000.0 38 35 36 33 34 34 37 33 35 40 
gr125_01_simulated.txt 10.0 108000.0 22 22 22 22 21 22 21 22 21 21 
gr125_02_simulated.txt 10.0 108000.0 10 10 10 10 10 10 10 10 10 10 
gr125_03_simulated.txt 10.0 108000.0 22 20 20 20 18 22 21 24 17 19 
gr125_04_simulated.txt 10.0 108000.0 13 15 14 14 13 15 12 13 14 15 
gr125_05_simulated.txt 10.0 108000.0 22 18 18 17 18 18 18 18 19 18 
gr125_06_simulated.txt 10.0 108000.0 19 15 17 15 17 17 18 17 24 23 
gr125_07_simulated.txt 10.0 108000.0 21 20 20 23 17 20 20 23 19 22 
gr125_08_simulated.txt 10.0 108000.0 12 12 12 12 10 11 12 10 11 12 
gr125_09_simulated.txt 10.0 108000.0 15 16 14 18 16 11 20 15 13 12 
gr125_010_simulated.txt 10.0 108000.0 20 21 20 19 22 21 21 21 21 22 
gr150_01_simulated.txt 10.0 108000.0 10 7 11 9 11 11 10 11 9 8 
gr150_02_simulated.txt 10.0 108000.0 15 16 15 15 18 16 16 17 15 17 
gr150_03_simulated.txt 10.0 108000.0 14 15 16 15 16 12 14 15 15 16 
gr150_04_simulated.txt 10.0 108000.0 7 7 6 7 8 7 8 7 8 7 
gr150_05_simulated.txt 10.0 108000.0 16 19 19 16 20 21 17 17 21 13 
gr150_06_simulated.txt 10.0 108000.0 18 18 15 17 20 17 19 17 18 19 
gr150_07_simulated.txt 10.0 108000.0 23 21 22 27 25 20 24 27 25 24 
gr150_08_simulated.txt 10.0 108000.0 11 12 8 9 10 10 10 12 11 10 
gr150_09_simulated.txt 10.0 108000.0 16 15 14 14 18 14 14 15 21 15 
gr150_010_simulated.txt 10.0 108000.0 10 8 8 9 8 11 10 9 8 11 
gr175_01_simulated.txt 10.0 108000.0 24 23 25 29 23 24 27 28 25 25 
gr175_02_simulated.txt 10.0 108000.0 27 22 27 24 23 24 24 23 23 25 
gr175_03_simulated.txt 10.0 108000.0 34 33 31 33 33 29 34 32 33 30 
gr175_04_simulated.txt 10.0 108000.0 21 18 20 17 19 19 20 18 17 20 
gr175_05_simulated.txt 10.0 108000.0 30 31 31 31 39 39 36 30 30 34 
gr175_06_simulated.txt 10.0 108000.0 24 22 20 27 25 22 26 23 23 24 
gr175_07_simulated.txt 10.0 108000.0 17 17 20 19 15 15 16 16 17 17 
gr175_08_simulated.txt 10.0 108000.0 28 34 32 36 33 27 30 33 38 34 
gr175_09_simulated.txt 10.0 108000.0 33 31 36 35 34 35 36 34 35 34 
gr175_010_simulated.txt 10.0 108000.0 31 31 32 31 31 29 30 29 32 34 
gr200_01_simulated.txt 10.0 108000.0 51 44 48 45 48 42 49 47 45 45 
gr200_04_simulated.txt 10.0 108000.0 37 38 35 39 37 38 37 36 37 38 
gr200_05_simulated.txt 10.0 108000.0 53 57 53 55 60 59 56 54 59 59 
gr200_06_simulated.txt 10.0 108000.0 55 54 57 58 55 57 55 54 56 52 
gr200_07_simulated.txt 10.0 108000.0 54 52 54 56 53 50 56 54 53 53 
gr200_08_simulated.txt 10.0 108000.0 46 48 43 44 46 43 41 42 44 45 
gr200_09_simulated.txt 10.0 108000.0 49 48 49 48 48 51 50 49 48 55 
gr200_010_simulated.txt 10.0 108000.0 38 36 43 34 32 31 36 35 33 36 
gr125_01_simulated.txt 15.0 13500.0 33 33 33 32 33 33 33 33 34 33 
gr125_02_simulated.txt 15.0 13500.0 9 10 10 9 10 9 9 9 9 9 
gr125_03_simulated.txt 15.0 13500.0 25 26 26 27 22 25 26 23 23 25 
gr125_04_simulated.txt 15.0 13500.0 14 15 14 15 12 15 15 14 14 15 
gr125_05_simulated.txt 15.0 13500.0 32 32 32 32 30 34 32 31 33 32 
gr125_06_simulated.txt 15.0 13500.0 26 24 24 23 26 27 23 23 28 28 
gr125_07_simulated.txt 15.0 13500.0 28 26 27 24 31 26 32 30 31 26 
gr125_08_simulated.txt 15.0 13500.0 12 13 13 13 12 12 13 13 13 13 
gr125_09_simulated.txt 15.0 13500.0 23 25 27 27 25 29 28 20 23 23 
gr125_010_simulated.txt 15.0 13500.0 30 29 28 29 28 30 30 28 29 30 
gr150_01_simulated.txt 15.0 13500.0 14 13 17 14 13 14 13 15 15 16 
gr150_02_simulated.txt 15.0 13500.0 22 26 22 24 20 22 21 22 24 21 
gr150_03_simulated.txt 15.0 13500.0 18 22 19 19 18 19 20 18 16 21 
gr150_04_simulated.txt 15.0 13500.0 9 8 9 12 14 11 11 12 11 8 
gr150_05_simulated.txt 15.0 13500.0 20 22 22 22 22 24 23 22 21 21 
gr150_06_simulated.txt 15.0 13500.0 25 23 20 25 23 21 19 21 21 25 
gr150_07_simulated.txt 15.0 13500.0 27 25 28 25 29 25 29 31 25 23 
gr150_08_simulated.txt 15.0 13500.0 15 14 16 13 12 15 17 13 17 15 
gr150_09_simulated.txt 15.0 13500.0 19 21 17 19 15 18 21 19 18 22 
gr150_010_simulated.txt 15.0 13500.0 10 12 10 10 8 12 8 8 11 10 
gr175_01_simulated.txt 15.0 13500.0 28 31 29 29 28 27 26 32 32 27 
gr175_02_simulated.txt 15.0 13500.0 34 35 32 31 33 33 34 33 33 33 
gr175_03_simulated.txt 15.0 13500.0 35 36 40 36 41 37 35 40 35 39 
gr175_04_simulated.txt 15.0 13500.0 23 23 24 26 21 21 25 24 19 23 
gr175_05_simulated.txt 15.0 13500.0 40 38 38 42 38 42 35 40 43 38 
gr175_06_simulated.txt 15.0 13500.0 36 32 31 36 33 35 32 31 38 33 
gr175_07_simulated.txt 15.0 13500.0 25 28 26 23 26 24 23 23 26 24 
gr175_08_simulated.txt 15.0 13500.0 35 43 40 43 40 40 39 43 40 41 
gr175_09_simulated.txt 15.0 13500.0 37 40 42 38 35 35 38 40 39 41 
gr175_010_simulated.txt 15.0 13500.0 38 39 37 37 33 38 38 37 36 40 
gr200_01_simulated.txt 15.0 13500.0 49 57 50 49 54 51 47 49 50 48 
gr200_04_simulated.txt 15.0 13500.0 43 50 47 49 47 45 47 47 47 49 
gr200_05_simulated.txt 15.0 13500.0 63 60 62 63 61 63 63 62 64 62 
gr200_06_simulated.txt 15.0 13500.0 57 65 64 61 60 61 61 64 60 62 
gr200_07_simulated.txt 15.0 13500.0 62 58 56 58 60 63 57 60 61 60 
gr200_08_simulated.txt 15.0 13500.0 58 54 47 50 50 51 52 50 54 51 
gr200_09_simulated.txt 15.0 13500.0 57 57 52 63 56 59 58 60 64 57 
gr200_010_simulated.txt 15.0 13500.0 41 42 39 45 40 41 40 43 41 42 
gr125_01_simulated.txt 15.0 27000.0 34 34 33 33 34 34 34 34 34 33 
gr125_02_simulated.txt 15.0 27000.0 9 10 9 8 9 9 9 9 8 9 
gr125_03_simulated.txt 15.0 27000.0 19 17 17 17 18 17 18 17 16 18 
gr125_04_simulated.txt 15.0 27000.0 14 13 13 14 12 14 14 13 13 14 
gr125_05_simulated.txt 15.0 27000.0 29 29 29 28 30 30 29 29 30 31 
gr125_06_simulated.txt 15.0 27000.0 16 23 21 18 20 19 25 21 24 17 
gr125_07_simulated.txt 15.0 27000.0 27 24 23 27 23 21 23 26 24 25 
gr125_08_simulated.txt 15.0 27000.0 9 11 11 12 10 10 10 10 9 8 
gr125_09_simulated.txt 15.0 27000.0 19 24 18 20 21 21 19 23 22 24 
gr125_010_simulated.txt 15.0 27000.0 24 25 24 25 23 24 25 26 25 25 
gr150_01_simulated.txt 15.0 27000.0 10 10 12 11 10 10 10 8 10 11 
gr150_02_simulated.txt 15.0 27000.0 18 24 18 21 17 19 18 16 16 18 
gr150_03_simulated.txt 15.0 27000.0 16 17 16 16 15 17 17 15 14 15 
gr150_04_simulated.txt 15.0 27000.0 9 4 6 8 6 4 9 5 4 6 
gr150_05_simulated.txt 15.0 27000.0 22 19 18 19 18 17 15 15 18 19 
gr150_06_simulated.txt 15.0 27000.0 21 21 19 19 19 22 20 19 24 19 
gr150_07_simulated.txt 15.0 27000.0 26 22 24 17 22 23 20 20 23 21 
gr150_08_simulated.txt 15.0 27000.0 13 11 12 11 10 14 12 14 13 13 
gr150_09_simulated.txt 15.0 27000.0 14 11 14 13 12 14 13 11 13 17 
gr150_010_simulated.txt 15.0 27000.0 8 8 7 8 8 11 8 8 8 8 
gr175_01_simulated.txt 15.0 27000.0 24 23 26 22 23 27 23 23 23 24 
gr175_02_simulated.txt 15.0 27000.0 24 22 29 28 26 26 21 24 23 27 
gr175_03_simulated.txt 15.0 27000.0 33 33 29 34 30 29 30 29 32 30 
gr175_04_simulated.txt 15.0 27000.0 19 19 23 20 19 19 22 20 16 20 
gr175_05_simulated.txt 15.0 27000.0 33 29 36 36 33 28 30 35 30 31 
gr175_06_simulated.txt 15.0 27000.0 30 30 29 27 27 27 26 28 22 28 
gr175_07_simulated.txt 15.0 27000.0 20 16 19 21 20 20 23 18 20 17 
gr175_08_simulated.txt 15.0 27000.0 34 34 37 37 34 36 32 32 33 34 
gr175_09_simulated.txt 15.0 27000.0 32 34 33 35 35 34 35 34 35 35 
gr175_010_simulated.txt 15.0 27000.0 29 35 29 30 30 28 34 29 31 29 
gr200_01_simulated.txt 15.0 27000.0 45 47 44 43 47 43 42 44 46 42 
gr200_04_simulated.txt 15.0 27000.0 39 39 39 35 37 35 38 38 37 39 
gr200_05_simulated.txt 15.0 27000.0 55 58 52 51 55 54 51 55 50 57 
gr200_06_simulated.txt 15.0 27000.0 56 54 49 51 57 56 53 56 54 51 
gr200_07_simulated.txt 15.0 27000.0 52 55 52 53 50 51 55 52 55 53 
gr200_08_simulated.txt 15.0 27000.0 39 46 40 45 43 42 41 43 42 43 
gr200_09_simulated.txt 15.0 27000.0 60 49 52 45 46 52 52 51 46 50 
gr200_010_simulated.txt 15.0 27000.0 40 33 33 32 33 41 36 35 36 37 
gr125_01_simulated.txt 15.0 54000.0 30 28 29 30 30 29 29 29 29 29 
gr125_02_simulated.txt 15.0 54000.0 9 9 9 9 9 10 9 9 10 10 
gr125_03_simulated.txt 15.0 54000.0 16 16 16 14 15 17 16 18 16 17 
gr125_04_simulated.txt 15.0 54000.0 13 13 12 11 11 12 13 13 12 12 
gr125_05_simulated.txt 15.0 54000.0 27 26 26 27 28 27 27 28 28 26 
gr125_06_simulated.txt 15.0 54000.0 22 20 24 18 24 16 25 23 14 18 
gr125_07_simulated.txt 15.0 54000.0 22 26 27 26 24 26 29 25 23 26 
gr125_08_simulated.txt 15.0 54000.0 8 6 5 10 8 8 12 9 9 8 
gr125_09_simulated.txt 15.0 54000.0 26 20 22 24 27 25 21 23 26 20 
gr125_010_simulated.txt 15.0 54000.0 28 27 27 29 28 27 29 28 28 29 
gr150_01_simulated.txt 15.0 54000.0 7 5 2 8 8 4 8 5 5 9 
gr150_02_simulated.txt 15.0 54000.0 16 19 16 15 14 15 13 15 13 15 
gr150_03_simulated.txt 15.0 54000.0 14 14 17 20 17 15 17 18 16 18 
gr150_04_simulated.txt 15.0 54000.0 8 8 10 8 9 8 8 8 8 8 
gr150_05_simulated.txt 15.0 54000.0 18 15 17 16 19 18 16 16 19 15 
gr150_06_simulated.txt 15.0 54000.0 10 9 13 13 13 12 13 14 12 12 
gr150_07_simulated.txt 15.0 54000.0 22 17 16 17 25 15 15 16 19 12 
gr150_08_simulated.txt 15.0 54000.0 11 11 12 10 13 10 10 9 9 11 
gr150_09_simulated.txt 15.0 54000.0 10 12 8 10 11 10 12 10 13 12 
gr150_010_simulated.txt 15.0 54000.0 6 9 10 8 10 7 5 8 8 9 
gr175_01_simulated.txt 15.0 54000.0 26 25 24 24 21 20 22 23 20 22 
gr175_02_simulated.txt 15.0 54000.0 22 22 21 23 29 23 27 20 20 23 
gr175_03_simulated.txt 15.0 54000.0 29 25 30 28 30 29 33 26 25 31 
gr175_04_simulated.txt 15.0 54000.0 19 23 19 21 16 19 16 16 17 19 
gr175_05_simulated.txt 15.0 54000.0 25 26 24 24 31 27 30 28 27 24 
gr175_06_simulated.txt 15.0 54000.0 30 27 25 22 30 26 23 25 26 25 
gr175_07_simulated.txt 15.0 54000.0 19 15 15 16 18 19 18 16 20 16 
gr175_08_simulated.txt 15.0 54000.0 35 27 28 26 27 29 29 33 33 25 
gr175_09_simulated.txt 15.0 54000.0 34 30 32 32 30 32 33 29 33 31 
gr175_010_simulated.txt 15.0 54000.0 26 26 25 31 25 21 28 22 22 25 
gr200_01_simulated.txt 15.0 54000.0 42 38 43 46 40 40 44 41 44 44 
gr200_04_simulated.txt 15.0 54000.0 31 33 33 29 33 32 36 34 34 32 
gr200_05_simulated.txt 15.0 54000.0 55 51 50 55 49 48 48 51 54 50 
gr200_06_simulated.txt 15.0 54000.0 49 49 42 45 49 48 49 46 47 49 
gr200_07_simulated.txt 15.0 54000.0 48 47 49 49 51 48 51 48 46 49 
gr200_08_simulated.txt 15.0 54000.0 35 40 35 42 36 37 41 39 42 44 
gr200_09_simulated.txt 15.0 54000.0 43 43 41 40 46 44 46 46 45 40 
gr200_010_simulated.txt 15.0 54000.0 34 34 29 32 31 31 34 33 31 31 
gr125_01_simulated.txt 15.0 81000.0 25 23 24 23 25 25 24 25 23 25 
gr125_02_simulated.txt 15.0 81000.0 10 10 10 10 10 10 10 10 10 10 
gr125_03_simulated.txt 15.0 81000.0 22 23 22 19 20 21 24 19 21 21 
gr125_04_simulated.txt 15.0 81000.0 7 10 10 13 10 11 10 12 11 11 
gr125_05_simulated.txt 15.0 81000.0 20 22 19 19 18 21 20 19 20 21 
gr125_06_simulated.txt 15.0 81000.0 13 13 17 16 20 16 15 19 23 14 
gr125_07_simulated.txt 15.0 81000.0 23 24 26 24 27 23 25 23 26 27 
gr125_08_simulated.txt 15.0 81000.0 12 11 12 12 13 9 12 11 12 12 
gr125_09_simulated.txt 15.0 81000.0 21 20 17 18 18 15 22 16 21 20 
gr125_010_simulated.txt 15.0 81000.0 24 25 26 25 24 24 24 22 25 25 
gr150_01_simulated.txt 15.0 81000.0 9 8 6 7 9 4 9 8 7 9 
gr150_02_simulated.txt 15.0 81000.0 14 13 14 12 15 16 15 16 17 12 
gr150_03_simulated.txt 15.0 81000.0 14 13 12 13 9 15 12 11 12 11 
gr150_04_simulated.txt 15.0 81000.0 7 8 7 7 7 7 6 6 7 7 
gr150_05_simulated.txt 15.0 81000.0 14 17 14 14 16 17 17 16 18 14 
gr150_06_simulated.txt 15.0 81000.0 12 5 13 11 6 11 11 10 11 12 
gr150_07_simulated.txt 15.0 81000.0 12 12 14 20 15 16 14 17 15 15 
gr150_08_simulated.txt 15.0 81000.0 10 8 10 10 9 8 10 10 9 8 
gr150_09_simulated.txt 15.0 81000.0 14 10 12 15 10 13 12 11 11 11 
gr150_010_simulated.txt 15.0 81000.0 8 8 11 7 8 8 9 7 8 8 
gr175_01_simulated.txt 15.0 81000.0 23 23 26 22 25 22 21 26 21 24 
gr175_02_simulated.txt 15.0 81000.0 22 23 20 22 23 23 20 23 18 23 
gr175_03_simulated.txt 15.0 81000.0 25 26 27 28 29 31 28 26 22 24 
gr175_04_simulated.txt 15.0 81000.0 15 18 20 19 11 15 18 11 17 16 
gr175_05_simulated.txt 15.0 81000.0 29 24 26 25 29 27 26 25 23 27 
gr175_06_simulated.txt 15.0 81000.0 24 23 24 18 23 24 21 20 21 19 
gr175_07_simulated.txt 15.0 81000.0 17 14 17 19 12 15 13 15 21 13 
gr175_08_simulated.txt 15.0 81000.0 24 29 25 28 26 30 31 28 28 29 
gr175_09_simulated.txt 15.0 81000.0 31 31 31 28 31 29 28 30 30 32 
gr175_010_simulated.txt 15.0 81000.0 26 21 27 18 24 24 20 23 27 22 
gr200_01_simulated.txt 15.0 81000.0 45 38 37 39 48 39 41 41 38 39 
gr200_04_simulated.txt 15.0 81000.0 33 31 28 35 36 34 34 31 31 34 
gr200_05_simulated.txt 15.0 81000.0 48 48 50 51 50 47 52 52 47 49 
gr200_06_simulated.txt 15.0 81000.0 49 42 44 46 47 44 47 41 46 46 
gr200_07_simulated.txt 15.0 81000.0 44 49 52 48 46 45 44 51 45 48 
gr200_08_simulated.txt 15.0 81000.0 36 34 41 41 40 37 35 37 42 36 
gr200_09_simulated.txt 15.0 81000.0 44 40 43 45 45 42 43 42 42 43 
gr200_010_simulated.txt 15.0 81000.0 28 29 32 35 32 30 30 29 32 31 
gr125_01_simulated.txt 15.0 108000.0 20 20 21 21 20 21 21 20 21 22 
gr125_02_simulated.txt 15.0 108000.0 10 10 10 10 10 10 10 10 10 10 
gr125_03_simulated.txt 15.0 108000.0 20 19 19 19 20 19 20 19 19 21 
gr125_04_simulated.txt 15.0 108000.0 14 14 14 12 13 14 15 14 14 13 
gr125_05_simulated.txt 15.0 108000.0 16 16 16 15 15 15 15 16 15 16 
gr125_06_simulated.txt 15.0 108000.0 19 17 21 18 20 18 17 19 21 19 
gr125_07_simulated.txt 15.0 108000.0 18 20 19 20 20 19 17 18 20 18 
gr125_08_simulated.txt 15.0 108000.0 10 12 12 12 14 14 6 13 11 10 
gr125_09_simulated.txt 15.0 108000.0 16 14 16 18 10 14 14 15 17 11 
gr125_010_simulated.txt 15.0 108000.0 19 20 18 19 19 18 19 19 20 20 
gr150_01_simulated.txt 15.0 108000.0 9 9 3 7 9 11 12 6 5 11 
gr150_02_simulated.txt 15.0 108000.0 14 12 15 15 14 14 14 11 13 11 
gr150_03_simulated.txt 15.0 108000.0 12 16 10 17 8 10 15 12 16 14 
gr150_04_simulated.txt 15.0 108000.0 7 7 6 8 7 7 8 8 7 8 
gr150_05_simulated.txt 15.0 108000.0 13 13 14 15 16 13 14 15 16 21 
gr150_06_simulated.txt 15.0 108000.0 19 18 17 21 15 20 19 19 18 17 
gr150_07_simulated.txt 15.0 108000.0 21 21 24 23 24 23 19 26 22 22 
gr150_08_simulated.txt 15.0 108000.0 9 9 9 8 7 8 9 6 9 8 
gr150_09_simulated.txt 15.0 108000.0 13 13 13 12 13 12 12 14 13 15 
gr150_010_simulated.txt 15.0 108000.0 8 9 6 8 8 8 7 9 8 9 
gr175_01_simulated.txt 15.0 108000.0 16 22 22 17 22 22 25 23 25 22 
gr175_02_simulated.txt 15.0 108000.0 19 23 21 25 19 17 20 19 23 15 
gr175_03_simulated.txt 15.0 108000.0 25 21 28 26 25 26 32 27 31 29 
gr175_04_simulated.txt 15.0 108000.0 15 11 13 11 13 12 13 16 13 13 
gr175_05_simulated.txt 15.0 108000.0 28 28 26 19 25 24 26 33 19 23 
gr175_06_simulated.txt 15.0 108000.0 21 27 22 20 17 17 20 22 17 19 
gr175_07_simulated.txt 15.0 108000.0 13 13 13 12 14 13 14 15 15 12 
gr175_08_simulated.txt 15.0 108000.0 26 26 22 23 23 24 24 24 23 24 
gr175_09_simulated.txt 15.0 108000.0 31 29 27 35 29 28 32 34 30 33 
gr175_010_simulated.txt 15.0 108000.0 23 23 22 22 22 25 22 30 25 24 
gr200_01_simulated.txt 15.0 108000.0 35 39 38 39 48 41 42 40 39 44 
gr200_04_simulated.txt 15.0 108000.0 34 31 32 30 32 32 27 31 34 32 
gr200_05_simulated.txt 15.0 108000.0 52 46 52 46 55 51 48 46 48 46 
gr200_06_simulated.txt 15.0 108000.0 45 48 48 49 46 47 46 44 54 46 
gr200_07_simulated.txt 15.0 108000.0 50 44 45 46 45 45 48 46 47 48 
gr200_08_simulated.txt 15.0 108000.0 35 35 36 36 40 36 34 39 35 40 
gr200_09_simulated.txt 15.0 108000.0 42 43 41 41 40 41 38 41 42 42 
gr200_010_simulated.txt 15.0 108000.0 30 32 32 31 26 31 23 33 31 29 
gr125_01_simulated.txt 20.0 13500.0 33 33 32 30 31 32 30 33 33 33 
gr125_02_simulated.txt 20.0 13500.0 10 10 9 9 10 9 9 8 10 10 
gr125_03_simulated.txt 20.0 13500.0 24 27 26 22 23 24 25 26 26 23 
gr125_04_simulated.txt 20.0 13500.0 12 15 14 13 13 14 14 15 15 14 
gr125_05_simulated.txt 20.0 13500.0 32 31 31 31 30 31 31 31 31 32 
gr125_06_simulated.txt 20.0 13500.0 23 24 21 24 25 27 25 23 23 23 
gr125_07_simulated.txt 20.0 13500.0 28 29 30 26 25 29 26 29 29 27 
gr125_08_simulated.txt 20.0 13500.0 12 12 11 13 11 13 12 12 11 12 
gr125_09_simulated.txt 20.0 13500.0 27 27 29 28 19 30 20 24 23 24 
gr125_010_simulated.txt 20.0 13500.0 30 30 29 28 29 28 28 27 28 29 
gr150_01_simulated.txt 20.0 13500.0 15 12 20 15 12 18 13 14 15 17 
gr150_02_simulated.txt 20.0 13500.0 22 23 21 23 22 24 22 24 20 22 
gr150_03_simulated.txt 20.0 13500.0 19 19 18 21 20 21 17 16 21 19 
gr150_04_simulated.txt 20.0 13500.0 11 9 10 8 10 10 14 9 10 10 
gr150_05_simulated.txt 20.0 13500.0 23 21 21 22 21 22 23 22 22 21 
gr150_06_simulated.txt 20.0 13500.0 22 20 24 21 25 22 23 26 21 21 
gr150_07_simulated.txt 20.0 13500.0 27 24 22 24 27 23 28 23 25 29 
gr150_08_simulated.txt 20.0 13500.0 16 15 16 16 14 14 14 14 15 16 
gr150_09_simulated.txt 20.0 13500.0 19 18 15 18 17 15 19 17 19 15 
gr150_010_simulated.txt 20.0 13500.0 8 8 11 9 11 11 9 9 10 12 
gr175_01_simulated.txt 20.0 13500.0 30 27 25 26 26 30 27 24 28 30 
gr175_02_simulated.txt 20.0 13500.0 34 33 30 30 31 33 31 33 35 31 
gr175_03_simulated.txt 20.0 13500.0 35 36 35 35 38 40 35 38 39 38 
gr175_04_simulated.txt 20.0 13500.0 24 24 22 24 25 24 23 25 22 21 
gr175_05_simulated.txt 20.0 13500.0 35 37 33 37 37 35 36 39 39 33 
gr175_06_simulated.txt 20.0 13500.0 32 29 29 33 33 32 34 34 34 33 
gr175_07_simulated.txt 20.0 13500.0 20 21 24 21 22 22 23 24 24 21 
gr175_08_simulated.txt 20.0 13500.0 40 42 42 38 37 37 41 39 37 39 
gr175_09_simulated.txt 20.0 13500.0 40 43 41 39 40 41 37 42 37 38 
gr175_010_simulated.txt 20.0 13500.0 39 34 38 36 36 40 38 39 37 32 
gr200_01_simulated.txt 20.0 13500.0 49 50 50 47 53 52 52 51 48 50 
gr200_04_simulated.txt 20.0 13500.0 40 41 45 43 46 47 44 43 49 43 
gr200_05_simulated.txt 20.0 13500.0 61 59 62 61 61 57 56 59 63 60 
gr200_06_simulated.txt 20.0 13500.0 57 60 64 60 65 60 62 63 55 64 
gr200_07_simulated.txt 20.0 13500.0 55 59 57 58 56 58 54 59 61 57 
gr200_08_simulated.txt 20.0 13500.0 48 48 47 45 51 48 47 47 49 51 
gr200_09_simulated.txt 20.0 13500.0 54 51 53 58 56 56 55 56 53 52 
gr200_010_simulated.txt 20.0 13500.0 42 41 43 39 39 39 45 41 41 41 
gr125_01_simulated.txt 20.0 27000.0 34 33 34 33 34 34 34 34 33 34 
gr125_02_simulated.txt 20.0 27000.0 8 10 9 10 9 9 9 10 8 9 
gr125_03_simulated.txt 20.0 27000.0 15 17 17 18 15 16 16 19 17 16 
gr125_04_simulated.txt 20.0 27000.0 14 11 15 14 15 14 13 13 14 14 
gr125_05_simulated.txt 20.0 27000.0 28 29 28 28 28 30 29 27 28 30 
gr125_06_simulated.txt 20.0 27000.0 18 24 21 18 23 19 25 20 24 23 
gr125_07_simulated.txt 20.0 27000.0 26 23 20 20 25 24 26 23 23 24 
gr125_08_simulated.txt 20.0 27000.0 11 10 11 10 10 11 11 9 9 10 
gr125_09_simulated.txt 20.0 27000.0 23 22 20 20 22 24 23 25 20 24 
gr125_010_simulated.txt 20.0 27000.0 23 25 22 22 25 22 22 24 26 24 
gr150_01_simulated.txt 20.0 27000.0 10 10 9 9 9 12 9 11 12 10 
gr150_02_simulated.txt 20.0 27000.0 17 18 18 17 20 16 17 17 17 16 
gr150_03_simulated.txt 20.0 27000.0 17 19 16 16 18 16 17 16 16 15 
gr150_04_simulated.txt 20.0 27000.0 6 5 4 4 6 3 5 6 6 6 
gr150_05_simulated.txt 20.0 27000.0 20 16 20 19 16 17 16 16 14 16 
gr150_06_simulated.txt 20.0 27000.0 21 22 22 20 17 19 18 18 19 17 
gr150_07_simulated.txt 20.0 27000.0 18 21 16 19 21 22 21 18 19 18 
gr150_08_simulated.txt 20.0 27000.0 10 11 11 13 10 12 11 10 10 11 
gr150_09_simulated.txt 20.0 27000.0 11 13 15 12 12 12 12 13 13 10 
gr150_010_simulated.txt 20.0 27000.0 8 8 8 7 9 8 8 9 7 7 
gr175_01_simulated.txt 20.0 27000.0 23 22 22 26 23 25 23 25 21 25 
gr175_02_simulated.txt 20.0 27000.0 24 23 21 23 24 23 26 23 25 24 
gr175_03_simulated.txt 20.0 27000.0 30 27 29 30 28 27 28 29 25 26 
gr175_04_simulated.txt 20.0 27000.0 15 19 20 17 17 17 18 16 18 17 
gr175_05_simulated.txt 20.0 27000.0 32 28 27 34 36 30 27 33 26 26 
gr175_06_simulated.txt 20.0 27000.0 23 26 27 27 21 24 23 23 27 26 
gr175_07_simulated.txt 20.0 27000.0 18 16 19 20 20 15 17 18 16 19 
gr175_08_simulated.txt 20.0 27000.0 29 26 34 30 36 27 33 29 34 34 
gr175_09_simulated.txt 20.0 27000.0 38 33 32 33 29 32 33 35 32 32 
gr175_010_simulated.txt 20.0 27000.0 29 31 27 30 27 26 25 29 28 34 
gr200_01_simulated.txt 20.0 27000.0 40 45 41 40 46 47 39 45 37 39 
gr200_04_simulated.txt 20.0 27000.0 40 36 35 34 37 36 34 34 37 37 
gr200_05_simulated.txt 20.0 27000.0 50 48 52 47 48 49 56 51 52 49 
gr200_06_simulated.txt 20.0 27000.0 45 55 48 48 49 46 46 52 47 48 
gr200_07_simulated.txt 20.0 27000.0 50 45 47 48 47 51 45 48 49 48 
gr200_08_simulated.txt 20.0 27000.0 36 41 35 35 42 42 41 38 41 41 
gr200_09_simulated.txt 20.0 27000.0 41 44 41 51 43 49 44 40 39 45 
gr200_010_simulated.txt 20.0 27000.0 32 33 34 35 33 34 36 32 34 37 
gr125_01_simulated.txt 20.0 54000.0 28 29 29 29 29 28 29 29 29 29 
gr125_02_simulated.txt 20.0 54000.0 10 9 10 9 9 9 10 10 10 9 
gr125_03_simulated.txt 20.0 54000.0 15 19 14 16 14 16 16 14 16 13 
gr125_04_simulated.txt 20.0 54000.0 11 13 12 13 12 14 12 11 12 11 
gr125_05_simulated.txt 20.0 54000.0 27 23 25 24 23 26 22 22 21 26 
gr125_06_simulated.txt 20.0 54000.0 22 23 22 22 22 19 24 23 21 21 
gr125_07_simulated.txt 20.0 54000.0 22 23 25 22 23 22 23 26 20 22 
gr125_08_simulated.txt 20.0 54000.0 11 5 6 13 8 7 8 12 8 11 
gr125_09_simulated.txt 20.0 54000.0 21 21 25 23 21 23 21 14 19 25 
gr125_010_simulated.txt 20.0 54000.0 27 24 29 28 25 28 27 27 28 26 
gr150_01_simulated.txt 20.0 54000.0 6 10 9 5 5 9 8 7 9 4 
gr150_02_simulated.txt 20.0 54000.0 13 15 13 17 19 17 12 13 16 12 
gr150_03_simulated.txt 20.0 54000.0 15 14 16 15 12 14 14 14 14 16 
gr150_04_simulated.txt 20.0 54000.0 9 8 8 8 9 9 7 8 8 9 
gr150_05_simulated.txt 20.0 54000.0 21 15 16 17 17 15 15 13 15 16 
gr150_06_simulated.txt 20.0 54000.0 14 9 13 13 8 14 12 9 9 8 
gr150_07_simulated.txt 20.0 54000.0 13 14 20 18 15 18 11 16 23 16 
gr150_08_simulated.txt 20.0 54000.0 7 9 5 10 9 8 9 8 10 12 
gr150_09_simulated.txt 20.0 54000.0 11 9 10 9 8 7 12 10 11 7 
gr150_010_simulated.txt 20.0 54000.0 7 6 6 6 6 7 7 6 7 6 
gr175_01_simulated.txt 20.0 54000.0 24 25 24 21 25 22 21 25 25 22 
gr175_02_simulated.txt 20.0 54000.0 22 20 19 18 21 22 20 23 24 23 
gr175_03_simulated.txt 20.0 54000.0 27 29 27 23 28 23 26 27 24 29 
gr175_04_simulated.txt 20.0 54000.0 20 14 17 19 14 19 22 19 21 16 
gr175_05_simulated.txt 20.0 54000.0 25 24 24 27 27 22 20 25 23 23 
gr175_06_simulated.txt 20.0 54000.0 20 20 21 23 22 21 23 19 24 22 
gr175_07_simulated.txt 20.0 54000.0 18 16 16 15 18 19 17 17 17 15 
gr175_08_simulated.txt 20.0 54000.0 26 27 23 25 30 30 28 25 28 26 
gr175_09_simulated.txt 20.0 54000.0 32 29 30 30 30 29 29 30 30 32 
gr175_010_simulated.txt 20.0 54000.0 24 22 26 24 24 22 24 22 21 23 
gr200_01_simulated.txt 20.0 54000.0 35 34 38 41 40 35 37 37 37 36 
gr200_04_simulated.txt 20.0 54000.0 28 29 28 31 31 26 28 34 31 29 
gr200_05_simulated.txt 20.0 54000.0 44 48 52 44 43 46 47 47 48 45 
gr200_06_simulated.txt 20.0 54000.0 44 44 44 45 41 53 46 45 39 43 
gr200_07_simulated.txt 20.0 54000.0 45 41 44 41 41 43 45 46 43 44 
gr200_08_simulated.txt 20.0 54000.0 35 37 38 32 33 31 34 35 32 35 
gr200_09_simulated.txt 20.0 54000.0 34 39 36 38 35 35 38 37 38 34 
gr200_010_simulated.txt 20.0 54000.0 32 29 31 27 30 30 31 30 30 28 
gr125_01_simulated.txt 20.0 81000.0 24 23 23 22 25 24 25 25 23 23 
gr125_02_simulated.txt 20.0 81000.0 10 10 10 10 10 10 10 10 10 10 
gr125_03_simulated.txt 20.0 81000.0 21 17 17 18 20 22 22 22 20 20 
gr125_04_simulated.txt 20.0 81000.0 10 11 12 13 9 8 12 12 11 11 
gr125_05_simulated.txt 20.0 81000.0 18 18 19 17 17 17 20 18 19 18 
gr125_06_simulated.txt 20.0 81000.0 12 15 14 16 19 11 15 15 14 17 
gr125_07_simulated.txt 20.0 81000.0 22 24 24 21 23 23 24 23 23 24 
gr125_08_simulated.txt 20.0 81000.0 12 13 12 11 11 9 13 13 9 10 
gr125_09_simulated.txt 20.0 81000.0 11 20 17 17 19 21 15 18 13 14 
gr125_010_simulated.txt 20.0 81000.0 23 23 26 22 23 25 22 24 24 23 
gr150_01_simulated.txt 20.0 81000.0 6 6 7 4 7 8 7 8 11 5 
gr150_02_simulated.txt 20.0 81000.0 10 10 9 15 11 14 10 10 10 10 
gr150_03_simulated.txt 20.0 81000.0 13 11 12 15 12 12 13 14 13 12 
gr150_04_simulated.txt 20.0 81000.0 6 7 7 8 7 7 8 7 6 7 
gr150_05_simulated.txt 20.0 81000.0 16 15 14 12 13 12 10 17 10 15 
gr150_06_simulated.txt 20.0 81000.0 9 11 12 5 10 9 10 11 8 10 
gr150_07_simulated.txt 20.0 81000.0 9 12 14 11 10 14 13 13 9 11 
gr150_08_simulated.txt 20.0 81000.0 7 10 11 10 11 10 11 7 11 8 
gr150_09_simulated.txt 20.0 81000.0 11 9 9 10 10 10 9 12 11 9 
gr150_010_simulated.txt 20.0 81000.0 7 7 6 7 7 7 7 8 6 6 
gr175_01_simulated.txt 20.0 81000.0 24 21 18 22 24 23 18 24 22 24 
gr175_02_simulated.txt 20.0 81000.0 21 19 19 20 25 25 23 21 17 22 
gr175_03_simulated.txt 20.0 81000.0 27 22 25 28 24 23 22 23 28 26 
gr175_04_simulated.txt 20.0 81000.0 16 17 14 19 11 18 15 14 16 10 
gr175_05_simulated.txt 20.0 81000.0 21 24 26 20 22 17 27 23 25 23 
gr175_06_simulated.txt 20.0 81000.0 13 12 13 12 23 13 11 11 14 13 
gr175_07_simulated.txt 20.0 81000.0 19 17 16 19 15 14 17 17 15 18 
gr175_08_simulated.txt 20.0 81000.0 18 21 28 27 29 23 29 21 26 22 
gr175_09_simulated.txt 20.0 81000.0 31 28 29 31 27 32 31 27 32 32 
gr175_010_simulated.txt 20.0 81000.0 19 22 20 23 18 23 22 20 15 20 
gr200_01_simulated.txt 20.0 81000.0 36 34 36 37 36 34 40 36 34 37 
gr200_04_simulated.txt 20.0 81000.0 27 27 29 36 34 24 29 29 26 32 
gr200_05_simulated.txt 20.0 81000.0 44 41 40 46 40 48 36 46 44 41 
gr200_06_simulated.txt 20.0 81000.0 37 46 44 43 40 39 41 36 41 41 
gr200_07_simulated.txt 20.0 81000.0 40 39 36 38 41 39 42 41 43 39 
gr200_08_simulated.txt 20.0 81000.0 33 36 35 35 35 33 32 35 36 31 
gr200_09_simulated.txt 20.0 81000.0 38 38 37 37 37 35 38 40 43 36 
gr200_010_simulated.txt 20.0 81000.0 23 30 29 30 25 30 30 24 28 27 
gr125_01_simulated.txt 20.0 108000.0 21 20 19 20 19 20 20 20 21 19 
gr125_02_simulated.txt 20.0 108000.0 10 10 9 10 10 10 10 10 10 10 
gr125_03_simulated.txt 20.0 108000.0 17 20 17 18 18 22 18 16 14 18 
gr125_04_simulated.txt 20.0 108000.0 15 11 15 12 15 12 14 13 15 14 
gr125_05_simulated.txt 20.0 108000.0 15 14 11 12 11 12 16 15 14 13 
gr125_06_simulated.txt 20.0 108000.0 15 12 14 15 16 15 15 15 13 14 
gr125_07_simulated.txt 20.0 108000.0 16 19 19 18 18 18 20 18 18 15 
gr125_08_simulated.txt 20.0 108000.0 9 13 10 13 6 9 14 9 13 12 
gr125_09_simulated.txt 20.0 108000.0 13 13 11 15 10 15 15 11 13 9 
gr125_010_simulated.txt 20.0 108000.0 18 17 19 17 19 20 19 17 19 17 
gr150_01_simulated.txt 20.0 108000.0 9 12 9 7 9 10 8 9 9 9 
gr150_02_simulated.txt 20.0 108000.0 9 7 11 12 12 12 10 14 12 11 
gr150_03_simulated.txt 20.0 108000.0 14 12 16 13 14 15 11 12 11 10 
gr150_04_simulated.txt 20.0 108000.0 7 6 7 8 8 7 8 7 7 8 
gr150_05_simulated.txt 20.0 108000.0 15 12 15 14 12 16 15 13 16 16 
gr150_06_simulated.txt 20.0 108000.0 15 16 12 11 16 17 16 10 17 16 
gr150_07_simulated.txt 20.0 108000.0 20 15 13 17 20 16 18 19 17 19 
gr150_08_simulated.txt 20.0 108000.0 9 6 6 7 8 7 8 7 6 7 
gr150_09_simulated.txt 20.0 108000.0 11 11 11 9 11 11 11 11 10 11 
gr150_010_simulated.txt 20.0 108000.0 6 6 5 8 5 6 7 6 8 7 
gr175_01_simulated.txt 20.0 108000.0 21 16 19 18 19 26 22 19 24 19 
gr175_02_simulated.txt 20.0 108000.0 22 16 20 23 18 19 21 19 15 13 
gr175_03_simulated.txt 20.0 108000.0 32 20 20 20 30 28 27 18 20 22 
gr175_04_simulated.txt 20.0 108000.0 11 15 10 14 12 15 11 11 12 15 
gr175_05_simulated.txt 20.0 108000.0 20 16 21 19 19 24 27 16 17 19 
gr175_06_simulated.txt 20.0 108000.0 17 14 18 16 16 16 19 16 19 23 
gr175_07_simulated.txt 20.0 108000.0 14 11 16 14 13 14 12 13 14 14 
gr175_08_simulated.txt 20.0 108000.0 21 20 21 22 20 30 18 20 14 20 
gr175_09_simulated.txt 20.0 108000.0 31 31 28 29 28 26 31 28 27 22 
gr175_010_simulated.txt 20.0 108000.0 17 22 19 21 17 23 19 25 16 16 
gr200_01_simulated.txt 20.0 108000.0 32 30 29 38 33 29 30 34 31 36 
gr200_04_simulated.txt 20.0 108000.0 29 26 25 29 27 32 21 27 24 29 
gr200_05_simulated.txt 20.0 108000.0 44 38 46 45 42 39 40 39 41 40 
gr200_06_simulated.txt 20.0 108000.0 34 44 40 35 41 40 38 38 39 40 
gr200_07_simulated.txt 20.0 108000.0 38 37 41 41 37 39 36 38 41 42 
gr200_08_simulated.txt 20.0 108000.0 27 29 26 34 35 29 29 33 34 33 
gr200_09_simulated.txt 20.0 108000.0 36 40 33 39 31 33 34 38 34 36 
gr200_010_simulated.txt 20.0 108000.0 26 26 21 24 23 24 23 29 27 25 
gr125_01_simulated.txt 25.0 13500.0 33 33 33 31 32 31 32 32 32 33 
gr125_02_simulated.txt 25.0 13500.0 9 7 9 10 9 9 9 10 9 9 
gr125_03_simulated.txt 25.0 13500.0 27 23 25 23 24 22 23 21 23 22 
gr125_04_simulated.txt 25.0 13500.0 15 15 13 13 15 13 14 12 15 15 
gr125_05_simulated.txt 25.0 13500.0 32 31 31 31 31 32 32 32 31 31 
gr125_06_simulated.txt 25.0 13500.0 27 27 26 25 23 20 26 26 25 24 
gr125_07_simulated.txt 25.0 13500.0 29 26 25 28 29 28 25 28 23 25 
gr125_08_simulated.txt 25.0 13500.0 11 12 11 13 12 12 12 10 13 12 
gr125_09_simulated.txt 25.0 13500.0 22 25 24 21 21 22 23 23 23 17 
gr125_010_simulated.txt 25.0 13500.0 27 26 26 28 28 29 28 29 26 29 
gr150_01_simulated.txt 25.0 13500.0 15 16 13 12 15 15 14 10 13 12 
gr150_02_simulated.txt 25.0 13500.0 21 22 23 22 20 20 21 20 21 21 
gr150_03_simulated.txt 25.0 13500.0 17 19 19 19 18 19 16 17 18 19 
gr150_04_simulated.txt 25.0 13500.0 10 10 11 8 10 9 10 10 9 7 
gr150_05_simulated.txt 25.0 13500.0 21 22 22 21 22 20 23 21 23 21 
gr150_06_simulated.txt 25.0 13500.0 19 23 23 19 19 21 22 23 26 24 
gr150_07_simulated.txt 25.0 13500.0 23 25 22 23 29 25 17 25 25 25 
gr150_08_simulated.txt 25.0 13500.0 14 14 15 13 13 13 16 14 14 14 
gr150_09_simulated.txt 25.0 13500.0 16 16 16 18 15 17 18 18 15 17 
gr150_010_simulated.txt 25.0 13500.0 11 9 10 11 9 9 9 10 8 9 
gr175_01_simulated.txt 25.0 13500.0 31 27 26 28 26 27 24 25 26 27 
gr175_02_simulated.txt 25.0 13500.0 27 33 29 32 33 32 32 32 32 30 
gr175_03_simulated.txt 25.0 13500.0 34 35 34 32 33 36 38 36 38 38 
gr175_04_simulated.txt 25.0 13500.0 22 22 20 23 21 24 24 21 24 26 
gr175_05_simulated.txt 25.0 13500.0 38 41 36 41 35 33 38 35 33 38 
gr175_06_simulated.txt 25.0 13500.0 32 35 29 31 29 31 32 30 30 30 
gr175_07_simulated.txt 25.0 13500.0 24 24 22 23 22 22 21 22 26 23 
gr175_08_simulated.txt 25.0 13500.0 38 36 41 37 37 39 38 38 41 37 
gr175_09_simulated.txt 25.0 13500.0 36 38 38 35 42 42 41 36 40 35 
gr175_010_simulated.txt 25.0 13500.0 32 39 38 33 37 34 36 39 33 37 
gr200_01_simulated.txt 25.0 13500.0 52 52 52 51 45 51 49 50 48 45 
gr200_04_simulated.txt 25.0 13500.0 40 43 43 43 41 45 41 41 44 43 
gr200_05_simulated.txt 25.0 13500.0 58 54 59 57 53 61 58 58 56 61 
gr200_06_simulated.txt 25.0 13500.0 53 62 59 58 57 55 59 64 62 58 
gr200_07_simulated.txt 25.0 13500.0 59 63 59 57 56 55 54 60 57 55 
gr200_08_simulated.txt 25.0 13500.0 49 46 45 48 45 46 51 46 50 48 
gr200_09_simulated.txt 25.0 13500.0 56 58 55 61 49 51 54 52 54 51 
gr200_010_simulated.txt 25.0 13500.0 40 39 39 36 41 41 40 42 36 41 
gr125_01_simulated.txt 25.0 27000.0 34 33 34 33 33 34 34 32 33 33 
gr125_02_simulated.txt 25.0 27000.0 9 9 9 9 9 9 9 9 9 9 
gr125_03_simulated.txt 25.0 27000.0 15 19 16 14 15 19 18 18 15 18 
gr125_04_simulated.txt 25.0 27000.0 12 15 13 14 13 13 13 15 13 14 
gr125_05_simulated.txt 25.0 27000.0 28 27 29 29 29 29 27 27 28 29 
gr125_06_simulated.txt 25.0 27000.0 19 22 16 22 23 22 21 24 21 23 
gr125_07_simulated.txt 25.0 27000.0 21 22 23 20 19 23 22 18 18 26 
gr125_08_simulated.txt 25.0 27000.0 10 9 10 9 10 10 9 9 8 10 
gr125_09_simulated.txt 25.0 27000.0 16 14 16 19 18 14 18 23 17 15 
gr125_010_simulated.txt 25.0 27000.0 23 23 20 21 23 21 22 22 23 23 
gr150_01_simulated.txt 25.0 27000.0 15 10 9 10 10 9 10 9 11 12 
gr150_02_simulated.txt 25.0 27000.0 13 14 13 17 16 19 16 17 16 14 
gr150_03_simulated.txt 25.0 27000.0 15 14 15 16 16 15 15 18 16 17 
gr150_04_simulated.txt 25.0 27000.0 4 7 3 4 4 4 6 7 5 3 
gr150_05_simulated.txt 25.0 27000.0 17 15 15 14 16 16 17 18 14 14 
gr150_06_simulated.txt 25.0 27000.0 20 19 21 19 19 21 16 22 20 22 
gr150_07_simulated.txt 25.0 27000.0 19 20 18 19 16 14 22 18 19 16 
gr150_08_simulated.txt 25.0 27000.0 10 15 12 15 11 12 14 12 13 10 
gr150_09_simulated.txt 25.0 27000.0 13 11 12 11 12 14 10 10 12 11 
gr150_010_simulated.txt 25.0 27000.0 10 7 8 7 8 9 9 8 8 7 
gr175_01_simulated.txt 25.0 27000.0 20 23 22 24 22 20 21 20 23 23 
gr175_02_simulated.txt 25.0 27000.0 22 22 23 22 21 24 24 22 22 24 
gr175_03_simulated.txt 25.0 27000.0 23 31 31 26 29 28 27 30 31 28 
gr175_04_simulated.txt 25.0 27000.0 18 18 17 20 22 18 22 17 18 21 
gr175_05_simulated.txt 25.0 27000.0 31 26 31 29 25 32 24 30 27 30 
gr175_06_simulated.txt 25.0 27000.0 22 23 25 22 22 21 23 26 24 25 
gr175_07_simulated.txt 25.0 27000.0 19 14 18 17 18 15 17 18 19 16 
gr175_08_simulated.txt 25.0 27000.0 29 29 29 30 31 31 28 30 28 32 
gr175_09_simulated.txt 25.0 27000.0 31 34 31 34 32 34 33 33 33 33 
gr175_010_simulated.txt 25.0 27000.0 24 27 26 25 25 25 21 25 24 30 
gr200_01_simulated.txt 25.0 27000.0 38 43 37 40 34 40 37 40 45 40 
gr200_04_simulated.txt 25.0 27000.0 33 32 37 35 32 35 37 38 32 36 
gr200_05_simulated.txt 25.0 27000.0 42 46 49 51 45 46 47 49 45 44 
gr200_06_simulated.txt 25.0 27000.0 49 45 43 49 48 45 50 45 47 49 
gr200_07_simulated.txt 25.0 27000.0 46 47 46 51 43 48 48 49 45 46 
gr200_08_simulated.txt 25.0 27000.0 35 38 38 38 38 36 33 39 38 36 
gr200_09_simulated.txt 25.0 27000.0 39 40 39 41 41 41 43 36 41 36 
gr200_010_simulated.txt 25.0 27000.0 27 29 28 29 31 31 31 27 30 31 
gr125_01_simulated.txt 25.0 54000.0 29 29 29 27 29 28 28 29 28 28 
gr125_02_simulated.txt 25.0 54000.0 9 9 9 10 10 9 10 9 9 9 
gr125_03_simulated.txt 25.0 54000.0 15 20 16 21 13 13 15 17 10 10 
gr125_04_simulated.txt 25.0 54000.0 14 12 11 11 11 14 12 13 12 13 
gr125_05_simulated.txt 25.0 54000.0 20 21 26 20 21 20 22 21 22 22 
gr125_06_simulated.txt 25.0 54000.0 18 19 20 23 20 20 18 19 21 23 
gr125_07_simulated.txt 25.0 54000.0 22 24 22 22 21 25 22 19 21 22 
gr125_08_simulated.txt 25.0 54000.0 8 9 8 8 8 8 6 8 7 8 
gr125_09_simulated.txt 25.0 54000.0 21 18 12 23 17 19 18 20 13 22 
gr125_010_simulated.txt 25.0 54000.0 25 21 22 25 22 24 27 26 24 24 
gr150_01_simulated.txt 25.0 54000.0 5 4 10 4 5 4 4 5 6 6 
gr150_02_simulated.txt 25.0 54000.0 13 13 12 17 10 15 14 11 13 13 
gr150_03_simulated.txt 25.0 54000.0 14 16 13 13 15 15 13 14 14 14 
gr150_04_simulated.txt 25.0 54000.0 9 7 8 8 8 8 8 9 8 9 
gr150_05_simulated.txt 25.0 54000.0 13 15 16 12 15 12 13 16 12 15 
gr150_06_simulated.txt 25.0 54000.0 11 14 16 9 16 13 9 11 10 7 
gr150_07_simulated.txt 25.0 54000.0 13 20 16 17 21 19 16 15 15 18 
gr150_08_simulated.txt 25.0 54000.0 11 8 10 10 8 7 9 12 9 14 
gr150_09_simulated.txt 25.0 54000.0 7 8 10 8 7 8 8 7 9 9 
gr150_010_simulated.txt 25.0 54000.0 8 8 8 8 8 8 8 8 7 7 
gr175_01_simulated.txt 25.0 54000.0 24 25 24 26 20 29 24 21 20 25 
gr175_02_simulated.txt 25.0 54000.0 18 22 21 20 19 19 20 20 21 21 
gr175_03_simulated.txt 25.0 54000.0 26 29 23 26 23 24 22 23 26 26 
gr175_04_simulated.txt 25.0 54000.0 20 12 17 19 15 21 18 20 15 18 
gr175_05_simulated.txt 25.0 54000.0 24 22 25 28 25 21 23 24 24 25 
gr175_06_simulated.txt 25.0 54000.0 20 20 17 20 23 21 18 15 17 19 
gr175_07_simulated.txt 25.0 54000.0 14 18 13 16 14 12 19 16 17 12 
gr175_08_simulated.txt 25.0 54000.0 22 21 26 25 20 24 26 24 22 26 
gr175_09_simulated.txt 25.0 54000.0 30 29 28 29 27 30 31 32 26 25 
gr175_010_simulated.txt 25.0 54000.0 21 24 21 24 21 22 17 25 23 22 
gr200_01_simulated.txt 25.0 54000.0 33 32 32 31 31 37 34 34 33 35 
gr200_04_simulated.txt 25.0 54000.0 33 30 30 27 20 23 32 24 31 27 
gr200_05_simulated.txt 25.0 54000.0 39 44 42 37 41 44 35 42 42 35 
gr200_06_simulated.txt 25.0 54000.0 38 37 38 34 41 37 39 42 37 44 
gr200_07_simulated.txt 25.0 54000.0 45 45 43 38 41 42 37 42 48 41 
gr200_08_simulated.txt 25.0 54000.0 31 31 34 34 34 30 33 31 33 36 
gr200_09_simulated.txt 25.0 54000.0 37 33 35 37 33 33 35 33 37 33 
gr200_010_simulated.txt 25.0 54000.0 29 27 27 28 29 30 24 25 30 25 
gr125_01_simulated.txt 25.0 81000.0 24 24 24 24 21 23 23 23 25 23 
gr125_02_simulated.txt 25.0 81000.0 10 10 10 10 10 10 10 10 10 10 
gr125_03_simulated.txt 25.0 81000.0 19 18 22 19 19 19 22 20 22 22 
gr125_04_simulated.txt 25.0 81000.0 10 9 11 11 10 14 10 13 12 10 
gr125_05_simulated.txt 25.0 81000.0 17 17 18 15 19 17 17 19 17 17 
gr125_06_simulated.txt 25.0 81000.0 16 17 16 16 18 13 20 15 17 15 
gr125_07_simulated.txt 25.0 81000.0 23 21 25 21 23 23 20 22 20 21 
gr125_08_simulated.txt 25.0 81000.0 7 3 13 7 8 5 6 9 6 8 
gr125_09_simulated.txt 25.0 81000.0 18 20 12 18 19 16 11 18 14 16 
gr125_010_simulated.txt 25.0 81000.0 22 24 21 22 22 22 23 22 22 23 
gr150_01_simulated.txt 25.0 81000.0 4 5 6 6 10 6 6 4 6 5 
gr150_02_simulated.txt 25.0 81000.0 11 11 9 9 11 12 13 9 7 12 
gr150_03_simulated.txt 25.0 81000.0 10 13 11 16 15 11 11 13 12 13 
gr150_04_simulated.txt 25.0 81000.0 6 8 6 7 6 6 6 6 6 7 
gr150_05_simulated.txt 25.0 81000.0 12 13 12 16 12 13 14 12 12 11 
gr150_06_simulated.txt 25.0 81000.0 9 11 11 8 6 5 11 10 8 10 
gr150_07_simulated.txt 25.0 81000.0 10 9 7 9 10 8 8 10 8 8 
gr150_08_simulated.txt 25.0 81000.0 9 8 8 9 7 6 7 8 7 10 
gr150_09_simulated.txt 25.0 81000.0 12 10 13 11 9 10 10 9 10 9 
gr150_010_simulated.txt 25.0 81000.0 6 5 6 8 6 6 7 6 5 6 
gr175_01_simulated.txt 25.0 81000.0 25 21 21 16 22 15 18 19 17 27 
gr175_02_simulated.txt 25.0 81000.0 18 20 18 20 21 26 20 18 16 20 
gr175_03_simulated.txt 25.0 81000.0 22 22 25 20 25 21 18 22 19 19 
gr175_04_simulated.txt 25.0 81000.0 19 17 15 16 13 13 10 19 13 17 
gr175_05_simulated.txt 25.0 81000.0 17 20 19 22 17 19 19 18 21 20 
gr175_06_simulated.txt 25.0 81000.0 13 17 18 20 18 13 13 11 10 17 
gr175_07_simulated.txt 25.0 81000.0 16 19 19 14 14 18 18 16 17 16 
gr175_08_simulated.txt 25.0 81000.0 16 25 17 20 21 18 14 23 17 26 
gr175_09_simulated.txt 25.0 81000.0 30 27 31 27 29 33 30 30 25 28 
gr175_010_simulated.txt 25.0 81000.0 19 20 18 20 17 16 19 17 17 21 
gr200_01_simulated.txt 25.0 81000.0 32 35 33 38 36 31 31 35 39 34 
gr200_04_simulated.txt 25.0 81000.0 22 22 27 21 24 28 22 26 24 30 
gr200_05_simulated.txt 25.0 81000.0 32 39 31 38 38 37 39 34 32 38 
gr200_06_simulated.txt 25.0 81000.0 37 34 41 36 36 36 30 32 38 34 
gr200_07_simulated.txt 25.0 81000.0 44 31 33 43 31 34 34 35 34 34 
gr200_08_simulated.txt 25.0 81000.0 33 27 27 27 24 28 29 27 30 29 
gr200_09_simulated.txt 25.0 81000.0 35 30 28 31 34 33 32 31 29 38 
gr200_010_simulated.txt 25.0 81000.0 24 26 25 22 27 24 21 26 28 26 
gr125_01_simulated.txt 25.0 108000.0 20 20 20 20 19 18 19 21 20 20 
gr125_02_simulated.txt 25.0 108000.0 10 10 10 10 10 10 10 10 10 10 
gr125_03_simulated.txt 25.0 108000.0 19 18 16 17 19 17 17 16 22 16 
gr125_04_simulated.txt 25.0 108000.0 15 14 14 16 12 14 14 14 14 14 
gr125_05_simulated.txt 25.0 108000.0 10 9 10 12 12 11 21 12 10 11 
gr125_06_simulated.txt 25.0 108000.0 11 9 15 16 10 11 8 14 8 8 
gr125_07_simulated.txt 25.0 108000.0 20 16 14 18 18 19 22 16 16 18 
gr125_08_simulated.txt 25.0 108000.0 12 13 9 13 13 13 13 13 14 13 
gr125_09_simulated.txt 25.0 108000.0 16 13 11 11 12 8 9 11 7 12 
gr125_010_simulated.txt 25.0 108000.0 18 18 17 17 15 15 15 15 17 17 
gr150_01_simulated.txt 25.0 108000.0 8 8 9 8 9 9 6 8 7 9 
gr150_02_simulated.txt 25.0 108000.0 13 12 9 12 12 13 7 13 13 13 
gr150_03_simulated.txt 25.0 108000.0 13 13 11 16 12 14 11 14 18 11 
gr150_04_simulated.txt 25.0 108000.0 7 8 7 5 5 6 7 7 8 6 
gr150_05_simulated.txt 25.0 108000.0 15 15 15 17 16 16 17 14 16 14 
gr150_06_simulated.txt 25.0 108000.0 7 14 6 4 20 15 3 3 11 4 
gr150_07_simulated.txt 25.0 108000.0 12 15 16 16 12 13 16 13 15 18 
gr150_08_simulated.txt 25.0 108000.0 6 5 6 6 6 6 6 3 6 6 
gr150_09_simulated.txt 25.0 108000.0 13 12 10 12 11 10 9 11 10 11 
gr150_010_simulated.txt 25.0 108000.0 6 6 6 5 5 6 5 4 5 6 
gr175_01_simulated.txt 25.0 108000.0 22 22 16 20 19 20 17 18 19 14 
gr175_02_simulated.txt 25.0 108000.0 19 20 17 16 18 12 20 16 17 17 
gr175_03_simulated.txt 25.0 108000.0 18 14 16 14 15 26 22 16 14 16 
gr175_04_simulated.txt 25.0 108000.0 15 8 8 12 6 15 11 15 11 12 
gr175_05_simulated.txt 25.0 108000.0 16 14 18 18 17 16 18 22 17 19 
gr175_06_simulated.txt 25.0 108000.0 17 7 17 13 15 14 14 8 11 9 
gr175_07_simulated.txt 25.0 108000.0 14 12 13 10 11 12 15 12 12 13 
gr175_08_simulated.txt 25.0 108000.0 25 18 19 13 21 27 14 18 18 15 
gr175_09_simulated.txt 25.0 108000.0 30 26 32 26 27 32 31 28 24 29 
gr175_010_simulated.txt 25.0 108000.0 13 18 18 14 17 19 17 17 17 17 
gr200_01_simulated.txt 25.0 108000.0 29 33 28 35 35 31 29 27 35 28 
gr200_04_simulated.txt 25.0 108000.0 24 29 21 28 18 21 23 24 25 19 
gr200_05_simulated.txt 25.0 108000.0 35 35 42 35 31 37 33 34 37 31 
gr200_06_simulated.txt 25.0 108000.0 34 32 34 32 30 32 33 31 36 33 
gr200_07_simulated.txt 25.0 108000.0 32 40 32 29 40 31 36 38 32 33 
gr200_08_simulated.txt 25.0 108000.0 31 27 21 25 21 33 32 22 33 26 
gr200_09_simulated.txt 25.0 108000.0 25 30 31 29 28 29 26 30 29 32 
gr200_010_simulated.txt 25.0 108000.0 21 26 26 25 24 27 25 19 29 27 
