250.0 250.0
175.0 111.0 0.35883012304837497 9985.243088575662
244 67 0.025787534052080174 7999.870934324363
107 287 0.3031460757908605 10237.866725682516
132 130 0.1235982838438432 7781.404949550917
244 67 0.4579546925769266 8733.078797410242
88 21 0.15592759511930765 7759.225088377996
390 45 0.3910527011093804 10782.38545787731
156 360 0.06192317344224236 10408.427072844961
22 125 0.06725757113141445 7820.526980771542
115 447 0.4642490561080462 10616.14953917285
306 99 0.2004784506428965 9692.039425979008
11 88 0.390414510098222 10313.36851906257
310 299 0.0672210612039102 8193.440522826006
203 241 0.31517295842063264 7898.925181406008
34 79 0.27241687083851124 9731.776877477023
91 182 0.18617759563260453 7626.653798020749
400 353 0.1378157177184643 9509.199449867949
255 212 0.3416869235296015 9658.47259808419
426 181 0.24484355157982177 8492.999096352207
112 339 0.09785642309492001 8735.592475362299
373 267 0.21728577451149653 9647.69330841769
410 94 0.4823912432998285 8549.703711898492
216 245 0.31698125219550427 10697.898331671882
406 306 0.05241021028149469 7658.515487520919
152 75 0.23255613380306706 9288.91497978373
111 31 0.2341691410766245 9044.355831413097
275 239 0.038389756934173076 9879.154376085533
412 68 0.26286517323707803 9105.94235973423
462 185 0.49044038096560266 10255.297793608961
326 9 0.3641766569792158 9860.469385010554
186 178 0.21671435120235538 8947.768374939418
48 342 0.05440992891350241 10066.587938789731
464 345 0.4584761333890823 9674.659008492645
158 368 0.4629037304992975 7996.281911232421
121 96 0.31461322189717233 9087.698392708844
65 182 0.47794715362165413 9696.617748246947
146 50 0.06989483140725607 10015.28566646345
22 327 0.45551470499103547 9346.71394684684
259 245 0.36833577940710754 7958.3769304933485
71 267 0.2594689013047386 8371.452845696098
248 455 0.279708579733488 7620.0314456719925
399 230 0.33714084440272274 7688.73163515129
340 397 0.38284035407737893 9737.437752143309
189 408 0.4583592949231184 8062.072633139756
457 199 0.16549056481963512 10542.298273700191
234 391 0.427519711062828 8900.364631258983
253 370 0.3991836851846352 9223.214845045137
109 23 0.1130255870142176 8276.43545853879
419 178 0.4639374549138898 8019.136091996371
389 297 0.31104686685501176 8441.436049067313
204 403 0.05338694978133337 8442.809282093287
162 62 0.12435600688424012 9062.07183338792
95 124 0.07008487433626857 7934.624414838932
314 491 0.18329486766109745 8913.392843750145
194 444 0.3772599393977702 8915.666425524865
136 197 0.18611740148627282 7660.003021133636
389 240 0.4950668717002405 7829.31690768165
428 446 0.2529434600678441 9551.257362643097
206 293 0.4731375008610761 8137.35416575212
43 113 0.4547849722088883 9338.850354532451
103 295 0.30443008077708744 9703.946155160793
338 80 0.4247699750419611 9965.491854061047
440 441 0.4288983075116745 8182.702171459327
84 339 0.36873734255107604 9864.891759919095
38 408 0.06905255984738376 9806.032570260777
207 261 0.31255039915238586 7928.986220648001
233 11 0.07214840920683119 7651.68204513715
492 454 0.433336888105572 7820.514314698139
308 481 0.019189640804635005 8469.222485637969
40 186 0.4419411752653149 8975.700377301988
342 164 0.37629619733324926 10192.507548304678
275 400 0.34046852486595464 8959.182066829853
138 274 0.41753907594576817 8723.73685031284
73 240 0.012859695799461262 8094.590430673171
141 117 0.351808123044119 9467.468618387262
431 77 0.4846959780827816 9551.837537967509
390 437 0.05744780313663789 7566.138951243425
410 113 0.2513603048480513 9189.687604768562
315 150 0.06532973576170215 8537.808415066178
118 296 0.09448319193076336 9666.499775886656
20 434 0.4413699254232412 8415.650048071037
315 47 0.07687182984712794 9040.778048993188
200 54 0.4995474748443152 9158.644337501753
485 308 0.15101747576713964 10613.126223241547
478 42 0.4392122717341103 9758.270377343026
357 394 0.21224773741233338 9407.284784535454
305 8 0.3662225618305299 8648.356412247076
120 221 0.04554610142763536 10648.971078711764
416 353 0.1502780198570553 10014.465085730644
52 294 0.3947874272602822 8524.760697079164
391 367 0.03683021329514447 10135.661901689156
59 496 0.39405749504698573 9649.561905054725
286 90 0.3554215122801455 9836.29327382983
156 10 0.042650385014678674 9760.362738702901
323 31 0.11159511566284769 9390.819847778077
245 228 0.15390023367272063 8973.150174504459
367 425 0.2871336470060778 9789.45498660821
239 96 0.053431938295616134 10746.68905735026
282 464 0.40830999433099086 9257.502871526378
242 107 0.48430506174531596 7623.7173768816965
