250.0 250.0
149.0 172.0 0.4278599149839987 10764.287716897124
250 60 0.014183532842369943 7799.010073974404
275 178 0.42515930803885704 10527.109137784248
167 293 0.4387120155055912 8305.637760942214
72 66 0.15039001144585074 8055.955612606132
257 5 0.035537205062409864 10607.39567868618
78 69.0 0.1488530932738816 10187.938087759127
336 384 0.3707023414207309 9229.063591690503
181 75 0.4313815679991844 8467.671941542165
192 226 0.3074573796656051 10498.980372350687
208 40 0.2876742259622504 10657.070639185557
164 196 0.20671662257057405 8275.14003537087
299 441 0.1758538474133116 7822.5970234509
384 223 0.3674587873227499 9706.783434320107
438 184 0.07195767688167626 9780.65975861962
430 312 0.035618407484917326 9867.560172771711
361 320 0.09477867696782849 7582.214172432737
491 162 0.3948267821849321 8782.59688953609
331 419 0.3150311172108055 8644.396456578928
398 266 0.47356187196896626 10111.61773660951
167 344 0.4873233524486663 9439.707740405924
347 302 0.27128326863609964 8740.671972710503
186 221 0.36566871748919527 9580.404816524324
484 125 0.3497138324735849 9357.1487655024
30 153 0.1395151548872253 9413.251879823869
437 322 0.4739767052725455 7586.318907288779
94 33 0.13511893376224193 8847.82123751046
411 192 0.04375631135390076 7791.878319598442
479 267 0.27613448461549633 7879.393612286159
59 235 0.0643204260477117 7822.360270364849
232 415 0.4116236186678721 7860.801827926631
31 334 0.1353136394809468 8690.703512959157
312 320 0.2142779624812141 8029.274965006116
423 459 0.4523337560903696 7765.775304514144
269 479 0.34907953150172516 10368.802654880617
191 369 0.23931775657826918 8146.040670184336
440 480 0.17985805569568422 10404.2970126146
188 295 0.4317370088244009 9976.598344150527
310 91 0.43765675452637953 7597.912788790225
84 69 0.23885833480567073 8797.072197618916
438 217 0.11649156484729638 8456.83980305946
463 278 0.3722359156585433 8922.009609028588
102 50 0.10516840833503899 10256.764597509773
365 387 0.48094435332993907 8672.942859542187
92 191 0.35937638382225434 10192.423097644714
426 398 0.2518127548003225 10440.207477492491
366 169 0.0393360307061027 10220.163367894791
410 67 0.10960620956558707 10794.044816957092
436 102 0.01533400695431333 7746.913497426302
172 145 0.09248231392404925 8683.168477216579
427 287 0.35639200664013393 10462.395475427595
411 412 0.07121764543132703 9251.076499850877
255 125 0.4531619999058849 7902.83705752999
286 343 0.1332663357490533 8407.262855616096
469 294 0.1019611995853266 9562.765535711245
163 249 0.0642701023706625 8984.605715897022
157 352 0.22273359955769206 10167.916534295848
65 106 0.11790549732878669 10061.617057136582
472 435 0.41174017160103593 7978.855777844227
269 488 0.45846770296469214 7901.117603564882
359 400 0.36080530769850994 9192.447118955099
299 106 0.016075777873569484 10587.84011390379
61 261 0.3654010617965599 9939.395364144853
197 89 0.3819123094782007 8694.669826412468
389 194 0.200201601957442 8783.85888379133
252 232 0.1970675756922977 10252.069272899254
307 128 0.1786878681702808 8268.278763011316
118 60 0.09924158403847402 8796.696333406322
353 20 0.24220299453243493 8251.038878951065
248 100 0.4549897853038276 10643.72598200221
215 499 0.3011556567929228 9582.052890232417
450 166 0.07973876213996828 8271.408350946742
343 27 0.40542768253577305 9424.191263298599
383 9 0.37276440940040145 9180.857150707423
319 366 0.27877308082714675 10592.579145105294
70 49 0.1321073014978945 10153.474063703754
355 10 0.0405275660689411 9559.823280114115
119 41 0.23099252665596393 7939.3128014845315
27 250 0.42883940306863527 9310.308018865828
496 290 0.04442837199005229 9774.035688559135
202 384 0.21684637955936095 9064.357796957063
76 107 0.06547227840671836 9665.596858942736
64 456 0.29375067131962274 8763.569023643387
197 403 0.2106555737030829 7744.911308252522
272 112 0.419007546101654 9354.53107925424
123 311 0.25852284270850995 10140.203519867146
253 370 0.14749877019256655 7593.928424881748
93 364 0.04287528680756391 9863.35027802104
241 353 0.027738118195979246 9624.24631470658
15 231 0.2285916079999417 9936.1650382156
379 465 0.3326197654476432 9577.319048253557
390 454 0.06260608647353857 10776.829602234118
405 273 0.47547008572650656 9643.150277359371
237 374 0.44167677788124515 10074.141889085415
455 229 0.417011930162537 10642.313412694093
312 140 0.1127058300939179 8237.138882789224
362 175 0.23631671842156304 9368.72543490204
478 102 0.17885739867820863 9004.511339084174
197 170 0.04354395524868022 9494.837410250502
309 368 0.08728753259732779 8737.387783392986
