250.0 250.0
140.0 164.0 0.13324561537764476 8233.780282261676
85 57.0 0.04350000631362552 8187.414624253043
147 7 0.10356833349215017 9025.300637175196
204 331 0.2872592549955774 8444.345560264639
133 445 0.3921961004076672 9067.870879602842
151 25 0.0748398613232918 7941.387061631395
131 224 0.07405700166644583 10665.755891819044
187 266 0.06769336631107306 8251.822521836548
262 537 0.3530012465770448 8959.32739310574
97 91 0.23303431746236358 10465.209888796471
132 194 0.20229641593647021 8624.270626809444
366 215 0.247430829744136 8731.81484510889
266 372 0.06218569012344384 8650.364328092966
264 21 0.28905776988358445 9208.42434417222
402 445 0.48289052971960156 7633.78498645762
222 313 0.4263205089747381 8246.428672978525
98 480 0.022968181263817566 8014.82178683343
155 143 0.3807158388425875 10219.22719550841
230 87 0.23404669176769669 8633.26690444344
287 218 0.029686610044572563 10031.165268077228
360 100 0.03247244473626046 10515.712872800417
390 21 0.37389438990015517 8852.593303372993
53 387 0.37493695819381273 9888.29080354172
214 479 0.39212356641556073 8640.350904890074
492 380 0.2996623843076933 10775.713297076973
287 66 0.44309690691564413 8608.057401755255
496 288 0.1536665719850565 7829.256254892256
418 277 0.3747852808402704 9820.501319340772
240 227 0.06762072602638687 8325.172660145827
321 177 0.2164917062688428 7930.6015830539
334 448 0.3586683828201861 10790.113525426532
441 426 0.03802389048910342 10097.099397675658
4 189 0.4969163609086246 10696.932795587523
270 165 0.3457853750225067 9033.900496553426
325 180 0.3053296635936499 8548.715790928716
343 160 0.2566821614749666 8024.293686673571
172 464 0.493311536225662 9087.245765938102
365 70 0.22813419091410014 10024.477476800166
305 382 0.3957527878875864 9250.7591573093
233 463 0.19432300255920923 7589.515482136996
14 101 0.030491222892817936 7746.828706888146
489 49 0.36743650854816595 10462.545449820214
420 435 0.4139290809865669 9233.13582728089
434 69 0.185066367362904 10547.888474747811
60 318 0.04712319117781758 8499.407223761713
252 193 0.4379275070044102 8795.37816998898
289 236 0.48449633965441147 7781.174048834514
267 425 0.2361712502889332 8466.005938434384
418 290 0.06533020395844673 7694.3802977567375
268 474 0.01826395272758962 8014.970120118767
178 9 0.03183114473188649 8437.0461686103
24 497 0.1681817698860175 9597.22523466444
494 64 0.26381058535546537 8093.662485369063
449 413 0.43534477368376323 8573.507360985794
228 315 0.36261770051659437 7721.9017682628955
489 481 0.3713171225763931 9238.696329673732
13 172 0.2494689326565265 10480.931626100748
197 116 0.23921068168100265 8987.728632243976
443 247 0.20079099440806547 8817.801195091952
243 164 0.4590198720557734 10337.340033815182
201 350 0.09182520258877991 9828.36377334136
243 345 0.37530578229254064 9982.275790092472
77 259 0.4189030423031421 8771.065447760731
337 387 0.34687515924187234 8455.422470706193
250 427 0.10704804083165097 8604.616025962076
450 193 0.33673473352229727 9345.552784533185
234 338 0.12693640588534716 7808.352810313693
384 87 0.18562218623827348 8896.151994869859
218 388 0.13822772953460882 7683.88686105015
466 16 0.3405642342974254 8492.477899174806
388 58 0.4824935346278458 8969.29645014509
339 478 0.43472509988979163 9635.560759869491
350 120 0.13014334352929827 8841.881053533049
357 305 0.3312713843205343 9851.676640805605
276 371 0.15106154010313536 10224.23878854778
308 393 0.3782054182532514 9335.776602084043
82 335 0.30308749536763263 8896.391228185421
263 228 0.0701081669217479 7793.090301666523
64 229 0.1260238919268567 9730.26966760854
495 93 0.32762094667432146 8768.987714453238
67 283 0.3226512125963371 8543.608384647743
203 412 0.4561875591823012 10035.654225631815
163 216 0.09198078296336731 10315.515584583587
16 288 0.22773513727355518 7626.2266681074625
256 301 0.052790877752764316 9712.922442936753
496 68 0.20607672576624303 8300.935712975479
104 105 0.23887268139723705 9954.656701784956
161 405 0.46087386293200433 10267.239326058612
388 455 0.4623461049593398 9795.410467148131
420 140 0.2898643687361883 9556.40796977261
401 260 0.18735761109553237 9055.228972911314
11 473 0.3003340293556761 10577.932519259084
455 439 0.4680766378639202 8473.004847312177
136 186 0.2454248453690077 8808.949870767634
470 158 0.37419217399201243 9950.696478091057
453 485 0.4154465791386732 8369.54714531212
270 170 0.16863888461243196 7617.341646878475
111 381 0.21702963357770383 9789.514885198745
87 178 0.18063285568275142 10761.66060600723
242 241 0.1239740934882493 9095.297343455048
