250.0 250.0
122.0 161.0 0.21830934978372216 7765.324759454485
120 327 0.2409961011901518 9408.032186274511
186 441 0.4968794859671242 8123.0987525210385
275 291 0.06642148409387381 10708.883270856873
336 326 0.1585693501102766 10674.903087091723
377 442 0.05126297294587791 7950.522486309317
183 363 0.3563049075766868 7574.04361426501
218 276 0.32444955179404694 8850.535566130415
161 187 0.024704963057075396 8063.805901702826
179 379 0.24548021309660678 8436.693632271774
137 207.0 0.2052653200329197 7903.870328128595
236 426 0.48316604062517593 8914.39654822329
312 153 0.305324317587617 8498.045408373891
319 311 0.228656094224482 8743.97612830432
480 496 0.2292665627671893 8456.627701473695
227 31 0.18379039909842615 10798.571282215908
203 249 0.09319747720280723 7686.8359266518255
421 143 0.34454836478236356 7808.481170238082
309 41 0.2936935778253476 8438.997142836837
10 264 0.4038324647092712 10127.761016467472
71 395 0.18450868454388272 10248.007485027136
190 239 0.04039077196555168 10586.805395597488
499 74 0.18462878629367294 9622.128737274343
139 218 0.30520050385559233 8436.975252667979
38 347 0.15937950261873743 8383.355433379616
436 411 0.37586969714176865 9807.02353043546
442 253 0.4516804598713216 9003.93596664764
378 491 0.295726734298992 9298.211926820102
432 7 0.13817540644382292 9731.487335796253
244 268 0.31906474071805063 8127.450294536133
213 225 0.31825557977010704 9020.174437727848
317 292 0.2742586065896404 9687.400306089678
250 8 0.023034946923686697 8890.700120254218
273 438 0.2081613042348422 10239.288633891301
236 17 0.07496228700245687 8003.460185708038
22 337 0.3307367273137863 9867.312959123541
340 445 0.2852546145809766 7938.902290595576
358 121 0.46593928466630824 7613.216865119221
266 220 0.10499945853258442 8600.988883894397
309 441 0.04456864057723275 9708.740976281546
77 22 0.08095782493760827 9027.948476748414
139 340 0.34172059466350874 8521.781334392419
423 474 0.046949843704936475 9912.790464163303
260 213 0.4640862745102222 10194.276468766326
164 135 0.47726938571270566 10577.652952491306
446 47 0.3817976616571634 9759.11968837431
35 432 0.11974228364359171 7585.63456062822
364 340 0.3868742965859906 8724.225222753881
46 163 0.42254724775240704 7652.408060892596
17 458 0.22210819773026144 8769.83020895519
15 148 0.4661009299638322 9703.816119462523
487 343 0.36984501304957645 9688.856182881025
161 302 0.48686060487521654 7650.640911521649
356 58 0.31349388951567503 7867.199796264235
93 267 0.2560803716192621 9140.300728460083
213 483 0.4854393488734802 8624.392596042526
472 477 0.2940859376948037 9304.7074197832
190 159 0.4648635701862697 10571.882423764477
449 378 0.14740979548799488 7909.056112817576
459 489 0.4683540026131145 8445.802467540461
373 429 0.10747438974477137 8522.73302688529
400 387 0.12712967044367615 9254.437619601453
85 468 0.3934214249368196 10681.43349321511
95 220 0.20591433571315396 8028.631178222453
279 186 0.3169065201189449 8917.692289816801
203 211 0.1752469767549607 10102.470778101997
62 7 0.12199467143825403 8239.889826487148
431 163 0.24946083319550635 8108.466353944623
313 473 0.38942910267230274 10090.027910967701
149 125 0.20814933552518236 9908.261443331929
40 222 0.2862239888101876 10000.561255320055
128 258 0.3221530951835643 10705.807942393989
308 179 0.3992861169525906 8096.095046394517
265 460 0.48635425545771666 9365.34496064658
178 283 0.3110102192159646 8648.262589362967
443 339 0.27561046858459654 8865.347681488607
461 221 0.2309068622497738 9755.394087880504
311 451 0.20928491009936848 10740.374987657613
42 280 0.16287700357590132 9141.319914514528
481 135 0.21610762474049136 8132.60430347759
499 195 0.25144147299837905 10539.385013091165
279 459 0.32813328757516314 9992.407043123316
44 439 0.1433119256869203 7879.101962269802
315 193 0.3582272347345573 9005.456688898223
470 127 0.20484231026875332 8034.305121084878
15 382 0.051923116290006566 8959.999249584649
100 93 0.3470083871064444 8571.083512819576
418 120 0.3375508559239338 10736.703153703611
142 106 0.31730818713109266 9869.368656408526
378 39 0.4950703660718753 9661.617095925467
108 93 0.2359448854238236 10123.317016088222
396 47 0.44796385643459247 8896.7514908171
429 180 0.07374966329720456 10664.384925578097
195 373 0.27457901308065746 8118.8167545697315
34 6 0.056944857190729496 9555.035954997045
218 391 0.20510302568845454 8271.079740869618
257 206 0.22506856508259035 8101.599214631401
371 31 0.04925507833146068 9775.65739179729
274 76 0.14295466376921925 10379.732035392524
314 408 0.4394806276629719 9222.022893155952
