250.0 250.0
175.0 116.0 0.42733785480599623 8931.501732209976
315 52 0.4232235159356017 9161.355396179812
206 236 0.275017191033581 10580.264131999706
188.0 253 0.4774288514779443 10586.593335846756
33 119 0.36649873131925953 8907.906337095308
221 103 0.49361156966665937 9903.725752127577
311.0 145 0.21836289039996432 8948.7028293192
12 227 0.4861263524464877 10602.276334612725
168 88 0.38116219831072523 10740.497965288789
60 19 0.06263059948352202 9353.474175448218
251.0 20 0.24190240777315172 8621.977328262796
360.0 50 0.15631998020361515 8034.174278883631
28 157 0.324506733177312 8002.825722827165
203 383 0.14291163578426683 7996.226609574987
307 309 0.2712803032654456 7890.10935221217
330 114 0.033093622699400534 7605.5950835178655
197 259 0.43370835681203024 9327.139294008577
408 173 0.4006092304514143 9057.645272693479
332 430 0.010607371784488031 9281.250984450704
208 245 0.29711517433666684 7762.472752006788
451 297 0.37761444228247953 9189.075767904651
351 100 0.178483924839977 8410.163223939673
235 161 0.11158790515432776 8079.5484006927445
490 396 0.22011399909181506 9274.632872146549
293 449 0.27379394933841417 8840.654174321635
80 25 0.05729398932751181 10715.720554434105
354 83 0.41901661417341735 7745.711454361035
104 301 0.36953454662998214 8830.19344370994
109 414 0.14756473452601926 8499.62324043908
290 14 0.011410215704012036 8311.955976778885
410 287 0.31203965782194 8495.221051070248
207 213 0.3605879585773167 8629.249019060246
63 402 0.2821694325489673 9921.42123795585
251 214 0.12493345661211683 8453.035531494164
428 246 0.18218803040831535 9919.550129759475
31 197 0.12573315072869093 9277.05278620549
233 233 0.2872531451362627 9322.97006679291
131 59 0.25439648791030245 9839.62288408622
212 252 0.37217442515122673 10530.623661182903
163 468 0.21229316696318212 8017.350818797983
86 400 0.3987921301338508 8338.000591129397
351 37 0.042675676202113336 9002.406373503336
191 234 0.11659158019413421 8742.75256123974
209 389 0.2580443075131902 9132.793061211229
89 224 0.2457297725835806 8882.305345426095
305 344 0.08362959093179931 10094.307565382414
344 362 0.144611127034225 9959.64720783164
116 489 0.19858699905916471 7639.745894864136
255 201 0.07034487861429586 9005.637241726494
138 42 0.19511432283417623 8599.037066670886
452 179 0.4846731908643453 7663.198765192968
59 81 0.09962792158147385 10755.281571497917
84 397 0.10748490304739892 9377.246849570665
404 223 0.36102098668845234 10603.438025846679
291 459 0.21199719424659638 9228.763092994182
410 332 0.0671080632953899 8327.555645699042
108 97 0.1685938338163867 8464.399864192063
116 395 0.04472333177045771 9159.009209508087
129 255 0.4998590136255143 9973.249903678285
49 201 0.4931940235232506 9903.454311371215
282 455 0.42870481768705176 8852.23123097622
319 314 0.028247211514311782 8411.990453045148
32 369 0.4060555646785767 9546.024206297856
128 220 0.23287804353264466 9040.711553729778
268 267 0.3192445783422579 8483.472127384535
291 148 0.4782339705131957 7811.6565784842205
403 392 0.3474608051568576 10112.477377871703
18 305 0.3447494026394603 9694.886711995747
144 326 0.19926856440215052 10361.607883477165
307 321 0.41787569243967715 7861.700138379087
369 374 0.271861759373626 10199.35419549506
67 208 0.34979402158326567 9743.434229315711
12 249 0.31832799439167503 9088.20127975197
214 234 0.4001083015357391 9547.389853399882
79 54 0.3407347699878567 8238.74004937558
179 84 0.4952931101625539 9264.699137941148
2 212 0.34995760989427677 8654.562124712606
306 48 0.2280828803666954 9361.516461470143
495 88 0.2333490685686398 8092.301942815766
320 64 0.4691213012014182 7720.681640531333
411 461 0.0900954348936501 10145.884570748916
97 294 0.2391805635372743 8837.321779096328
13 57 0.08401140356762592 9982.466530322705
229 401 0.26356574951432427 7655.441556292342
8 459 0.49923094597941564 9523.401573088404
251 48 0.2101457271409127 8481.88701591453
162 468 0.3022289498270515 10564.213102495018
39 207 0.04113761365728998 9601.538570513907
322 372 0.437595436881573 10597.181908719136
268 159 0.2560015846029494 9116.88436496654
472 44 0.23921285250182345 8614.568105775752
292 6 0.49042207830481704 8642.631241155623
216 103 0.44470541737355423 9658.37482423234
286 363 0.2879485927357096 9722.422444712269
395 319 0.15582245102532452 10278.127947626988
169 86 0.22149058058314527 9940.775072698125
397 209 0.04396747583270245 7629.126907838664
466 310 0.1515685218873967 8082.418368427965
355 317 0.4232406696559705 7599.538263804112
295 45 0.07325415817959091 9633.07658210963
