250.0 250.0
150.0 173.0 0.494836745576738 10509.125738998457
176 246.0 0.2708710546132873 9145.699079514723
301 258 0.030971315173715867 7879.843503740271
159 340.0 0.3151539949755749 9957.402498141031
229 214.0 0.480790345446592 9781.387771056976
250 152 0.38009573811091674 8579.878848115535
332 213 0.20426373996531558 8914.38971667377
428 312 0.06486327246749825 8758.230427834485
214 441 0.16136769029435763 8097.071157267128
33 387 0.4734183583137549 9186.524165639094
246 393 0.11424349926130462 8355.267267118643
483 275 0.45215611800058597 8457.822343571715
134 489 0.2663664253506683 8590.522516798781
218 61.0 0.3432502589606542 9195.885228156796
433 242 0.46151885361048944 8238.24479217099
286 494 0.39843405840816504 9138.685679236458
304 172 0.2754831816406944 10750.082092940918
106 15 0.10115757308248113 10726.17593973075
161 250 0.027052175492780953 8927.796073951304
285 130 0.21722153869785488 10497.167415538992
197 286 0.01233835688569795 9075.202333444477
58 306 0.08322976368034521 9227.09987308385
149 249 0.07697520920877562 9656.469094600525
341 270 0.37723580782695326 9378.90819615496
192 199 0.4426593850457132 8010.536398342966
194 321 0.34580454140499134 8788.812826380863
282 405 0.14326084142137838 9357.398721817463
239 102 0.10673761856071984 9409.618268523694
181 607 0.4309897571031127 7935.927529432663
376 365 0.45106360802669093 7990.000602463046
69 398 0.0377683466863774 8542.961701645909
348 125 0.12270374545751352 10620.244046514197
122 27 0.28274950368613827 9070.565063797982
497 345 0.36931396699651897 7769.300925266142
10 227 0.05200760640919935 9350.123044428232
335 206 0.07241430072678436 9544.676820380999
446 464 0.382702415726384 10619.337551569877
252 34 0.3699636276965425 9326.590967790975
281 315 0.11124969567967517 10376.92859046612
189 158 0.2416484882584419 8552.328331232264
233 245 0.1964869864937529 9199.651798820265
459 472 0.45720436084345956 8890.716712049427
150 109 0.3711484159732673 9211.309787102535
172 486 0.444195962287218 9932.96818243064
464 474 0.10300483011729866 7773.7826095066675
370 248 0.2606307592317327 8666.747854964078
369 161 0.32922134892963906 10145.609871377961
318 38 0.16312803443991686 10461.347967502557
226 16 0.11675377904597393 10617.686196260396
315 78 0.4544776782070677 9011.052087438664
495 192 0.3365222060888902 7586.664206813632
432 15 0.12915598688642144 10798.549084597718
225 264 0.35895732653875934 7872.455379827634
284 106 0.4372653425184154 7744.654289076773
153 7 0.07053314210724716 8699.63902568276
175 354 0.4503329312622371 7960.803417639107
427 172 0.49242242319358487 8013.204512265428
299 397 0.11340027793122893 7693.983087527559
142 464 0.20348634413949984 9279.109228384292
483 92 0.43772285650942183 10708.998588589226
471 451 0.21035729220134913 10422.92590449522
226 395 0.4456658093519242 9911.218441651408
357 290 0.2345178946039654 8239.93477224957
457 64 0.24240799599073043 7950.974220612488
51 2 0.4502871145641815 8272.058660850033
490 74 0.3556290331135032 9966.883169222341
248 22 0.028880550081161097 9889.134048479067
433 391 0.45806245449842076 9765.942826844715
162 322 0.2479167115682907 8806.234532763081
29 170 0.3635727582200287 9778.803545731977
17 489 0.17793929936686292 8928.151679088036
454 119 0.02055181148283826 10275.712641643135
450 190 0.19512395164215982 7880.85779271709
227 348 0.4318803611888934 9084.859388797615
94 364 0.011004594699994708 8699.259395338084
369 383 0.35995348912962966 9560.70841432396
18 134 0.23979117874483621 10233.51652447406
219 28 0.341112662506096 7983.179144738816
78 410 0.4850574359015507 9689.876412032323
146 478 0.4697946198839432 10293.345405553777
64 425 0.24599269403399152 9180.418185969143
72 271 0.23986393259718217 8238.818359895047
481 459 0.09373347175293863 9371.61267702526
159 411 0.3612151888661738 7627.266529473268
219 242 0.24915151318323006 7735.715026982697
397 345 0.3077165558312632 7672.588492262317
194 432 0.49269209515020684 10712.737264491954
179 405 0.010183245536228932 9113.27007429185
230 333 0.489124127807778 9225.007620630411
491 89 0.4065933316456154 9927.913613190976
18 316 0.15700459044869905 8241.243817704113
317 157 0.46849294445311124 9639.026200185632
153 465 0.10521630266417818 10464.338316081135
376 76 0.330096285548605 9765.772767645518
370 166 0.47916410178263147 9635.806291439876
315 220 0.02118206036007598 10188.543165797008
363 183 0.06676732857774458 7704.267237660704
349 424 0.2351568617315596 10502.165269929661
130 388 0.3015577117407963 8970.184784547626
141 139 0.08008530302463528 9031.799425470621
