250.0 250.0
140.0 137.0 0.16469359959733193 9412.143130654436
221 189 0.3348498876766008 9468.451064771058
146 310 0.3035231570850283 10654.094495740232
135 215 0.08601755414239401 9856.039451129096
58 175 0.44140352629712193 7656.875396616865
57 36 0.2714397150104939 9650.672266794705
128 455 0.22573548826527387 9117.26685436401
200 336 0.014656732379292518 10261.990480057037
250 197 0.15127334649571098 9143.190985309955
93 109 0.4128388548008516 9698.839916885907
243 64 0.026375535978754097 10436.133433775329
63 144 0.12834526405681287 7823.740024917967
205 173 0.024439233436687247 9770.788017368872
153 323 0.47922830087132134 10053.403780036315
66 380 0.18506530630126466 7797.235282764897
335 326 0.32937688513768276 8218.708539202558
81 446 0.19251039501833625 9528.757936428574
77 226 0.28173683577370034 8370.149566409033
128 118 0.07718217894190371 7780.903994649527
24 498 0.2593377777356669 10413.585006974916
254 38 0.3086786422586399 7753.313513091922
82 18 0.07695196810223164 8061.173003263866
34 119 0.05558585016276512 10362.136179105248
446 250 0.47308476382506526 9399.284764090573
114 60 0.03486390647867008 7978.37871790405
352 214 0.2893182104689538 7617.4771405595175
138 34 0.07491762162893643 8926.823044958925
350 115 0.3398180735835165 7593.012509410685
496 327 0.44450884170788046 8501.12749891691
138 131 0.05235039541795728 9059.860585595201
53 467 0.39523305128959274 10774.373938985073
284 239 0.4729210581813408 9779.342480348834
439 466 0.13053931901128113 9457.702214440958
422 436 0.3193690310168615 7943.103465556622
332 220 0.18347495379743312 7793.091955742255
444 42 0.025089336099011234 8169.8160823602775
398 372 0.257758316226797 7613.20701779738
45 249 0.13529143272931363 8341.092211160812
351 425 0.06608573053407804 8347.87229423606
161 366 0.05607825065050111 7943.441072961611
289 50 0.16786748413090294 7715.547252021607
172 4 0.39708259332035484 9785.154078402888
127 442 0.31120079706654613 9729.854343577928
328 388 0.1315143102484963 10673.449974805868
36 51 0.2314285361354584 8334.228081313886
78 497 0.42864045038574056 9655.804523263696
354 452 0.21962154687062282 9798.22452535516
63 123 0.09487092844402947 10635.093573709339
377 55 0.26861324619873295 10629.775365898608
375 177 0.41297303091095655 8501.52477543839
337 151 0.20350944571060456 7604.7977891057835
456 106 0.48303986010266176 7931.358593359223
357 311 0.36833842117365156 10798.56532207349
17 243 0.013822025520684714 9059.433876688934
341 351 0.3604973709393929 7801.754864579556
499 386 0.22725728095458256 9832.963938024946
38 157 0.3473551333063316 9692.300589625662
300 137 0.03596047502460908 10198.836759343529
180 212 0.1840723403776087 10125.648417798691
292 64 0.20106777343371754 9678.405613601843
27 108 0.2928446116393687 8718.477751382296
364 404 0.4104702967297594 8985.097051899418
187 332 0.407122014381288 10146.171285310138
9 163 0.010087625265827169 8734.685805229494
280 103 0.31227452221235263 10693.71940933805
383 42 0.38798613528925796 9526.585859643623
200 362 0.33497583775557627 8329.771793599777
343 29 0.05396848325905556 9321.370420257494
435 390 0.47945134973006537 9153.14782656826
351 395 0.06256467182594669 7602.011146034074
189 448 0.10360123036918424 9392.215987988377
457 170 0.03852836584614358 10463.344682506737
252 87 0.37478137770346376 10556.300062978533
120 389 0.2381276705948781 7725.075369431862
296 370 0.11295282027768154 10669.639813652282
152 451 0.4743671212305715 9744.916116082044
318 43 0.1194324563532683 7921.140363972511
274 75 0.17816340932143893 9189.95727105024
176 476 0.13097510560582284 10439.805639460828
73 194 0.42920450173740415 8432.17580556649
85 160 0.19443294998580476 10221.217434452634
318 3 0.3046314894692717 7753.9167562446055
313 416 0.4832256079813351 8287.338600490057
295 333 0.14834195082043983 10776.333691454089
340 47 0.2667693961866627 10214.3568438772
213 137 0.18514069258978602 9372.88719122137
228 58 0.05389530009960038 8769.282794830691
358 463 0.2776527154253344 10650.548675912789
129 414 0.07360958349149466 9766.38986820395
149 37 0.026481835644872977 9430.07851112078
161 450 0.23035666491765106 10727.340179335664
413 247 0.025318222308423167 10564.052137353781
325 392 0.2794534564950557 9278.543390398856
447 383 0.4723996025456163 9089.529612374743
143 251 0.4188084185755707 9986.934253650903
244 151 0.2765272645262217 7845.659153835154
217 382 0.31924776148833656 8228.692746253217
71 130 0.08382818000372624 10521.400166547666
237 48 0.15002190035841476 9613.956759572307
397 76 0.3166787883935166 10751.10624307744
