250.0 250.0
149.0 170.0 0.07986551120715678 10347.118701013344
122 40.0 0.08639664644033034 8486.69793908608
126 129 0.2837592911486315 10558.076402771962
248 133 0.16818895770704326 9578.057013849835
80 186.0 0.4978514788520585 10289.827716846388
162 345 0.20264159446949873 8581.574000250783
108 359 0.1279325974151207 7867.828188605351
360 250 0.12501676878015736 9177.206603833527
304 347 0.33878022791464885 8503.643432049534
48 474 0.4279989090526912 9782.033515397767
495 253 0.022653232593614965 10502.199463406036
257 65 0.19824482773281865 9839.656773521838
358 148 0.07572284341967415 9015.4433464353
407 457 0.4292798163298255 9407.21663069977
5 370 0.39062724267687077 10580.86628627002
385 425 0.11738447688688691 9432.024348902049
84 6 0.32460790550286617 9760.503188857001
0 1 0.19263813613882766 9831.845136799147
427 434 0.46908340334796383 8653.172234204763
108 44 0.3574104546246232 7947.475121577935
176 105 0.16418156700727662 10449.493075887014
239 426 0.07749537924459972 9939.5246470585
249 219 0.4236830667361909 10077.994112147844
312 178 0.31583199812989377 10345.8019360583
164 301 0.43920554237371934 9943.743554613706
93 158 0.0775618870550093 7750.456653490553
439 314 0.43894002452358233 8159.015379640629
18 315 0.09500484715324006 8128.55854074546
362 41 0.3752990330818529 8347.563995602693
457 465 0.10402708964563522 9041.791582465512
274 384 0.3291812975147883 7732.439771107512
451 347 0.13278575268660633 8033.21958338547
150 52 0.14442917438754596 8169.672962727669
430 202 0.3161982860512393 7962.453385732672
148 397 0.2754182880683195 9088.14541728009
178 470 0.17088704517168735 9219.500962454986
273 134 0.2509753372580205 8652.106702651237
284 444 0.3327815414575853 10691.249820712192
257 350 0.2682328129254579 9613.543214934174
423 1 0.2824253933596409 9040.471621009068
415 242 0.10207016891255409 9747.706529578265
468 197 0.06101240191855054 9652.309388199981
238 248 0.2517998552902783 7871.989829851443
490 309 0.19102710762052036 7584.187552385481
175 476 0.0436102974198762 10434.621273625347
388 143 0.370146872993135 8056.6586982526005
483 167 0.4679235056444186 8144.078347396694
29 317 0.48442620675943043 8500.275278265835
356 124 0.38529463596327473 9303.428847591984
323 339 0.19395394589165085 9005.582329860381
206 358 0.11307421982265378 9196.664494532883
229 14 0.23778478623720015 8803.390177780722
205 459 0.38763265059004176 8130.758883486474
139 211 0.2830191395577237 8193.283420505337
438 124 0.19871077500837545 9005.137417323924
463 337 0.44348971134796755 8113.447038614939
322 81 0.4485931487040995 7760.304844970899
237 454 0.11930834633848114 8774.77264715325
17 188 0.49762548832257597 7678.644172738272
253 73 0.2630601507142323 9321.717126671007
461 99 0.47788123549874023 10490.146863919234
398 296 0.07306420460852647 10006.859429349463
36 383 0.38097995736762535 9003.218285001825
67 363 0.01697785337242019 9600.638532169594
106 126 0.4837563921136478 7846.3730541102905
446 251 0.13661297422591692 9779.35934380219
339 11 0.02235332173529498 9862.009820980686
434 403 0.3967379091183045 7832.8485221319315
218 248 0.1419564820019617 10330.044516833752
85 476 0.2941648280797921 10175.449961602113
340 393 0.4199353685768955 9643.922040398113
214 136 0.3877313734826014 9303.733025666088
65 480 0.09700761972541372 10319.303973837264
148 38 0.12277946841789855 8366.265020224093
330 278 0.014029990550043114 10443.143575029411
385 300 0.28769476145161466 10053.981175370374
308 371 0.4241704731074083 9308.058812794332
127 185 0.37196767266175923 7856.905645016074
288 81 0.4897844574906472 10230.198289003058
42 313 0.2000983439265047 8996.458738435855
133 47 0.025842903687280074 9359.521597056693
147 475 0.03950226866002136 9644.720430332814
350 282 0.30092454497963 9746.183305450302
437 355 0.17377606684472863 7690.681582442015
465 144 0.253816899920899 10783.368647908279
241 307 0.11124897036087437 8711.464787456884
205 220 0.3611029809479136 10571.64902467358
438 436 0.4887101210817858 9630.82478172963
282 444 0.2487925770975621 10366.576774740657
158 51 0.2584663801047476 8269.315115493768
251 437 0.10264611037959574 9475.346144624704
437 123 0.2382949254978399 9208.42066067793
240 388 0.11593579587971838 8012.87463313126
170 235 0.36394919278799587 9655.120604813286
294 381 0.17266257987563682 8780.184086605892
137 206 0.4337135190849613 10584.199699596169
301 448 0.20027056298221696 10228.748688089463
315 164 0.03261575800555772 9551.08936355926
464 406 0.06231947596780034 7630.995510965247
470 241 0.3074713056667331 7604.507236334496
