250.0 250.0
223 197 0.3237278510286516 7757.527240989188
217 329 0.4106833097124565 8900.832180115252
74 384 0.24604410711454536 8465.955624497474
299 232 0.43280932028272734 8029.78099857067
251 224 0.4234994608025274 8662.802124357697
156 262 0.40149358524422224 9098.743772745544
254 321 0.21128589530366407 9607.015144250652
43 421 0.039145732517557576 10620.213841683257
18 487 0.493390016154973 8424.174210671494
328 404 0.0858597211251262 9786.679231890465
167 147 0.3463948238239147 8016.877326979978
274 469 0.2677179954501613 9646.1993086641
358 318 0.1864910716428705 9543.527530427495
66 561 0.30687846561286114 9215.107644789385
274 180 0.0885907857045102 10771.173575226605
235 348 0.1917470739446069 9921.282849288918
63 57 0.03969144393886929 10366.438018549205
73 10 0.3737555048392044 7628.320738240706
150 37 0.22688392269622015 10488.309974586959
272 222 0.3229352397259144 8123.4922371081575
322 69 0.40179216383574534 7784.280468078972
265 254 0.4641980596301509 8020.4943220359655
291 64 0.10868857989680525 8846.496038499712
98 355 0.40507992309276436 9596.090573343898
121 340 0.40175164196851204 10462.555700853543
139 450 0.09970589897723349 8383.66189668271
354 177 0.044416458440983395 9394.811477621472
467 398 0.3697047186436451 8078.254834540789
334 229 0.11591609142135972 10381.838432914234
295 232 0.029123555503777473 7948.804665312034
145 493 0.21311711380115164 9699.364820739072
68 77 0.061274339376928055 7935.012521971488
406 139 0.115143972981878 9289.352429025328
302 133 0.35397121350095545 8485.69842950906
10 43 0.2149733685241726 9010.934706014534
137 96 0.27553019490289077 9780.86475195191
143 157 0.264699949722077 10443.327342261797
348 469 0.21390876089748445 8066.600434647753
351 326 0.41648883884310917 7859.274737108884
209 152 0.35132922332282646 10014.725169237025
229 239 0.034139356520942195 9762.197268393298
203 153 0.1530801538172488 8541.537263195347
260 84 0.453451655253896 8509.74167792943
191 393 0.3232840978946445 10262.073755463833
292 211 0.2490271449381151 10650.049153400183
79 231 0.3061305702270667 7888.113091124123
383 125 0.2073791194088457 7937.4439773502145
90 490 0.4968847919811459 8975.26476104392
407 379 0.28303044909823016 8765.073158552885
312 6 0.30747215685436496 8230.593120114769
45 432 0.41340088590367613 10379.974536343732
236 261 0.3984367283406691 8435.448173122853
319 344 0.05301018268818686 9543.026011118223
227 256 0.21516501986726816 10230.696648125782
18 140 0.45641463707984103 8694.326117393612
111 268 0.41242137283101826 7627.632013377687
327 430 0.2997637026780836 8161.202505104344
435 376 0.43545683846565875 9029.773614826956
459 380 0.240422955299805 8705.331949872061
319 73 0.07016973399547854 9625.779877666799
219 322 0.3413826254242538 9286.64676285012
413 352 0.21313917512300462 9054.724379680054
87 205 0.31781960308608476 8784.508099822808
498 414 0.10050391357956111 9503.749212360184
196 307 0.33284218269492594 8340.404754975287
214 416 0.2612519607733752 9595.70551532556
176 44 0.16066287920344063 9421.097261971947
463 277 0.41405132746341705 9783.729073181876
470 1 0.31885224596879147 10635.420403400969
221 25 0.1905022704809745 7771.567827156549
102 484 0.4990194444481935 10544.23762533097
167 38 0.2829355480876843 8456.2651364314
83 169 0.4163187837462578 8641.08516658788
313 62 0.4872280293047765 9917.47451370156
490 273 0.2582642309871471 8256.747086987198
225 317 0.09225655997321873 9826.085465459113
243 422 0.1858676394635934 10737.652156226606
21 269 0.26811498319858 9139.945981025929
410 68 0.4863544800134355 10556.994056316287
303 417 0.20152541004331623 9294.705288465799
489 128 0.17015857367679388 9978.152710340046
256 203 0.12210481547476905 8953.226485259298
62 176 0.44804875106670333 8553.121266500813
439 434 0.21900502526492605 7741.922937466282
70 172 0.10303819647865417 7819.47274657643
55 292 0.4835555483648921 10356.403027255907
240 96 0.3706240205651046 7623.702570591614
79 486 0.19410585311119033 7855.955489302579
121 428 0.13295823766653989 8519.296300891334
98 112 0.230717927464856 8790.512725530909
437 356 0.041037850253724154 10166.097437671147
418 457 0.47514127650586857 10794.41571375862
32 154 0.2667374429750223 9948.613365984384
389 450 0.0971252964657895 7702.088920033915
464 301 0.21437644377941656 9491.651810061896
263 149 0.3646145361394948 9142.303166333671
340 307 0.24511694013892077 9178.256240304845
106 164 0.2232378839907257 8950.208486779255
444 182 0.47691230502329335 8616.451263998531
253 162 0.23223919232474124 8853.397508763366
