250.0 250.0
289 225 0.17977943434835153 9498.242592643232
301 77 0.4359037619429248 8483.264563037243
244 305 0.4782403886696157 7898.761913986506
182 117 0.35082652870388414 9847.730131775505
415 48 0.20001319985061483 7858.408190667544
298 27 0.38199048821262743 9035.384744521682
176 153 0.23675774090199886 9192.883824805773
351 183 0.08349411465872401 8679.23181269598
197 427 0.4535008097549627 7676.127000042037
282 238 0.16374731844705848 10080.017179274342
43 52 0.29375054525832156 8850.602152438776
346 458 0.43822444166579916 8939.7388571448
94 92 0.06791724325240873 9452.275322215886
186 306 0.1776438758384936 10231.047038353612
123 70 0.2715587341821664 9764.892628773017
269 111 0.30677318554975547 10567.661312370861
17 2 0.02974374984604026 8156.108931276837
352 367 0.3407763308897818 9607.706587567522
296 44 0.33912611569909973 9888.017384383676
342 495 0.40609707392286115 9139.067008295984
319 334 0.22850650064196187 8592.979808930106
258 488 0.2945785147748183 8734.224988873197
361 167 0.0944681887792832 9029.70784418755
241 325 0.24240466471124045 7662.909897030224
430 432 0.14555596413002767 8709.14014586166
442 139 0.40885099194362085 8541.70648360082
218 12 0.14388984184452733 8954.99231660305
228 146 0.32039231912507943 8050.313855648282
433 457 0.3765825833267303 10044.464964192517
152 127 0.09060791370081779 7784.557499138119
438 410 0.28492353389004066 10751.445692031457
488 201 0.40806165730170474 10406.021307179803
244 42 0.25113144101508184 8126.598342946332
153 317 0.355819368401513 9980.208663661018
66 314 0.0648073110329215 8934.029517229053
368 457 0.385495528660231 10721.181398393499
120 45 0.06621830505564852 10152.23778108187
243 361 0.35946017300962907 8455.680806185725
379 224 0.10995245802458206 10015.469136505264
278 291 0.4710069019831899 7792.745763899221
298 69 0.37636148110374296 8412.742813990288
445 141 0.20679897809609432 10385.46804307262
129 183 0.1458664538405205 9581.319312176267
36 359 0.4290522095462956 7974.360437218597
360 175 0.18775495133321926 7787.591918279426
416 320 0.15422779538051362 10057.93007082037
86 239 0.39452879365670435 7816.129318700645
318 370 0.1623645338409165 8357.068277952387
60 277 0.3380083509435892 10136.941605419071
445 156 0.13040233656797814 7905.5797589367585
25 418 0.3909844148822198 10730.232229442343
353 338 0.4578611451592518 10641.462960086565
115 107 0.12455843989018517 8440.216487469454
415 223 0.036947384720179464 7998.384633779035
388 249 0.36016706488960276 9897.076452223197
492 413 0.034872668741537806 10536.350664648793
165 71 0.09398868060246973 9913.349924979399
17 456 0.1933178631984563 9008.266999360172
268 159 0.2702571140227142 9997.835118777035
73 436 0.21300583589453073 10343.798269865012
258 155 0.16597297637874214 10476.158262401095
153 151 0.16301159647777835 10665.647554910222
53 411 0.4365592067228966 9545.61094336748
498 498 0.17679245874704103 9374.276442379361
326 29 0.016082636844283772 10674.98253213013
385 136 0.39381191060000564 8075.378402644916
323 233 0.3528028806815225 9816.738936370115
455 495 0.3695707443675076 9204.818864497767
375 18 0.020799246576822077 9706.631173376983
317 194 0.20033141957940334 9410.406752049468
252 202 0.12800446140819788 10102.464054001764
86 336 0.3007676475859833 8104.744209902617
391 28 0.35589939492008943 9632.720441741065
347 401 0.3561986938082174 8936.425153831593
27 158 0.0842706405757971 7993.921892576911
85 247 0.34668771911839347 8108.50161077872
416 420 0.34571295400769364 9544.123237658707
364 142 0.4115417362791934 10104.090175535339
141 210 0.39823183355645864 9886.51686104088
314 261 0.3998578900954772 10464.922239130272
61 116 0.4310358177706638 8152.480961899546
442 312 0.36623584893133343 9213.194944083534
328 402 0.14264375482079886 8944.597001893279
76 401 0.4149724021159385 9809.839171902977
78 491 0.05379569352977908 9317.496827207293
499 462 0.4307095555121315 9269.427758103888
252 336 0.05789291953598679 9871.21215967707
267 124 0.2084208818755017 7696.046185247588
102 493 0.3577030959781483 10721.954151565624
393 77 0.1337641226197839 8887.948999558714
79 189 0.11772419418966253 8208.05351734946
80 291 0.3872199662846649 9462.854053883864
86 273 0.275202044691091 9159.026639634116
469 490 0.3922300219278117 10358.215741961933
204 41 0.4388848042533635 9909.13074664436
456 57 0.1900230566737485 9733.058766767
347 244 0.22608026284324872 10123.614933939476
226 491 0.04420707585087239 8412.632143931407
146 3 0.4722605531349305 8784.171484005934
496 193 0.1788622890443963 7898.4335761386565
