250.0 250.0
176.0 134.0 0.03955346474596499 10317.4964115394
71.0 110 0.23743238276997103 8433.906893399768
105 79 0.4723135287765713 8896.182890688578
301 100 0.3637671266147108 9666.841786897368
207 127 0.42525547776802525 8360.965840251904
6 53 0.17709466662691725 8857.500942403876
359 311 0.09332938303874841 8316.550758279467
428 131 0.3627181046061071 8319.396585896175
479 180 0.2624182309358351 9885.759573040355
154 152 0.45883856918418736 8173.0128872765645
359 167 0.2939445172083936 10268.166582368016
457 294 0.3985939867711013 8657.494905039766
442 159 0.046857327688541575 9034.40159803812
320 226 0.14140532200206202 10073.989444888102
96 206 0.3614148624811357 10706.47021425686
232 253 0.45200940778148746 9968.283739354561
194 273 0.25834514944822906 8900.846804230154
480 15 0.41633607743048406 10619.454401858895
406 134 0.32045473521518114 10330.899855208747
423 222 0.3034759163530006 9506.137947796198
480 40 0.46064582447067925 7598.854539581063
426 239 0.46336245574572216 7745.323960133535
60 249 0.34735293627538255 7759.585773581765
414 339 0.48041794239222546 8107.6610051185635
460 247 0.30441030547489717 8857.0365893654
