250.0 250.0
121.0 167.0 0.11176684280927489 10039.244918771285
145 318.0 0.4399334558339252 8390.695185315883
28 403 0.3806706571849321 10646.385941723207
118 120.0 0.32390246899208724 10063.254533954769
45 15 0.14285579643180343 9977.48141920828
283 207 0.138603512097773 10541.404394243184
290 156 0.3423027674009379 8149.041944656967
91 431 0.04851958079566802 9124.396999322058
65 231 0.1571060637783263 7683.225632089537
70 463 0.10395055857101304 8261.310016394198
421 71 0.3575826873505353 7990.969420422289
491 208 0.4222540078092935 9479.372567558712
237 183 0.023104206063764714 10083.07826468979
91 350 0.03191207688849988 8561.661246216334
71 615 0.0861645070000284 9701.230977931313
36 192 0.2456544440369341 10658.712213095327
250 259 0.33948857232317603 8522.4080840354
8 143 0.15000732440671735 7586.430239108722
489 341 0.056194429887478345 8942.965675707037
138 134 0.40380222793413906 8777.86260476982
99 421 0.04408480169411777 10592.71506818615
83 270.0 0.1376737860165966 7721.991250650432
471 65 0.19623616826642362 8824.31087694136
3 54 0.2941415378332285 8118.7190796183795
483 135 0.2030490264435096 8826.314959634452
