250.0 250.0
154.0 172.0 0.1974335365736424 7764.001894040124
226 155.0 0.45370947863922245 10744.154138634533
4 222.0 0.4161799021595534 7785.98971283645
3 139.0 0.32741393655978934 8961.116035549085
219 24 0.020573134749728585 7984.955373826751
343 100 0.28395651792963894 8694.27289658573
208 203 0.2197093749852146 9793.349531536362
69 157.0 0.15114623877189062 8762.229188805035
37 35 0.4723044400893545 9417.203524941922
267 178 0.0332560217941107 10753.606947532546
93 130.0 0.04826563833113076 10674.157261512173
97 62 0.13100543657612823 8352.955978413876
228 233.0 0.022335646586755915 10131.483603336963
191 134 0.188859743589553 9744.949003209125
73 292 0.24837458219384068 7732.902130324529
344 209 0.29048344169252804 8255.453090907724
255 296 0.2907506157793116 8328.353545793903
28 156 0.35468633743452044 8583.23672034227
467 200 0.2507627347504798 8441.47965735801
480 186 0.4727487108954859 7782.254543563026
271 301 0.1854044327505462 8744.382493206766
220 184 0.44800010785173494 9227.397643393386
415 164 0.15447532495388955 8720.438890243193
487 81 0.11122352823972749 9727.872519538885
406 174 0.04897722691422995 8396.74647544586
