250.0 250.0
134.0 141.0 0.33015750992712767 10623.984531543469
156 82 0.2822536935256293 7840.8900877220985
189 213 0.14360164543293144 9288.482032692944
119 10 0.21307327453299438 9896.039798763763
213 24 0.39573877431334914 9359.161438819381
208 324 0.15263922180615827 10193.702996992211
124 41 0.01771396666103875 9966.693895013728
275 61 0.3850360447477114 8634.146754159796
2 48 0.21219212496607662 8187.1696027115995
184 89 0.060571415916260196 9310.822468703289
134 158 0.43665592645045626 9854.345230840563
18 207 0.31413252952349857 10672.582852790112
283 66 0.03730755668654739 8120.781205685749
150 461 0.2186132039489082 7748.843348237322
363 186 0.34234939926370106 10656.866839983282
412 118 0.22951977133834311 8395.128179995834
115 402 0.14498658219611493 9565.615830573195
201 476 0.0511649582030283 10271.55251492406
227 121 0.010337247274817588 9874.00677387062
41 40 0.07669667140551774 8990.460187549128
141 449 0.2179853203052489 9761.235009835862
397 185 0.010841678223332018 10012.822947652488
10 444 0.11261346528792845 10326.5548769556
274 222 0.09927060703093449 8373.101542137358
389 297 0.38453816902862253 9231.182457735269
