250.0 250.0
164.0 166.0 0.06596346737301056 9447.605110394172
152 134 0.2714201730503318 9247.217849055523
51 73 0.08253295171773917 9618.48029098311
114 58 0.35183773875533725 10593.11499565789
186 44 0.3243849905353877 10033.21369169458
53 210 0.26089001501545706 7872.553041826504
104 98 0.10881279025190098 9066.20482770345
40 164 0.01353278750492177 9951.637129482639
247 99 0.37955023872202315 7571.105926152389
91 119 0.45108501839453274 7926.7569482027775
24 91 0.36575213862727324 10457.630951351292
134 144 0.4511370658087525 7706.605643951075
50 355 0.042064944839114694 7926.306777868845
348 48 0.1283627247020961 9282.831776739631
24 242 0.14334378938988698 10672.623665888568
108 291 0.09889517895550443 7736.864844313946
261 300 0.3019237718284875 7674.066686710612
83 6 0.05484876461470484 8348.956342383977
90 291 0.05301275431537388 9066.018311287637
79 471 0.44961710898351387 8752.136649464459
18 366 0.39160995781991986 9970.307066867897
382 31 0.07261484679191454 8185.656731814508
46 269 0.30528702991143664 7651.186447475258
332 194 0.02765035501605924 10302.400872976692
212 277 0.25354054828144057 9523.303874890604
