250.0 250.0
179.0 137.0 0.07028325108346119 10439.886025211606
150.0 98 0.35214733827131633 9021.520550621455
162 210 0.15286512149466175 7967.131059115524
10 127 0.2032381462228734 10737.047178572753
273 102 0.43600212804804794 8691.58827932846
381 323 0.045934113343197795 9394.247553837815
349 173 0.15862881594392358 8001.5531397881705
216 306 0.13068216233896152 7568.259615559372
294 336 0.30145615616730054 9189.437162169781
461 414 0.17534027606032196 8171.603072437619
267 8 0.0383000742403486 9130.822050654495
27 105 0.35759686343064007 9081.802448969029
338 154 0.4849049092981914 7825.810806516787
460 437 0.13637821893554497 9350.51539754197
315 44 0.036336408335746764 8438.473163825218
442 165 0.4784309919863457 10771.550502450616
169 350 0.2600371299109584 10066.186630484039
249 208 0.39403048031457677 10090.626657660141
198 253 0.3665644009879777 10039.631861966747
348 251 0.09050234925000865 10778.830117355807
14 30 0.3655666389188228 10568.410793417648
55 401 0.40393206669109666 10614.626349140184
309 81 0.045921864590112306 8642.128747684266
144 482 0.22089526004515037 7956.691497040656
378 18 0.025583850654360148 9924.3917220362
