250.0 250.0
96 270 0.06152796456462898 10024.469094385715
299 262 0.11155484484046588 8232.086144190911
198 263 0.05800389641756503 9434.534455820976
233 146 0.049323388500429464 9863.360534391206
166 378 0.017961464693483878 8141.348525350755
321 195 0.32045414392812865 8786.120138608734
98 168 0.09075518907281975 9137.485005175411
444 155 0.26227729848269987 8273.405703930533
97 34 0.49402140328382627 10548.757009298564
176 19 0.34391946050559713 10084.077774224712
180 432 0.35151078226369115 9382.499402881002
16 362 0.43569550174812227 8208.827760194481
480 154 0.4181746738698273 9589.706946896944
282 226 0.2440078954083624 7599.203580231202
192 401 0.29961495066632127 9314.218995643221
239 140 0.4977333746991964 7643.57120068058
186 432 0.30198784362713293 8605.458926925068
366 363 0.18991529252914813 7927.041342150662
294 136 0.2478416436606838 9787.59507300569
204 38 0.2153843234869777 10492.272210293782
44 364 0.08048031626681632 7789.00003496279
40 370 0.40253695245925314 10673.112545951943
274 417 0.2688733656672692 8350.63535601336
201 46 0.4787135308832583 9830.093208593174
407 373 0.1202364595670437 8291.395907179192
