250.0 250.0
287 240 0.35529587556667086 8338.52879851431
287 134 0.09643867154111715 7961.931056613067
365 86 0.4187230850136903 9941.915693388011
330 186 0.18648830307316724 10234.405970797332
442 99 0.02311083830486098 10193.561885171603
344 167 0.30275349901662424 7793.970459201201
500 140 0.23413755286474044 8704.579265749155
419 38 0.09213658574645331 10662.18077386278
381 120 0.25438738313933873 8471.438973596343
236 62 0.20489426941899033 7949.841770059615
300 150 0.3938543995016715 10082.891357350072
519 223 0.08725711435634322 10655.275220771422
288 135 0.24303964653332677 9568.651978091022
499 105 0.032157564020644396 8649.891736796397
346 111 0.15787090213778282 10134.162922990225
288 170 0.26102473683225197 8203.827135644624
266 248 0.2747230121451931 9092.970356776286
497 5 0.234196218894543 10701.105572496315
139 155 0.265238697159255 10779.426710543525
156 274 0.2651974115535805 10307.646688452684
295 308 0.21838292730311398 9627.90961783869
297 198 0.08706869198834345 10176.153280028897
130 236 0.39253336851498893 10617.998544202237
426 354 0.17066470730381633 9859.462370184832
124 150 0.1959780262752768 9742.416193956446
