250.0 250.0
139.0 156.0 0.09675376066264257 8626.532187731847
54 60 0.13842958659394225 8267.329890491847
178 124 0.23576239023357884 10528.920741659656
262 206 0.07694736324343072 10526.680688130147
223 397 0.09614740676325087 8967.389501205846
363 128 0.06660440562262131 8327.721893654889
291 63 0.2037164196805863 10598.987145365903
336 56 0.39382119176380204 9092.82442958106
469 4 0.1997173620766572 9489.007313663715
133 416 0.4437748070160962 10507.633202045236
258 123 0.15131318473429636 8672.95938395934
392 257 0.33202507697642974 7841.115127097502
165 314 0.2804232952951263 8889.097384699176
63 104 0.15411653952301366 8959.954609139737
352 225 0.488339972297984 8577.132562031424
30 413 0.028089060104138364 9546.32623007519
467 139 0.26271696676227596 8527.969290318784
21 321 0.0341042903738811 10279.660469642862
375 179 0.0651772741557663 10327.067193784522
263 86 0.17640201319178195 8832.252943209902
264 263 0.319289085277822 10033.665957416088
497 320 0.10658947933083092 10022.701479026671
84 375 0.234213267526172 8768.917684673665
344 495 0.053927667369581635 9890.545182299415
3 393 0.1329333688354056 10137.248601440631
