250.0 250.0
153.0 140.0 0.31263235606905126 8063.356441315095
250 393 0.33017407773459045 8502.182558672619
162 73 0.18856406917856255 10701.205957335103
268 177 0.4612527754088099 9203.083007820785
136 41 0.42039005012240493 7693.507484325299
232 390 0.34715444218739444 9096.072757710437
299 72 0.3887250816827501 8959.221535769864
67 48 0.3798394184020243 10451.414211701183
334 371 0.4188075099824026 8173.163889870085
106 471 0.40689559634023353 7673.476921012304
252 162 0.43630839146914635 9187.464926953011
372 270 0.11010173926210162 10017.589355322372
193 173 0.27116684637756944 8427.572095716034
44 147 0.09478931244291314 9759.307721849924
359 171 0.48981297905518445 9291.551994303652
119 220 0.2020347311997131 9655.31565782781
364 85 0.4362422015972406 8462.258276999522
257 18 0.28192763392774356 7653.583858147546
438 40 0.42789890778566797 10163.34782059196
373 249 0.0671817953318367 10448.44955462464
319 226 0.21712714438372602 9740.825266323682
104 431 0.3496425254681826 9021.106478714419
99 11 0.4852245751810398 9352.628977260538
17 356 0.3655921009162944 8803.702699249267
104 287 0.21536827370403475 8830.970201964466
