250.0 250.0
136.0 153.0 0.2475603328005485 9248.585294901497
211 52 0.237272842398366 10249.517701865141
96 144 0.3213465001247358 8595.60475242111
34 274 0.06722917124188703 9692.321560819579
164 40 0.21985153073140334 10587.011201084895
40 328 0.42926724173568737 8023.012595127531
159 71 0.17540843850862017 10481.818863733697
67 86 0.08916951845789764 8360.338190159702
252 133 0.2357816682372092 9568.744506501753
231 146 0.17714395475917263 9880.529629426557
62 463 0.1593921254513526 8027.389132875127
120 114 0.2606732899353464 8044.968158158036
346 133 0.3429587647103704 8579.08435274783
74 370 0.4730616986036264 8527.723523850469
173 274 0.25644676858887727 10206.24127464924
162 358 0.4595180177608132 10716.215301302698
50 223 0.3562987505725786 7564.104004631546
189 225 0.06661262901566366 8109.920896664832
115 315 0.32554050366964005 10418.948518832212
163 222 0.48575806053991566 7663.619522106947
238 172 0.44524541891230435 10731.734452633917
296 196 0.30239394847853174 8963.083158830586
467 149 0.3141103719077026 7608.224097629431
163 102 0.45348432704440533 8166.578910111383
293 439 0.40429009878023586 9400.547411184853
357 327 0.3200608713781477 9130.3938419054
325 393 0.1941745863869675 8422.570321539944
122 237 0.3579483652947838 8869.447530932413
324 423 0.4554334070689364 8085.981373287542
302 170 0.18833692206262928 10510.374290952333
436 265 0.11371712148351792 9241.706470950801
326 405 0.4496339555891292 9965.972170685052
239 101 0.47559810976635547 8117.771921533395
131 315 0.47549851073380095 8391.621943767117
344 425 0.19377263992834112 8482.738870036019
215 476 0.4782708728502963 8860.658746032324
17 470 0.18988092719697502 8798.667326224244
384 442 0.4593741930723412 8112.885313831949
466 37 0.24130887152233801 9522.950056969385
252 31 0.4836422974131453 9995.959793128128
116 5 0.3073081159474919 9831.475417254467
493 462 0.35836027921955793 10455.832693543927
461 90 0.29979426229123307 9485.973691999961
335 162 0.49471250169102415 9042.249715527612
273 88 0.17765425292407752 10239.490226320475
67 317 0.08349847429992101 8599.52505991593
361 96 0.09280693119816723 8990.582293452066
106 277 0.23924969738416416 9998.283030620523
242 344 0.27849603198755934 8958.759047037112
208 118 0.4149493717581807 8036.370276750424
