250.0 250.0
120.0 170.0 0.08451065378546674 8307.797992976797
187 161 0.47111089810359374 10777.010805752976
282 251 0.3016307715217056 9899.19320896278
7 278 0.37254515261481447 7603.420186989154
42 323 0.2674356471302443 8179.148883761217
162 125 0.45129236959163277 10567.329976906221
416 235 0.027111856721294923 9814.326984695883
230 115 0.27861758512518403 10532.02012370864
53 111 0.4604513210138783 8994.780851097432
9 159.0 0.2571729847524995 10500.997565550393
112 12 0.24696012416099994 7684.299908960469
248 34 0.20355136764201878 10474.333260173002
250 40 0.27059318734810667 10300.40766085187
181 111 0.16811941430401428 10415.553188672386
247 345 0.4751090465886154 8508.29351877953
408 251 0.04625781346606791 8927.384807032531
333 73 0.13494101119761034 7807.69852733579
362 392 0.28664009713700916 10687.358190845578
397 18 0.30430743406158706 10681.546931092715
302 166 0.14705208542810164 8389.652544879631
98 458 0.2556945446341844 10129.431354918212
360 434 0.21597332751585405 7765.022560843271
227 243 0.0647882425918355 8588.670506655093
162 316 0.3309092442578722 9089.677943803134
495 103 0.08835180163003802 9855.355653763658
360 279 0.15080880097741003 8452.870127566639
362 492 0.25193738796683607 8032.805340113379
36 252 0.12725570790743979 9130.764392410734
479 119 0.31691580308233 8317.261745768186
140 26 0.14052211602403075 8291.424571736345
416 426 0.39215302224066556 10714.008810724587
214 254 0.4281073058946053 9610.573721257806
30 405 0.4145934622384832 10734.491464214863
331 426 0.4020487451373155 9756.93421220567
49 72 0.45787622950180973 7708.00973472938
183 155 0.49724148829554493 9673.503917507707
192 249 0.3080054180376899 7839.298042439024
372 12 0.030710681806497435 9041.591297684832
316 127 0.40855655007743147 9302.379260361387
10 372 0.0426890216097835 8624.992663732639
484 160 0.4488856394033122 9777.005133834256
401 22 0.4956386260302223 10342.19401559007
114 8 0.047513186407598045 8147.063505894065
197 248 0.4776973179381937 8430.22646012482
151 343 0.42634808857816114 9363.371588628406
450 243 0.45453910290530114 9020.611083135042
355 378 0.33892364761653554 9039.484411549687
457 44 0.3562235608295502 10118.270585640896
261 228 0.26010145883103714 9895.435022074724
371 5 0.4891054502079969 10467.679888566974
