250.0 250.0
334 297 0.157416396933892 10567.512147892441
169 280 0.0802963370079535 10096.6609781874
172 333 0.23768945082173493 9806.012567874082
272 269 0.3169930629039076 10381.231673736864
269 347 0.05611112697137072 10311.252480551359
298 277 0.21259407174573017 8407.715513160982
312 472 0.07512711655111179 8976.961761097242
112 246 0.3112279828232511 10622.356404346203
242 338 0.2266362511354715 9049.109049997956
473 254 0.3701968939606825 10582.086993086834
76 206 0.11833958192464403 10535.982714688085
235 193 0.368211844286161 8898.673967793282
465 380 0.3878421101080496 9854.798704843246
240 394 0.0916122953947888 7960.6781131706575
132 70 0.33243182931252796 10399.207719547368
234 26 0.40984015983003014 10505.537988871285
186 123 0.11942691381969209 10303.124078404076
317 118 0.1976936268373849 9257.009738094377
215 426 0.08454464021794661 9320.880320021779
451 208 0.367737676653562 8534.410069508336
381 160 0.02348369672748321 8247.012916270247
130 175 0.28642201417409074 10799.422405449368
460 103 0.435993949058404 9554.108287636955
201 61 0.11191012701018924 10680.796681325886
177 161 0.08251439320057537 9664.63040195216
325 361 0.49498795117786165 9520.959459864458
418 9 0.25040317144434865 9029.080442942708
454 473 0.3907086435007594 8696.70256062758
376 332 0.1953901772743996 8515.486500606734
419 242 0.03549601257445186 10029.412661292328
82 148 0.49203127396390167 7653.020248588709
38 214 0.15959167633630192 8736.956773036063
435 301 0.18903285960565142 8340.82437349919
354 381 0.21289331591219582 7657.259791841449
237 99 0.27868761313170515 10491.111659277361
395 186 0.16270872764560193 8638.399715316016
64 140 0.16334552824942675 9420.940964870151
283 344 0.08668635944255342 9128.856677772867
163 160 0.03338086383133867 7699.305376793361
67 96 0.4014513724706658 8103.087375666281
204 499 0.4568831247173837 9681.791989481431
34 331 0.4249479018568479 9655.957373893612
304 173 0.02932105614324583 7649.249129360865
204 482 0.338407302450857 10560.30617444338
93 457 0.34156938533683184 10018.849702938038
12 286 0.2165907243656327 8930.875036392135
472 489 0.21394792650414038 8176.507450491031
438 368 0.04686084044478795 8396.27344631701
327 236 0.3789531225456631 7901.4930182848875
129 53 0.20892332205398872 10115.343004720618
