250.0 250.0
134.0 175.0 0.3965346689449931 9667.333779191511
236 177 0.405460055648275 9017.834888563691
243 55 0.3533447997662822 7779.858273100267
363 115 0.2197916011363286 7812.0204633673175
243 52 0.12771833844142558 8889.694390603565
251 261 0.30163851253827767 9621.498055929937
87 308 0.20250584799734786 8952.328949023246
437 76 0.46701153326415146 8776.938275949116
178 266 0.24126533256515126 8150.962628403672
340 290 0.3529116649803815 10637.831211145241
364 18 0.19282081924176156 9803.313301863038
392 312 0.42123070702595267 10704.272263347611
220 150 0.16167417228447817 9709.67913971491
81 76 0.3057418616668843 9899.641745746445
445 198 0.09604418796662319 7841.577468620162
228 298 0.4839084380228422 10233.179771226682
388 461 0.29283584978132615 8273.934061027592
128 317 0.0275419551777319 9055.90466951977
437 235 0.36037553374302406 10296.178345657936
353 51 0.31373507522897753 10077.016309203174
32 122 0.35040443817813594 7937.302828803764
272 241 0.03549207917025877 8977.96778380761
99 129 0.3668239094328111 8925.625012237191
378 33 0.2825453849249246 8077.787302776229
5 327 0.3069821428914622 9915.691671667639
232 310 0.1863100993147813 8097.634609821757
428 486 0.1945457474169238 8102.097882107813
345 10 0.34972937546646643 8386.318728539038
1 82 0.19985003939320772 9322.33018047328
488 297 0.47900405413425834 10302.533593256172
268 96 0.24636086761221115 8234.703993991536
150 430 0.4869105809472523 7746.523476574659
436 98 0.30651842994018924 8030.295433030926
76 340 0.09655461682967323 9857.14959440727
389 147 0.15507457880359868 7675.528129496863
354 413 0.3484490910452692 9729.159244605611
169 240 0.3486498684462617 10464.51682976808
231 41 0.22886776425490102 10241.557217988347
117 459 0.22208706158979483 8959.756929925603
110 298 0.36292735824781025 10090.777063441468
79 419 0.08264247932287294 7681.958458916121
207 357 0.15135159166691017 8717.094025243881
227 147 0.36603705329952607 9810.605606018686
315 395 0.47210764629391044 9434.950784170056
442 426 0.49484801783107624 8081.759943870038
213 391 0.13255430069847063 9349.179992616435
14 455 0.1238294718642734 9382.399984118052
201 326 0.3215256595360122 9663.24989391306
425 216 0.38135258544007905 7582.802477495948
196 397 0.1560332438328399 8479.847739688783
