250.0 250.0
153.0 171.0 0.357385851692565 10766.913172808348
392 210 0.41476314652209545 10634.985586069743
66 70 0.28359463260462087 8325.180559368744
225 152.0 0.3098482280093482 9291.917826631267
389 102 0.11037220430107512 9597.14539802424
73 173 0.15162980242578894 9174.17404229808
213 349 0.15177469504246477 10356.644210981092
59 59 0.30546340804444183 8897.298991479109
9 257 0.07718737910031623 10608.122207764844
225 225 0.4547605957996916 8860.620617050326
423 201 0.21693762233186517 10501.972330796265
292 242 0.2054065641540439 9733.427020508489
4 231 0.4605995238580768 7598.7215642889
197 208 0.39412146913975277 10427.807232385687
295 58 0.09090525362861339 8203.745989623643
135 373 0.1465958992727517 9031.082535269548
228 441 0.4636501321389606 7675.875112789336
32 420 0.03308548986142747 8704.820113556003
489 168 0.4359168514542719 8080.822313222115
369 147 0.2636255067577111 10036.678635698772
306 95 0.21561172887640798 8954.659250893359
416 349 0.4776182203292618 9523.748165924142
450 267 0.028749286642964382 8935.213925985703
265 282 0.22731444211086616 8082.243210485237
444 244 0.21010773459332666 8911.669717726874
355 494 0.2625625213046735 8009.760188128916
485 298 0.06898540615962466 10206.151774423104
149 248 0.38314717852788266 10583.793168177814
183 496 0.030877294720127756 8396.596153287242
358 174 0.10237334219384175 8881.37405631807
441 349 0.22554100725664347 10526.950378200116
479 288 0.016704041009300317 8792.242544333718
400 434 0.19048130693010995 8179.532199441542
341 67 0.2767080094173254 8560.174400909369
230 37 0.09640046665955654 10033.429753225093
313 455 0.31076763586051404 9388.341733631141
479 355 0.4723123562415066 9826.808561230104
260 457 0.271978517149529 8486.926368443375
181 177 0.21234088487402436 9318.700643047485
446 170 0.40791995241426654 7899.546475033192
324 307 0.24779712892473194 7749.879410097567
94 255 0.017936839826687923 8203.108559481298
55 73 0.49381036852608773 8128.35645935599
415 325 0.4250378229350535 7933.697576440927
427 458 0.3684560899257482 8418.352702467335
493 369 0.09778942991555989 10561.291140292746
351 417 0.06944996175929846 9172.94043563505
111 83 0.35819390072764135 8183.728133271573
445 287 0.274581874382795 8813.994874350246
116 8 0.4586459366627732 7706.29882882897
