250.0 250.0
142.0 146.0 0.24607703106350035 7972.208341987761
131 46 0.2230773740755374 10657.381545440203
279 38 0.0493254299189567 10759.4165898216
255 41 0.41234161616437864 9298.805148740934
338 258 0.3491283430805358 7629.441994457466
406 125 0.2999343451904793 10220.358488468773
351 282 0.2644722176875632 10638.195923717223
174 348 0.14814629657122586 10095.066996345782
451 200 0.18166307898249448 8619.527018752904
320 30 0.4752924546106107 9126.489873787265
93 196 0.05811066813515167 8044.810967105047
146 314 0.023343979756057134 9312.560321576506
21 175 0.0705155521043176 8775.233091334958
188 441 0.414272773323554 7677.748629963093
72 307 0.27566654191868084 10136.831213131274
43 154 0.03249987501625537 8876.247680099394
172 464 0.021487726037295818 8969.31261014503
70 174 0.06831331678690411 10499.356814003466
282 418 0.06364287846701674 10440.884328786335
201 174 0.011512070103363286 10774.06912576308
231 151 0.40797100936026715 8974.939472993763
8 21 0.14829921589109157 7779.06122651379
234 333 0.42261166102738934 8374.19997453896
359 437 0.21815192558292645 8093.767453642164
498 338 0.33214417404837626 9643.02929760606
87 384 0.47258889736617904 8536.25993896244
469 119 0.3097055312016054 10012.645523285959
177 59 0.022150319826774317 7589.561224993274
462 402 0.019115175472109343 8040.054728891964
133 7 0.17242760447300268 9413.331313091941
229 246 0.3343796114818922 10679.420866564275
440 204 0.21327663043621287 8564.096972152669
214 107 0.2065822988664207 8268.684205004816
479 292 0.2630766367125632 9503.47368298745
358 193 0.3719048679397284 10556.87213406197
245 81 0.28493442821051873 8783.608992394764
475 115 0.2657243793588865 10191.751075793167
333 451 0.034811647531660925 9983.663061980575
252 279 0.04613722644349137 10285.669640528562
45 456 0.45711691683793515 7968.781258668888
122 116 0.25697289043231963 10282.31385733329
430 452 0.14136736571860598 10573.256602393745
56 109 0.1867170162057005 9490.213817847598
469 209 0.36228095162359913 8159.169542019748
433 247 0.43175238468272276 9767.337562852234
238 59 0.47994279502912446 10669.998087710188
144 357 0.4069493571081912 10781.230949965016
242 19 0.05244737439716195 9537.529460220296
203 388 0.12292436838071878 8882.751858050598
357 9 0.24682264362420406 8520.458597165612
