250.0 250.0
171.0 174.0 0.4600833393568795 10111.448482322166
194.0 288.0 0.31739153619833066 8802.599340115305
343 235 0.11292100938124218 9037.798192425309
429 118 0.07438922602197698 9359.344168550446
350 217 0.1471128093348939 9215.979671309093
258 248 0.23169236124609835 10299.735234966409
479 26 0.48733455096598305 10400.921921251751
249.0 236.0 0.35154177624247324 8159.174899390096
422 156 0.46733194651702487 8407.73528709458
394 165 0.3678401025134393 10497.441258255676
400 51 0.3025151838874452 10502.595041781478
259 190 0.23613561970344313 8644.102918387556
63 57 0.4103172858355311 9275.265667624813
297 80 0.4456402582246626 9481.455914761866
275 218 0.1573179281481359 10444.14836362375
384 363 0.4371133014661739 7592.500381405668
42 110 0.017149532978104225 10602.93264427429
7 19 0.3193655779712925 9324.008211904818
348.0 246.0 0.3022523011509307 8019.736586691705
492 312 0.03164483704505628 9670.542469036045
249.0 159.0 0.28406790794903275 7911.571390129141
28 99 0.09773422379635724 9314.957440925775
130 229 0.12349013356929671 10178.49568131808
239 406 0.010729374286709505 8191.409909140392
399 375 0.4508683018650437 9290.720391994306
261 457 0.02946561378314961 7998.599521172875
461 50 0.2597071742036398 8384.489843074141
122 104 0.44644330382214664 9437.68006315434
230 387 0.1977177116397523 9686.696287516295
168 347 0.13548197375441617 10668.158680712182
256 139 0.014816707757079819 8345.021670868502
158 23 0.40183855273656666 10320.145568621894
64 296 0.13462015834985488 7711.781316568647
367 494 0.26110827615884497 10473.104052594288
433 176 0.2162748240946171 7752.53520081446
458 466 0.06823464025417052 9341.42647418267
83 0 0.1336650253051894 8541.84325484706
296 136 0.028518486575945808 7833.937949818652
327 335 0.20221517323376256 8449.830369173776
247 209 0.18499962354945182 8177.43356522361
241 1 0.024665862934552148 7700.178411144436
329 412 0.06138772366448639 7880.623382471303
382 190 0.11601806254276176 9104.37564457002
43 254 0.19763786325873625 9618.661763570632
172 474 0.0653107624778398 9087.223979002743
338 441 0.09977324170780129 8432.706385504614
268 105 0.27639696422127225 9987.933814075132
51 499 0.43126949999209013 8945.042198531572
373 0 0.2001207529289483 10778.633522402837
386 339 0.09946180930249277 10682.574807399906
