250.0 250.0
115.0 168.0 0.41311550919390577 9954.652522594546
96 229.0 0.3549767178278035 9897.850071684883
311 121 0.182108925318663 10141.626962563429
340 361 0.07271727639760771 9496.095487982137
409 123 0.47482550798130213 9815.115279748456
92 256 0.3597833055061537 10466.456722553849
395 334 0.0820529599892415 8461.42347897633
477 391 0.12713513484420538 10745.926160614628
368 473 0.49541401497242876 7844.45389343511
268 409 0.13477972190035378 10134.95221790162
457 67 0.3616483232234025 9574.199196913318
190 168 0.17208494502340763 9403.815103250554
312 246 0.42586663851238676 10239.132890100891
198 449 0.3860183777915451 9505.334387120967
451 57 0.3563819039394312 9511.423843855464
7 81 0.2146632155819654 10074.448545505147
75 153 0.37910841883687263 10588.420090550415
479 398 0.15476028484762966 8581.531334954725
278 335 0.3314261817251326 7566.644937304989
438 349 0.3566060820113379 8089.94562431808
477 344 0.39137489435560896 10208.9762411629
103 289 0.451411657460187 9167.010625875837
420 463 0.2240082831865135 9510.497262394978
222 61 0.4879151005712717 10225.8946876574
269 55 0.3336162361958755 10349.533382787291
330 156 0.07355917081760617 9654.680177566204
340 310 0.09069305189039274 9060.53583601161
349 178 0.4000078845014175 8485.50562598611
373 107 0.2600464699843073 9490.37860146282
404 477 0.10519602260152591 8421.138454883674
114 221 0.22518602968367651 9266.456229737489
300 127 0.2810407615346215 9401.164659178958
443 429 0.071202376280326 7734.937979483081
297 413 0.11002789948259041 10226.46081244189
395 137 0.06936682452104773 10608.31986630785
489 464 0.11006680918943655 8373.887694735648
409 349 0.20527652067076474 9384.598138040332
233 384 0.4538595400259208 10493.95054999056
291 338 0.0700439091233653 7688.06149756295
87 330 0.3748526705766703 8443.360410442001
434 458 0.26638351692741313 9067.309991398812
50 459 0.24922386324989734 8147.744595368161
403 324 0.1642951568387423 7913.8063577166595
331 167 0.16097551541794514 9503.832667262499
345 224 0.27943349986052224 9262.804928804664
233 334 0.04372748180926711 7870.927186047081
68 39 0.3633125564071668 8291.518443565803
437 112 0.05398273069558023 10386.617410031167
216 218 0.4345317784147655 9611.378228691508
390 104 0.28254753607652633 8242.155043824465
