250.0 250.0
302 268 0.1953623116837199 8187.759954238495
266 409 0.09540537669005421 9765.847240897318
352 500 0.05943961458674634 10469.52168946444
391 380 0.39238373316905195 10291.021686224203
320 404 0.2954715741270848 9047.11355885547
202 480 0.07939363907733012 9009.174380646169
122 288 0.17734187316641756 7694.410350403415
426 393 0.4127165270607205 9496.885446218028
4 192 0.37287449265654643 9570.511463220984
22 155 0.37984083069771135 8612.445387018694
250 232 0.14576897431240787 8293.117314883802
480 445 0.3277317995395934 9570.59329588621
275 151 0.39048846608740345 7909.0444121479795
3 285 0.3991188261519193 8699.567083210724
47 150 0.31542019488219836 9947.69755170975
2 67 0.494908140436025 7722.703868043645
37 120 0.46311175980494024 10667.057311023456
485 318 0.2646848723456206 7942.592871413122
99 229 0.2943040989938984 9218.899623564097
420 169 0.11694250039102579 7971.95795688475
282 216 0.1369425951204326 8607.427574527746
476 219 0.02907698312070038 9725.214606300575
421 177 0.48362652211329077 10752.894443616078
97 52 0.02335080430801087 9150.873198785592
143 419 0.11093206230155263 8293.670881930237
132 193 0.31774708602829504 10571.50826903432
90 392 0.30215790715988367 10561.48433653688
115 199 0.10267517909845313 8319.817284507033
265 327 0.3799530029384843 8292.049957199792
395 68 0.38088123810031216 9973.821750175175
10 35 0.358713204682279 9335.118816079095
471 376 0.014191598979571118 10178.62061360899
253 212 0.3281832282397861 9121.14857654464
256 315 0.22746116520197876 8273.600297167723
391 223 0.41864552431549484 10570.208427959264
407 44 0.13688387691646828 9915.009435635111
474 73 0.4736681035211732 9637.805119805655
202 415 0.3037305541741933 10582.70625938319
387 259 0.33899742963370877 9650.696157118013
297 143 0.47846232866217486 8979.539493649052
208 366 0.03946743209656773 9523.705778104064
122 33 0.23968502034724665 9532.409757597714
328 139 0.02363962672348996 8213.515441982965
385 7 0.3586420768586533 10624.426089750206
131 383 0.4624356886770574 8394.61929594128
186 185 0.01732499313102044 10037.526840853614
15 465 0.1702123106749246 9222.989724550705
305 132 0.30747549950019776 7878.984679031413
147 335 0.1338197215601254 10735.974881192866
276 299 0.16632224827076167 8353.327665507084
