250.0 250.0
171.0 129.0 0.09836366864473088 9546.173323956882
189 270 0.15075237891602677 9502.929408280937
244 410 0.07022959628441164 9079.151819217393
211 229 0.4749436754925719 9746.868947301584
224 116 0.13257440905746584 9778.745206406147
170 421 0.08033780558182893 8293.423739841099
261 355 0.18206288705634885 10600.708092019991
233 381 0.10061256831065472 8857.752591600352
293 281 0.10446875942982575 9443.062296517888
230 171 0.48000664022622536 8805.546530548443
134 33 0.08268575539857824 9389.289721886053
246 180 0.01959391714631157 7939.428809960733
192 475 0.4394897658468315 8282.100414369275
342 297 0.21268697346329385 9147.458136000243
292 80 0.012381491910389193 9347.542470600465
236 198 0.4152384336541318 9877.001014344734
313 80 0.27307021938057263 8689.229742188478
39 94 0.05185723027932184 10167.276238547982
166 88 0.2890589121394964 10528.74628204566
164 143 0.40045044512246514 9276.300609732632
235 182 0.26071264637805563 8108.338903615611
18 405 0.4448322643195822 9412.528112857708
131 313 0.4487776926397992 9788.3435925257
122 412 0.2577216210813253 7947.043045378246
1 187 0.15694280030846175 10156.590579767242
55 338 0.09061080097294354 9891.261119180372
89 93 0.1147398853775764 10549.91482719023
261 109 0.2280007628556554 10035.359910806877
27 333 0.3214722523689912 9644.577161193216
311 408 0.31523974943894667 8725.089183405486
294 71 0.3912507884934622 10440.364396438625
229 307 0.028369440719875252 9390.14793464194
3 127 0.2827553672558913 9853.747011687803
418 335 0.2414176756663253 8252.639364742552
413 356 0.4908796235103594 8323.83547099842
122 403 0.11847699683988783 7583.808392326826
46 462 0.2850193311794921 7975.529023458569
490 306 0.011583425397955815 9643.239903928274
180 466 0.46899620174892126 10465.707443317684
85 68 0.37815218059178535 8633.351699126886
178 381 0.3677907901742269 10490.500256465286
422 472 0.44510276240064395 8470.507071075102
26 86 0.18776028683389054 8542.256514705663
24 86 0.44478317083990776 10210.419467595464
217 66 0.27396944439507986 9270.179779395214
240 187 0.12102449147748358 9320.091781201543
275 93 0.05483737607821963 10702.634387838203
73 152 0.16981696455268028 10595.668432569122
170 387 0.06220401630501617 8954.658159035154
334 233 0.09743200513892682 8422.762988328519
