250.0 250.0
381 218 0.13164179487299335 10497.709069796412
181 197 0.3636435036422454 8595.42657706339
80 313 0.37682216124533996 8653.638660712646
3 284 0.49440706335111695 8471.972565011141
149 280 0.011992202124310358 7859.478508797518
160 215 0.02292170772034885 8924.230567420873
384 304 0.01032036952356619 8172.741654658655
462 289 0.011524778283694267 10023.170923488864
471 91 0.02360833657725367 9318.737351873431
340 160 0.2938138822840383 9382.484877548704
170 302 0.28241384481832094 8956.699112599506
257 140 0.4731352020019338 8946.609814836122
184 336 0.23626234249033432 8078.62415465841
15 234 0.3976450262280878 9170.287807463792
284 236 0.39061836582722564 9310.97777602074
331 116 0.36501714076959924 10616.386275424602
263 239 0.06464222783519512 9225.257740870125
395 390 0.036595554346676454 9067.96687720201
286 299 0.21786649822297396 10109.941455341806
499 131 0.14298984848406943 9272.241930795575
272 215 0.2430565962787189 10130.139618941412
63 152 0.2327136106035122 8743.503506020525
434 473 0.18925022998353888 8037.736859499176
476 133 0.3553713268479914 7578.953810753724
58 307 0.16438366398403564 10314.40183460163
88 243 0.17547319743159628 10148.101574631788
417 314 0.2659367085320672 10449.121962780342
84 119 0.1494935967281882 10019.036363159597
124 106 0.35700766555576824 9349.42587462886
443 260 0.36047371713296084 9451.969475871145
94 356 0.3420553338848511 9823.575072423582
347 303 0.025457991713316093 8754.533568527844
479 151 0.14283500060491872 10373.353429433464
141 227 0.4399019966568578 8120.716888522306
346 281 0.012181762108603392 9929.71874895125
426 151 0.41578342751737013 8007.339121465873
319 428 0.33355715923122065 9287.920540717938
167 407 0.47045096503165507 8270.831512889705
25 221 0.34427873857260594 8263.922053919223
373 342 0.10330965434217938 9284.611216207668
422 147 0.3787791034227805 10413.361597460029
33 480 0.3549868039342395 9537.984859323105
143 5 0.1486460186541504 8054.107688274873
214 138 0.1751015359067174 8132.254346523631
390 166 0.18321911676919134 9878.128812032795
368 17 0.38558162764907744 9848.179858456262
124 4 0.4274266832999869 8835.427938971307
62 424 0.4583045731882322 10756.072048853055
6 494 0.08123088445385138 9857.664945371529
388 342 0.2524657635385801 7983.317804589911
129 183 0.08460723540570178 9850.8196102455
464 128 0.15426740115098272 7829.1527554233035
413 100 0.42497138551081126 9570.289362092775
490 492 0.07722542509943382 8826.679516203962
22 90 0.35539259003457346 8446.506595489764
331 139 0.42622120838138133 7960.526937691484
378 258 0.3125693933073358 9330.961330610344
429 24 0.3517282539379498 10443.45265674505
253 174 0.26494463891019815 8491.007836854353
284 391 0.11254870119039202 9979.01127713373
434 401 0.48110348924314533 9958.382207889556
282 91 0.02804534195791046 10490.413377476581
407 41 0.23748239534363252 8409.139440588211
461 277 0.4745443002595051 9012.45735228288
90 88 0.3257550543424402 7703.726750993779
61 90 0.23446603563255677 10471.69807700301
455 462 0.3429828906659471 7876.621074862086
466 251 0.31248291886377855 7790.129846081275
230 405 0.1058176118955663 8648.641234823153
90 190 0.25962996063966404 9492.48792854819
183 36 0.02975522497236424 10422.102935019742
198 248 0.135113307388669 7810.038292331648
453 165 0.07335168269844881 9735.191166954572
498 403 0.049927486335900315 8142.632739421571
405 470 0.1815838989617611 8926.772443348844
