250.0 250.0
145.0 148.0 0.05963585269820799 8294.460446016185
262 241 0.4619466986755793 7579.574134074105
287 163 0.418004227605068 7881.387453084753
159 110 0.34549403353490377 7608.842449220359
174 149 0.263291535503821 8515.165653305376
71 164 0.0944589815696763 9992.050282871289
338 274 0.14490074644501566 7651.9931634874965
51 101 0.04499657267481611 8486.188102734523
218 190 0.2825222250093735 10311.893548489985
434 205 0.29978073406816436 10281.589253499911
120 236 0.4364900250194977 8849.40634464541
452 334 0.03298457139833979 10051.086495697631
153 350 0.09009364894202294 7922.259134608317
475 485 0.23664274466708315 10263.303223348394
122 116 0.15570272976256486 8936.525571731085
283 413 0.18257085669588025 10339.549839180847
209 409 0.2774563289764209 9026.292915953534
337 317 0.35437215263742355 10684.854550057096
102 383 0.4709929726804545 9214.172089457888
51 435 0.2125857902292279 10474.546074313968
409 131 0.1466082678072556 9516.091346846842
84 228 0.41046968385530086 9132.75269555407
273 184 0.11853227987941901 10734.750709789758
477 367 0.3251611873356619 10689.12959284538
223 298 0.30400148175039493 10349.205685656987
415 337 0.20140038901847065 9708.760616823956
285 54 0.2425783654427183 8734.395192833632
283 53 0.2971715242494459 9849.302310944839
5 477 0.05676810688495347 7844.564373296148
225 110 0.05925935098753279 9507.262943108457
263 53 0.07614776958775736 7837.88597976366
87 252 0.47556649263640277 9314.102497105463
364 90 0.3366033558957792 9801.533982170471
488 365 0.1409434472049517 10506.322509930806
109 157 0.03971993485012642 9112.722311900761
422 321 0.24197844156330134 10238.273661663807
474 72 0.14112156603922327 9277.188676691401
212 152 0.42011951660482516 9230.752389263549
153 473 0.41867382093477873 7825.131646664274
346 262 0.33520218385917455 10743.691193767107
219 461 0.03231180400700723 7756.365909691444
144 242 0.36509070066560606 7903.090436376948
352 367 0.12263572901723502 9188.16380295055
444 397 0.45408697434325657 9047.816868510534
409 460 0.40935819689318853 10098.161631001793
469 39 0.43091040884057363 8290.19819461683
360 468 0.3296173113873168 10656.839860493246
15 491 0.07150570293721502 8366.956798395464
64 265 0.016969120281346978 8934.739423828207
341 1 0.3333521711463735 10576.098565829167
318 354 0.37672647608748955 8509.323394750685
213 334 0.21054815391917311 8036.8381446143885
95 495 0.49773318342458744 10010.311272128829
296 374 0.17412977887119876 10564.05228249225
173 461 0.29293915568542905 8174.141537236696
452 392 0.2604316997628909 9717.94664382376
150 255 0.2114754687127317 9410.272623291577
295 241 0.019243725907318758 8035.070990859094
321 345 0.4505762244315026 10269.584294186596
15 492 0.24227586106095156 7734.807786694574
441 245 0.3884466623075983 10266.17670011612
245 470 0.02359809484361195 8217.996644921906
94 92 0.4663137298224116 9476.971774688389
398 414 0.2481872772043034 9042.326435892852
10 206 0.11493140912355566 9511.867302931882
246 377 0.336643396024364 9703.588984152047
490 379 0.1391820967926621 8827.333561740217
313 296 0.24539375919648868 10231.700527405208
305 0 0.4459367961414822 10113.649072704358
330 234 0.31322906312100535 9090.332778311644
279 54 0.26319741974784694 10212.047118264853
163 246 0.37781837286623904 8797.466590299162
68 183 0.1313598373247084 9177.495774290019
463 434 0.3734380850299058 8399.351813350844
305 265 0.051392311667626325 9056.323510671695
