250.0 250.0
132.0 163.0 0.04098113114481389 9161.373554769689
320 333 0.14841429014715585 9479.705784607617
332 438 0.06116057171098538 7698.6396934873555
296 163 0.42223633566188246 9949.407970886594
301 270 0.29187479744535766 7858.588999843613
456 365 0.15998680879512825 9535.852020109347
106 105 0.3323633747740975 9765.279014294523
245 316 0.05301626986296719 8504.645974674399
491 431 0.3801460048895253 8822.002780764713
164 327 0.09009184745694038 10727.02679182103
42 31 0.36050122255913736 9374.775209318293
349 311 0.013131261175631575 9439.30795638578
252 395 0.12509869509849467 7905.399969559336
487 360 0.26851342237702935 10766.134710643015
168 20 0.4135929245277059 10482.81445389019
148 418 0.28687778917112383 8395.602200158908
318 268 0.48927590604388416 9689.004133687964
421 155 0.37435808553375116 8031.040266201586
406 166 0.20218778866032638 8084.1680785799035
128 46 0.012871815084385806 9108.07526901346
293 420 0.47912659988320194 10554.631269195099
120 307 0.18278708087851578 8949.36534676519
292 60 0.1488651544452989 10284.867215883703
68 424 0.24763230296356864 8239.034181072933
223 407 0.4338777040401106 8487.49683095426
43 424 0.4258382962999609 9977.342695130621
498 23 0.46578020811767334 10754.882397022302
148 240 0.27444759005964514 9238.042842107607
303 326 0.19217652741983665 9773.287746549822
189 478 0.27763291527971434 8032.466054510442
160 45 0.21422997145378778 9916.376739768708
391 239 0.1533284061846833 10282.771009094324
88 8 0.4555453805134669 8507.709237398465
442 319 0.37339879926784214 8246.584175933696
136 265 0.04997250639350456 10647.553525314754
256 439 0.09047877510276517 9370.380338438586
282 201 0.32000353267606635 9515.516747425823
226 113 0.18175930276582186 9708.855511074205
177 486 0.14397623422858366 9319.88669458035
320 304 0.11408413256669442 9120.279476234085
232 103 0.16510789725780511 10419.55060258194
108 303 0.3431779342225624 8508.125411980356
273 435 0.13441487533974242 9642.161518676767
356 177 0.33768052885154537 10309.587683127966
376 2 0.4655255469290513 10049.727700845382
9 34 0.20384402361112652 9901.40168948585
345 445 0.3639120100985535 9340.622906326149
77 76 0.4652333249673482 9024.175041889463
280 291 0.021359991877994138 8998.591820296577
492 400 0.16992562400418676 8374.488687501722
297 262 0.12973681783830932 10416.054947591103
233 127 0.3653568159674256 9015.629786873473
344 28 0.06523484744307438 8355.962642840044
203 116 0.13427161924319025 9266.987261083774
419 255 0.13392481357503194 7590.781950637724
61 105 0.41369128741211 9742.277254306047
68 337 0.4928410349473768 8610.866910212377
136 408 0.03876171417627112 9302.671881780105
35 143 0.41559913832303375 8196.70053686687
424 150 0.19267727125735226 7856.363906989462
11 398 0.16809083101408442 8642.667939020543
144 456 0.06394680716050143 8407.217660678762
106 182 0.07669837945804196 9258.558720754674
46 208 0.18232584928283535 10556.762478569566
25 442 0.1266024247282561 8054.245920810057
73 25 0.08270719682434778 9361.642829260556
353 332 0.2516826541087612 8986.398092985175
319 267 0.11832474021917393 7562.573100193442
244 190 0.13526863847528556 8465.38556405414
47 279 0.15250773990554314 8477.557103855548
221 118 0.36683434373348045 7701.614498867975
498 229 0.12427107571262208 7953.604276118868
445 290 0.15959954341917498 8451.606032456355
95 499 0.35740171472982596 10730.450943117115
376 314 0.08329098547968333 9669.617285710483
