250.0 250.0
177.0 114.0 0.08232861732478125 10608.16970360601
61.0 47 0.17932509917413195 9169.029342673044
78.0 225 0.18304107198479375 8586.312191096335
166 246 0.4683002596709459 10461.170757999836
165 283 0.4843768052633999 10134.300838750843
169.0 243 0.021439997656535197 10213.656839273892
131 96 0.12862455129176498 10304.152093137414
180 139 0.04654117099611216 9048.19662779209
365 191 0.1433395539509334 8957.695932970493
422 72 0.3542452666213677 9606.94060998512
220 363 0.17868534575800182 8741.284252806654
79.0 178 0.4936121532377053 10219.978480497994
239 55 0.11186808840281379 8437.740447424965
115 46 0.43091536420439547 8850.722979109965
93 179 0.35889405292972604 9181.890295074896
201 300 0.3251001437487325 10093.559555987656
301 370 0.10050197114751865 10299.085376518753
343 392 0.2668814131355571 9681.471782923927
437 50 0.47350466851991907 8827.744631693198
233 102 0.08809010030607776 8081.779503601214
88 44 0.3655792040636203 8424.303171209627
8 141 0.4655873548221404 10737.671187622716
170 246 0.4931395967842435 10046.559732724996
439 289 0.03917964786424679 9057.51263809227
298 497 0.3364136499355938 7858.683628628818
123 323 0.4521261155025607 10286.973227794959
395 11 0.36881768883658994 7567.903736919037
129 491 0.30794095541057476 9868.649077868497
276 237 0.25555583152811 8146.2991725183
77 27 0.06330264639847326 8037.122155345309
210 208 0.23349839379279017 8792.27059854547
87 373 0.16858287301812858 8111.728656626727
25 371 0.43120870342051887 8393.07950107332
88 18 0.3854155702190704 7784.688569250311
478 382 0.08027632960938955 8141.79930589299
269 343 0.15378775651143736 9461.378534749323
332 390 0.11391364449968566 8436.628246356111
329 455 0.24391884064672573 9207.931661289746
145 155 0.11413112568857163 9617.95506755965
204 149 0.4698585259316969 10257.056852550915
443 413 0.25193042323067694 7928.631750333921
436 30 0.0990662854895214 10439.941480625113
91 50 0.33560002881004225 10694.113821991446
3 187 0.228359832667409 10327.696377776489
361 400 0.34461034945965674 8671.84617231439
398 197 0.14080681254015784 10542.055686619053
25 230 0.2628971986523295 9348.349052266878
50 86 0.09334579255801348 10208.183289330926
146 166 0.46298480289725213 8232.565347122705
15 395 0.271486801668087 9623.297901607864
21 64 0.45692066264449305 9810.611524685375
264 269 0.36007970679284507 9659.736991513439
92 109 0.3207062588735762 9838.757268320576
103 59 0.04164991573503698 8957.523041447896
197 325 0.12325772602946274 8968.308397797875
25 177 0.1810390089772301 10795.523325305781
356 70 0.30018713017883636 8017.602125453537
338 267 0.2788021615433724 9022.34336393985
327 352 0.26648661527853135 8398.415048547498
11 3 0.1984664637311461 10686.048071473513
499 447 0.1033822175679721 7679.277034845287
243 465 0.16474507982991932 8874.147193697354
50 348 0.2556300349610578 8166.310172289012
57 58 0.09357263111356573 8828.072993778776
316 309 0.1216250588892135 9017.175382186437
13 395 0.060550538586982304 9351.810930172609
316 322 0.4552325008767667 10587.191010121975
195 456 0.3252542338284015 9586.433635856958
385 208 0.3359931652314273 8560.531883044017
263 66 0.09367424975423638 9290.266099035181
354 494 0.09730754235897368 8516.784648529157
303 199 0.28545540544775994 10070.52342792068
187 434 0.4842953554621985 9014.522711085083
206 293 0.13499525582542313 8127.395171159314
185 363 0.2547130047848404 10673.059564176194
