250.0 250.0
145.0 169.0 0.2879683226952956 8037.034502603873
110 18.0 0.0982544461667887 8743.980414710348
30 120 0.17056452443638012 8283.885136402701
251 258.0 0.010243012560668355 9518.373822291904
278 164.0 0.13483032730381925 9052.17694690105
33 17 0.11674763244581117 9377.104179013468
310 186 0.29510152122529165 9420.043856358985
37 139 0.23006643584049633 10547.63731883642
253 189 0.4231666936554058 10486.90038563925
282 246 0.23320792671652588 9100.2965575859
307 94.0 0.4435697741585006 9595.53151596429
135 103 0.32196222892451243 10140.035927525592
346 318 0.2564136105176574 8479.241559161135
325 315 0.3522678527776612 9264.485081067247
276 137 0.2691255509295385 10632.746026088045
471 354 0.14285242811587903 8515.032452053463
257 368 0.03184081218599571 9686.107651555447
44 125 0.24282172488792794 9471.48934606537
353 135.0 0.3489383730847183 7714.267989018784
323 204 0.15080397811836718 9381.032419965522
47 261 0.16480308995589954 7750.733882066202
166 356 0.05167469876537281 9316.759608449931
179 250 0.3932990787485933 9694.153446553912
465 409 0.49942479013559055 10474.693719883428
377 262 0.48651633945595035 9343.795597917755
462 316 0.3698580736273401 7751.220392428486
201 407 0.48773546621922115 8235.020359126203
327 311 0.014050519318533215 9909.768561471608
116 245 0.3663055934530599 8707.79928289455
169 33 0.29869940870827394 8706.43048237941
159 103 0.08665606414614967 8852.273976016077
484 477 0.0734464334753743 9542.952705366628
212 277 0.07135153387880643 10422.414859859618
418 244 0.43282713162038583 9423.250264649167
326 269 0.29483093001973193 7654.703577932486
283 36 0.21485338977053167 8028.047769327065
255 264 0.13353778385247775 8392.615616610507
2 199 0.30826846807185915 8815.424560863885
476 336 0.46172885305106015 9039.55051869012
352 204 0.2645460012684161 8708.393081558554
262 346 0.16838573525921785 8456.542327373696
421 352 0.41670877897043557 9050.56209040207
191 489 0.29813282413523895 8632.435756452038
438 68 0.08858461193606251 9869.970284948833
400 124 0.21684475912431142 9846.035268118047
88 104 0.14946630124351226 9442.163247357797
345 354 0.2783239764070795 9972.92170989005
391 390 0.24195612162136826 8113.895409819947
103 300 0.4430787576317857 10784.599081764769
483 60 0.28586377683158387 9505.350123692486
235 177 0.24361922103835118 8465.894689462675
167 76 0.42384004956479 9035.496499019464
387 184 0.16430751181329303 10663.98013427088
394 291 0.35859936040261997 10681.400714264142
279 131 0.12167541548203077 8739.239963682958
68 282 0.3894339440281151 8615.363307158243
63 462 0.4272475507124788 9975.308847388103
104 295 0.10271641393656594 8386.36046004266
426 172 0.10727332106864489 10310.629683988285
19 172 0.059268504959885476 8963.714063551057
148 52 0.2731742809537252 10743.37951568549
20 306 0.19392373969668 9562.230831505247
262 193 0.17136479621675121 7954.031527986825
199 5 0.33329372973218824 9265.478121160908
204 242 0.42964641127089864 8128.82792974139
311 9 0.33523497300947386 10553.007643388737
100 168 0.021981306070639587 9537.101165859509
162 160 0.07651613337714243 10125.881902828427
117 44 0.2803636433855538 10722.819596283327
494 234 0.21505892711793534 10500.719667210105
195 233 0.18382540897577684 7671.4846027148715
429 447 0.3006721525967243 8948.559333390984
127 484 0.10777122491508424 10572.57936280905
227 233 0.3463391788647545 10220.157968383239
33 95 0.037001176739742875 8387.811691275128
