250.0 250.0
319 269 0.41926221919143514 9299.51549473028
457 323 0.18534491500317773 9636.284852887444
433 262 0.4333079596124935 9323.674041908933
373 396 0.43266988287491404 10106.54733169004
162 228 0.29774733375364043 8239.735453238216
90 105 0.12540043974727774 9468.037541189002
549 225 0.30606182186109054 9370.469964260159
346 454 0.09167255614463034 10463.722522256947
402 502 0.3475665116157543 10412.79849618914
293 295 0.20418674562392639 8459.44197688131
258 220 0.4951365080389048 10280.502283162126
62 292 0.32790415841274095 7854.32731484316
65 317 0.3334958429587122 8555.563005723847
411 384 0.44512326417112247 7752.851568384774
299 378 0.12432990865882905 10576.532004219336
410 164 0.22727052601946457 9568.156291589328
335 30 0.4042372322575433 8874.995712321192
217 408 0.05986911777929556 8568.515757800944
335 498 0.335301888569049 8563.98460787601
7 205 0.13885726671600118 9561.785599294355
495 393 0.11495877650869553 8637.332940231368
218 242 0.06948907633462859 9874.30244838862
426 130 0.16757665857614612 8896.310656846972
432 218 0.46033104227618066 8548.482332165011
371 185 0.4730324198051738 9435.291233174992
37 77 0.38588596543577797 9508.778801429096
158 299 0.20631465337439278 9157.482142781353
453 313 0.26805994602556704 10612.908256940027
467 280 0.3485440805912724 8239.845982220322
41 453 0.4902446621231222 8521.296808699019
471 300 0.23270625800785258 10121.822004219113
40 336 0.2944739398061725 10057.73910281303
151 77 0.0687426576811726 9179.026578791938
269 53 0.286602644351191 8500.206814184865
170 367 0.13612366326435882 10385.85966549016
22 390 0.3622617202736246 9112.206829340417
290 56 0.2679388609163653 8657.14730168689
313 279 0.49107146702860144 9022.304601992973
362 228 0.48488248492223845 10622.646158350246
293 155 0.02486920622920305 9090.317683845256
317 462 0.4732153296903667 9326.049390645054
279 404 0.33301018369416036 7669.007263384138
10 161 0.3903527402726765 10741.322971117608
363 384 0.02317494763405986 10434.791218252827
102 348 0.45987005953503446 8996.367019800795
261 311 0.3909185988619677 8842.949770774212
237 71 0.09916256859137434 10509.501512826026
331 445 0.20677204239771566 9488.951400346457
472 438 0.28023214607143465 8668.472249225853
465 130 0.112109443052877 10241.718962164163
11 228 0.37814270989556104 8126.232670190946
36 87 0.03270451558511551 9850.027996570348
56 392 0.20464325512583603 7795.834759631392
145 12 0.3418820077139205 9218.012771879894
228 52 0.1445129434182282 9723.923291515443
376 26 0.2301722335200881 8043.887923537577
50 161 0.3004594447132535 10250.998741939848
438 490 0.09837567550223408 8845.399049693793
370 380 0.34510844510976174 8589.265179342365
463 422 0.21847243564096874 7674.773620008182
52 56 0.27288691625249967 10339.45943567777
289 274 0.22307947393541386 8040.016896891886
231 493 0.29469010420245206 10491.693760757038
133 399 0.4226338977278825 8430.974447456796
283 44 0.04435376278821042 9098.739508577124
469 15 0.23591575967360295 8758.987807649532
365 286 0.18666924354510434 9903.235349905095
476 391 0.27284873972439666 9825.750829691038
476 188 0.30634933388198315 8852.87224047741
463 65 0.17268192559091555 8005.865137243396
265 250 0.04452882929046994 8305.487055937654
384 277 0.4768197593156513 9255.844079750774
183 453 0.34292101307753947 9515.438207320645
300 36 0.3127688218313508 9497.633896293813
103 26 0.1412091499376869 8333.955567306926
