250.0 250.0
156.0 160.0 0.35961133299617715 8228.799237106035
211 56 0.3490652825027992 9132.44284110272
134 145 0.1996259021559083 7773.902490395884
40 221 0.42788699474449093 8896.753839676932
325 88 0.11605806222472323 8334.681118594277
359 68 0.45864478670959336 7791.307137374733
439 151 0.372630493760465 10287.162376500526
39 342 0.23928558300881111 8820.809201528698
420 304 0.34195919462628516 8982.123633125813
444 213 0.28906255321248614 10395.939748959174
224 239 0.479714897456166 10488.3770067654
384 167 0.1469629722824593 7645.849374847308
269 277 0.37642303974024954 9394.352602603289
205 72 0.3429123096454444 8552.939590192533
94 234 0.2536365173730045 7958.7730802436345
449 94 0.07677191996239117 9093.52092038131
209 264 0.4194433411993359 9799.743942345465
309 223 0.4800260832385158 10049.073381915408
82 124 0.4296671746579822 7688.169153992206
83 296 0.042594638486654825 10742.45486975624
182 419 0.2159817629574269 8531.270538326284
188 231 0.04531237113774726 9102.226826599865
272 319 0.34269271581447824 10179.792069435163
477 371 0.41966520484425535 9632.59775179973
225 156 0.1905507384138148 8852.150902846708
475 335 0.3985397321307624 10422.937661353484
84 254 0.4772087157380224 9413.500084298583
162 473 0.4548392394012356 9252.396214078688
404 456 0.3059198574835136 7779.536618083784
83 319 0.49573250438945005 8054.951010929975
222 48 0.14295614332676615 7669.231487973277
219 190 0.14580583114619491 10269.04962383721
372 51 0.08161456269952419 8244.37648164594
74 111 0.1489830808632746 9386.501762891401
327 485 0.3250078723260856 9406.843853910352
376 67 0.02742468260669003 9779.861204250428
30 175 0.46122177681887044 9350.361335437357
293 98 0.21842571735250574 9560.928657557333
236 160 0.28848985517065395 9323.502500586064
417 276 0.33519168146109757 9201.318297834168
373 218 0.3306261996093634 10436.009981168296
152 344 0.15530026957531984 9535.024734542387
387 132 0.44145553453739844 8865.772180256985
46 370 0.05848049809646663 8158.705180406324
127 145 0.06047343209605066 8113.0983796605005
93 296 0.4258351764603037 9090.708255564256
96 420 0.026689842903770522 7925.229539442697
270 39 0.01973938302854323 9857.83531993098
73 161 0.138370282419173 10612.700124707511
12 458 0.321165996849567 9549.37578177679
262 85 0.4339014586974236 9291.746114491327
85 188 0.4053837799442138 8230.10948347766
311 433 0.05733361012395814 8529.316374308079
284 297 0.15647678633012221 9098.476993842105
137 434 0.3001217355010424 10742.78363591988
215 220 0.0629784024134616 10124.572926279412
57 39 0.05382705504210914 10020.192000759564
276 428 0.15939182933368026 10283.171463153125
156 237 0.3748433976923943 10411.405537111503
136 425 0.26381965020346076 7669.931850639964
279 2 0.2927410556222191 9159.591387811191
268 112 0.4393486947331151 10744.6139418639
362 255 0.10470753890203735 7880.412977679182
134 200 0.4527088185566759 8631.041641248425
280 124 0.053951388290819594 10038.987028871335
73 280 0.3424089223890036 7566.916793729067
233 493 0.42144139866625174 10628.373476748558
499 316 0.3976906416914012 7877.308964405295
224 423 0.1843116871211287 10622.92610876128
42 340 0.4145824191973564 9037.843190964259
81 367 0.4033812236557009 10609.710252343884
324 145 0.3610473227475671 7751.863446728585
401 394 0.14004322400573913 7615.33268965783
257 48 0.1460448272250368 8590.699013325418
235 13 0.49343468772328086 7798.998842009139
