250.0 250.0
169.0 155.0 0.27838256973983816 7598.665919846604
114.0 289 0.4201410903743049 8898.561288720866
89.0 86 0.4444210636184088 8030.156730936833
134 68 0.08958921470068654 9090.908718308357
97 135 0.019535657611466726 9180.555446775728
307 284 0.15996815180566676 7800.501391374688
394 323 0.3335082575351222 9521.536471175139
313 314 0.09881864037405733 9729.058135021918
214 340 0.4991196045896406 9024.099282342182
108 298 0.3532984090527256 10696.07175642436
498 292 0.24597075719232916 10079.304952935558
489 336 0.2987413480665708 8449.235510147362
333 318 0.30395927292902825 8289.551537999814
215 482 0.2511312202729554 7562.480513190351
314 485 0.26126503840899284 9293.02817023702
141 329 0.20992905052124827 9997.264825809034
140 463 0.33192008116307875 9741.762763662315
13 197 0.4394742391731577 9485.295553641896
163 61 0.32433994117447607 10667.552928490433
170 195 0.2652504682937357 10407.587330552538
482 241 0.328910388291644 9846.131799591934
167 301 0.031492694813176146 8662.750028724788
425 384 0.45719918546523575 8725.113429157995
392 416 0.25620725644117964 10288.731910230876
434 412 0.3476646622657682 10147.478653517195
330 316 0.23024898655675713 9450.681127896449
438 191 0.42192498620632624 9918.439738672898
127 504 0.4614481121708588 8228.087341299253
477 185 0.2603325470366939 8168.304984497508
169 228 0.08098848245153287 10615.401403254662
176 221 0.05898364520121668 7811.932849110549
404 107 0.1745203342851423 8167.607801562365
465 253 0.012646071993720956 9934.351146606577
71 322 0.07908493493665415 7907.434616313976
56 144 0.2698603222001737 9201.741946159624
208 426 0.1106334625674873 9024.08803629546
13 54 0.45548635595687875 7584.250099167171
438 391 0.41420001032231984 8988.448836233667
440 455 0.4772831848454328 8499.674933475982
473 149 0.4861681536414293 10701.965876325014
121 182 0.22990599828934902 8613.639828779558
493 96 0.4223807616176793 8479.96577827686
491 227 0.10102664830938103 8819.697793595413
228 53 0.4235463492278966 8917.548583444186
41 290 0.041650100229492816 10797.456075652388
290 481 0.48090002799730913 10229.069520586974
462 10 0.45048176364611947 9447.28452435379
187 396 0.16751139732587605 9616.327717766468
474 213 0.11390776310922926 9659.535318331611
496 326 0.1626821783701584 8070.600958443186
91 185 0.19418739536304705 9617.254500006184
305 483 0.20596253239610438 9267.35270422292
446 488 0.33112521433564485 9699.724157164686
499 203 0.05426046089652607 9643.099530907057
157 221 0.34074428941601514 8177.069457770952
342 322 0.21177543141739755 8313.515672688485
420 412 0.48888683031959423 9128.784008354289
411 377 0.20605036241107452 7677.533172053946
198 164 0.445208071227172 7858.807230467125
231 235 0.16144501798359695 9896.648198089795
403 187 0.2057691687945156 8148.606957571544
423 117 0.4024254131004935 9495.547198545668
262 166 0.48852847851482933 8005.266575904583
273 497 0.39713808167026055 9247.02876842274
24 389 0.4500734848656688 8465.85138840396
141 322 0.39414324594282873 10195.144422063528
406 135 0.19957907746962192 9496.2473360718
32 56 0.3639860240241225 9434.542446374773
295 148 0.3235217607028771 10095.435471234021
81 422 0.3500659185852857 9068.321942284965
75 332 0.29122530355671356 8715.490510224852
252 474 0.3989903328661725 10380.617063497895
434 376 0.25070872765619157 7807.4683039593365
318 59 0.057762773808337026 8865.10752238934
364 494 0.37951570668372037 9037.775887714666
