250.0 250.0
166.0 169.0 0.12511554494862231 8713.417002576207
61.0 236.0 0.42022658387035483 8781.046413480997
341 228 0.43249045345289133 8347.438438551973
168 203.0 0.46734484924839936 8208.03454226357
395 90 0.24798645082842521 10364.45390470291
50 282 0.3353122841431457 9940.985439430475
60 246 0.05441665519500351 10710.112876659648
477 223 0.103613712181822 9115.913671838603
307 1 0.05607067489950127 7893.79491440523
375 18 0.31175650646727954 8980.538252008057
476 260 0.166955712091338 8982.307920667408
503 371 0.24323957004579666 9422.949489364342
164 299 0.3431113687846984 10019.4574734036
331 283 0.11234903886779192 10478.968755873784
79 165 0.4970064358751075 9654.408087374213
20 152 0.31065507399853703 8312.16859302979
476 450 0.3947679434542005 8774.047114601351
293 83 0.237724554524196 8415.786626674546
279 49 0.4633522454869221 7956.790437288569
144 404 0.40389762983434735 9765.871322550362
357 8 0.03195945630536662 10033.855388253476
135 174 0.3802400676069768 8760.04641632003
408 288 0.1330996897763953 9277.839752906682
461 200 0.37957033445616584 7982.876669338877
380 300 0.06525520086264344 10727.848677765163
380 228 0.22863440395884013 9240.179154276862
306 255 0.11562828775138335 9875.91067957581
370 129 0.13567492449865093 9854.837015513092
289 33 0.04445586450657083 9530.538607138233
105 30 0.12779285498426476 10684.393913209124
58 391 0.24100950317693162 8867.479388986474
55 48 0.14338847048643294 10387.435535553066
358 91 0.3648828606617375 9756.296939141692
338 218 0.12265392053912866 7629.4848840424065
178 94 0.3748629301670279 9406.477081552111
172 351 0.1966956751174726 7911.480823895976
287 392 0.24604478813403177 8563.180516279373
94 161 0.3694824333630653 7938.549280544548
226 452 0.0977701807169087 10749.911004349642
491 322 0.09378669597593838 7928.279062846553
127 409 0.446144797754508 8094.959066244937
245 278 0.05478819032856498 8882.206212830084
96 91 0.24881616852389926 9134.906432670956
412 78 0.10595006319422925 8124.359196397606
372 200 0.46730232887893347 9851.065857527155
38 487 0.46649154594717046 10477.925973664793
440 404 0.40467492461552323 9821.41870267866
67 258 0.1762631999751351 9978.77089335114
37 456 0.4995472107967268 10012.66176590559
366 1 0.09540425360374996 9313.930404118977
37 492 0.031940400563552275 8549.662235763728
422 135 0.3057267027832692 7822.067184652543
36 402 0.14120180676649535 10155.378676879665
465 328 0.46240169215439353 10548.160957127262
253 262 0.3845842933883984 10471.837147854289
224 298 0.02170595593872357 10455.267285019178
336 77 0.36546107046746107 9619.96059120657
10 306 0.461065888226188 9247.678732935477
461 15 0.3221667220157431 10789.077949526856
259 24 0.20784947205920806 7750.1638032137225
493 325 0.3524356183169511 10745.98412780784
219 189 0.4841116921322963 10676.577653147326
258 473 0.34068504754214374 9374.212839737183
87 304 0.013862696952618249 8692.444307703321
296 118 0.3458335895795171 9431.00151429016
77 74 0.21650713453106546 8845.772320619295
233 371 0.08913888568124825 10241.274562216486
135 23 0.17593837754569835 9784.980382718968
327 31 0.3513115466875582 9157.997432932312
80 229 0.3359942433997838 7829.474542004125
403 66 0.15574921467450123 9391.966046757476
398 462 0.01850782712871705 10648.680804345704
84 70 0.4608496071643807 7560.727561180349
444 491 0.16410062840453438 9870.511103242061
264 111 0.39037869513747764 10763.240642776462
