250.0 250.0
132.0 157.0 0.17318952839729632 10043.626465679892
147 42 0.06678210676299391 10670.587878791379
162 192 0.029929506333454654 7709.5384237328
77 16 0.20703925030874412 10070.354893196687
54 126 0.4567195944871309 8053.7334261783635
276 83 0.08819873620867959 8330.571832227866
115 218 0.32913315617871813 7670.406256714879
283 285 0.2541598661412998 10323.307503319085
60 164 0.0335009888565428 8127.94291141418
411 161 0.23509540606976717 9493.240041170662
247 180 0.29618083694937763 9328.185805911062
265 433 0.025553683311746095 10589.814591280236
196 22 0.41147054948524836 7975.666544080193
394 43 0.20115961341620056 8619.070349623062
323 374 0.34796727456592386 9448.869842154734
123 5 0.4933176149019859 7578.05318145782
324 474 0.45709170488879985 9012.001242087628
427 151 0.3052289817937102 9772.868043309747
58 173 0.20764922027289903 7789.6490204107
205 266 0.3270058534717208 8741.752269370532
235 248 0.3614474940033811 10267.030785526795
479 125 0.27848945746173404 9946.335841464313
202 328 0.2694337233213338 8326.81559804043
231 293 0.22885328095609647 7995.528302207731
368 7 0.43617218534473545 10206.286261449859
480 2 0.4405349438654269 9093.066954202824
402 334 0.08308702652358893 7864.629069446755
446 194 0.3944379723611456 7642.992670636188
314 65 0.06182341991295669 7914.564955025244
496 196 0.02613877547309875 9104.351082943163
357 252 0.29309966644292007 10735.02770619642
303 258 0.2196379288592712 9639.08477655417
218 132 0.4619556004377902 8225.117925031747
233 54 0.38396097714790745 8276.312060787019
290 420 0.011927845786499913 8930.540030276255
268 470 0.2669419198733473 10276.06506898953
253 82 0.1102792364124244 8266.199902978175
419 55 0.21240107367386232 8919.426079334131
86 30 0.2676617147232105 9525.008470605995
514 85 0.39995309593086503 10267.718780735398
390 420 0.09443684903705338 7974.221095630293
361 271 0.33148562403893717 7808.63934613515
336 508 0.013474852315088557 10038.15713101624
64 87 0.06108908445268241 7919.115659508868
58 212 0.43913889044888066 7875.810904175196
361 454 0.24744176947554566 9867.15752995703
236 367 0.020608153296530048 9200.414632740634
140 358 0.07025032900668443 8439.530374939988
275 161 0.328487435285637 9443.749615476627
150 224 0.3550062319180635 8695.029096543656
165 248 0.3658551949875429 8459.92082461605
293 93 0.26459384467180386 9091.617303880354
214 206 0.22923606131824964 7574.041616628447
164 300 0.11993921010377129 9042.675114653615
445 121 0.29607635175827074 10108.325075535942
461 379 0.2568248330727139 10375.165319484366
246 116 0.0941800054916524 8305.231196060637
103 182 0.413882142781865 9875.310158682274
167 340 0.2899486495678134 7720.4053864561665
318 190 0.3832468412592892 7586.30954008333
150 232 0.015444047039040235 9363.141155938383
135 189 0.24030207625958844 10048.558876410554
79 467 0.436581089533753 9514.96195028887
4 82 0.30785789759446097 9569.564999889102
104 440 0.4504637315532529 10777.13504540059
396 123 0.44570231952051653 8466.596374550418
136 61 0.1045184701359268 8961.643664311754
246 417 0.2562246722394695 9361.772571413248
346 434 0.07927051657033816 7678.084773650516
243 487 0.4233956037878993 10547.945672970245
481 479 0.455137316574064 7737.082222918306
350 26 0.33235434225726224 9325.579095538587
202 230 0.403509809614753 8781.477593059275
373 203 0.18684909572798952 10085.359110989282
237 329 0.23670582801770715 9920.826252741115
