filename xP #1 #2 #3 #4 #5 #6 #7 #8 #9 #10
n125_01.txt 1.0 75 75 75 75 75 75 75 75 75 75 
n125_03.txt 1.0 70 70 70 70 70 70 70 70 70 70 
n125_04.txt 1.0 67 67 67 67 67 67 67 67 67 67 
n125_05.txt 1.0 70 70 70 70 70 70 70 70 70 70 
n150_01.txt 1.0 104 104 104 104 104 104 104 104 104 104 
n150_02.txt 1.0 93 93 93 93 93 93 93 93 93 93 
n150_03.txt 1.0 80 80 80 80 80 80 80 80 80 80 
n150_04.txt 1.0 93 93 93 93 93 93 93 93 93 93 
n175_01.txt 1.0 105 105 105 105 105 105 105 105 105 105 
n175_02.txt 1.0 109 109 109 109 109 109 109 109 109 109 
n175_03.txt 1.0 94 94 94 94 94 94 94 94 94 94 
n175_04.txt 1.0 101 101 101 101 101 101 101 101 101 101 
n175_05.txt 1.0 108 108 108 108 108 108 108 108 108 108 
n200_01.txt 1.0 130 130 130 130 130 130 130 130 130 130 
n200_02.txt 1.0 115 115 115 115 115 115 115 115 115 115 
n200_03.txt 1.0 115 115 115 115 115 115 115 115 115 115 
n200_04.txt 1.0 116 116 116 116 116 116 116 116 116 116 
n125_01.txt 1.5 86 86 86 86 86 86 86 86 86 86 
n125_03.txt 1.5 89 89 89 89 89 89 89 89 89 89 
n125_04.txt 1.5 78 78 78 78 78 78 78 78 78 78 
n125_05.txt 1.5 81 81 81 81 81 81 81 81 81 81 
n150_01.txt 1.5 111 111 111 111 111 111 111 111 111 111 
n150_02.txt 1.5 111 111 111 111 111 111 111 111 111 111 
n150_03.txt 1.5 102 102 102 102 102 102 102 102 102 102 
n150_04.txt 1.5 106 106 106 106 106 106 106 106 106 106 
n175_01.txt 1.5 130 130 130 130 130 130 130 130 130 130 
n175_02.txt 1.5 122 122 122 122 122 122 122 122 122 122 
n175_03.txt 1.5 122 122 122 122 122 122 122 122 122 122 
n175_04.txt 1.5 115 115 115 115 115 115 115 115 115 115 
n175_05.txt 1.5 122 122 122 122 122 122 122 122 122 122 
n200_01.txt 1.5 155 155 155 155 155 155 155 155 155 155 
n200_02.txt 1.5 141 141 141 141 141 141 141 141 141 141 
n200_03.txt 1.5 137 137 137 137 137 137 137 137 137 137 
n200_04.txt 1.5 129 129 129 129 129 129 129 129 129 129 
n125_01.txt 2.0 90 90 90 90 90 90 90 90 90 90 
n125_03.txt 2.0 96 96 96 96 96 96 96 96 96 96 
n125_04.txt 2.0 88 88 88 88 88 88 88 88 88 88 
n125_05.txt 2.0 84 84 84 84 84 84 84 84 84 84 
n150_01.txt 2.0 124 124 124 124 124 124 124 124 124 124 
n150_02.txt 2.0 117 117 117 117 117 117 117 117 117 117 
n150_03.txt 2.0 114 114 114 114 114 114 114 114 114 114 
n150_04.txt 2.0 115 115 115 115 115 115 115 115 115 115 
n175_01.txt 2.0 140 140 140 140 140 140 140 140 140 140 
n175_02.txt 2.0 130 130 130 130 130 130 130 130 130 130 
n175_03.txt 2.0 135 135 135 135 135 135 135 135 135 135 
n175_04.txt 2.0 126 126 126 126 126 126 126 126 126 126 
n175_05.txt 2.0 131 131 131 131 131 131 131 131 131 131 
n200_01.txt 2.0 166 166 166 166 166 166 166 166 166 166 
n200_02.txt 2.0 150 150 150 150 150 150 150 150 150 150 
n200_03.txt 2.0 154 154 154 154 154 154 154 154 154 154 
n200_04.txt 2.0 139 139 139 139 139 139 139 139 139 139 
n125_01.txt 2.5 96 96 96 96 96 96 96 96 96 96 
n125_03.txt 2.5 100 100 100 100 100 100 100 100 100 100 
n125_04.txt 2.5 102 102 102 102 102 102 102 102 102 102 
n125_05.txt 2.5 91 91 91 91 91 91 91 91 91 91 
n150_01.txt 2.5 126 126 126 126 126 126 126 126 126 126 
n150_02.txt 2.5 120 120 120 120 120 120 120 120 120 120 
n150_03.txt 2.5 121 121 121 121 121 121 121 121 121 121 
n150_04.txt 2.5 119 119 119 119 119 119 119 119 119 119 
n175_01.txt 2.5 147 147 147 147 147 147 147 147 147 147 
n175_02.txt 2.5 136 136 136 136 136 136 136 136 136 136 
n175_03.txt 2.5 143 143 143 143 143 143 143 143 143 143 
n175_04.txt 2.5 133 133 133 133 133 133 133 133 133 133 
n175_05.txt 2.5 137 137 137 137 137 137 137 137 137 137 
n200_01.txt 2.5 172 172 172 172 172 172 172 172 172 172 
n200_02.txt 2.5 153 153 153 153 153 153 153 153 153 153 
n200_03.txt 2.5 156 156 156 156 156 156 156 156 156 156 
n200_04.txt 2.5 148 148 148 148 148 148 148 148 148 148 
n125_01.txt 3.0 100 100 100 100 100 100 100 100 100 100 
n125_03.txt 3.0 102 102 102 102 102 102 102 102 102 102 
n125_04.txt 3.0 102 102 102 102 102 102 102 102 102 102 
n125_05.txt 3.0 93 93 93 93 93 93 93 93 93 93 
n150_01.txt 3.0 128 128 128 128 128 128 128 128 128 128 
n150_02.txt 3.0 122 122 122 122 122 122 122 122 122 122 
n150_03.txt 3.0 121 121 121 121 121 121 121 121 121 121 
n150_04.txt 3.0 124 124 124 124 124 124 124 124 124 124 
n175_01.txt 3.0 148 148 148 148 148 148 148 148 148 148 
n175_02.txt 3.0 139 139 139 139 139 139 139 139 139 139 
n175_03.txt 3.0 150 150 150 150 150 150 150 150 150 150 
n175_04.txt 3.0 137 137 137 137 137 137 137 137 137 137 
n175_05.txt 3.0 139 139 139 139 139 139 139 139 139 139 
n200_01.txt 3.0 177 177 177 177 177 177 177 177 177 177 
n200_02.txt 3.0 159 159 159 159 159 159 159 159 159 159 
n200_03.txt 3.0 164 164 164 164 164 164 164 164 164 164 
n200_04.txt 3.0 156 156 156 156 156 156 156 156 156 156 
n125_01.txt 3.5 101 101 101 101 101 101 101 101 101 101 
n125_03.txt 3.5 102 102 102 102 102 102 102 102 102 102 
n125_04.txt 3.5 105 105 105 105 105 105 105 105 105 105 
n125_05.txt 3.5 97 97 97 97 97 97 97 97 97 97 
n150_01.txt 3.5 131 131 131 131 131 131 131 131 131 131 
n150_02.txt 3.5 124 124 124 124 124 124 124 124 124 124 
n150_03.txt 3.5 125 125 125 125 125 125 125 125 125 125 
n150_04.txt 3.5 125 125 125 125 125 125 125 125 125 125 
n175_01.txt 3.5 153 153 153 153 153 153 153 153 153 153 
n175_02.txt 3.5 142 142 142 142 142 142 142 142 142 142 
n175_03.txt 3.5 152 152 152 152 152 152 152 152 152 152 
n175_04.txt 3.5 140 140 140 140 140 140 140 140 140 140 
n175_05.txt 3.5 145 145 145 145 145 145 145 145 145 145 
n200_01.txt 3.5 179 179 179 179 179 179 179 179 179 179 
n200_02.txt 3.5 161 161 161 161 161 161 161 161 161 161 
n200_03.txt 3.5 163 163 163 163 163 163 163 163 163 163 
n200_04.txt 3.5 163 163 163 163 163 163 163 163 163 163 
n125_01.txt 4.0 104 104 104 104 104 104 104 104 104 104 
n125_03.txt 4.0 105 105 105 105 105 105 105 105 105 105 
n125_04.txt 4.0 106 106 106 106 106 106 106 106 106 106 
n125_05.txt 4.0 99 99 99 99 99 99 99 99 99 99 
n150_01.txt 4.0 131 131 131 131 131 131 131 131 131 131 
n150_02.txt 4.0 125 125 125 125 125 125 125 125 125 125 
n150_03.txt 4.0 130 130 130 130 130 130 130 130 130 130 
n150_04.txt 4.0 127 127 127 127 127 127 127 127 127 127 
n175_01.txt 4.0 155 155 155 155 155 155 155 155 155 155 
n175_02.txt 4.0 143 143 143 143 143 143 143 143 143 143 
n175_03.txt 4.0 158 158 158 158 158 158 158 158 158 158 
n175_04.txt 4.0 139 139 139 139 139 139 139 139 139 139 
n175_05.txt 4.0 148 148 148 148 148 148 148 148 148 148 
n200_01.txt 4.0 182 182 182 182 182 182 182 182 182 182 
n200_02.txt 4.0 162 162 162 162 162 162 162 162 162 162 
n200_03.txt 4.0 170 170 170 170 170 170 170 170 170 170 
n200_04.txt 4.0 168 168 168 168 168 168 168 168 168 168 
