filename #1 #2 #3 #4 #5 #6 #7 #8 #9 #10
n20_01.txt 0 0 0 0 0 0 0 0 0 0 
n20_02.txt 0 0 0 0 0 0 0 0 0 0 
n20_03.txt 0 0 0 0 0 0 0 0 0 0 
n20_04.txt 0 0 0 0 0 0 0 0 0 0 
n20_05.txt 0 0 0 0 0 0 0 0 0 0 
n25_01.txt 0 0 0 0 0 0 0 0 0 0 
n25_02.txt 0 0 0 0 0 0 0 0 0 0 
n25_03.txt 1 1 1 1 1 1 1 1 1 1 
n25_04.txt 0 0 0 0 0 0 0 0 0 0 
n25_05.txt 0 0 0 0 0 0 0 0 0 0 
n50_01.txt 10 10 10 10 10 10 10 10 10 10 
n50_02.txt 1 1 1 1 1 1 1 1 1 1 
n50_03.txt 1 1 1 1 1 1 1 1 1 1 
n50_04.txt 1 1 1 1 1 1 1 1 1 1 
n50_05.txt 5 5 5 5 5 5 5 5 5 5 
n75_01.txt 4 4 4 4 4 4 4 4 4 4 
n75_02.txt 25 25 25 25 25 25 25 25 25 25 
n75_03.txt 16 16 16 16 16 16 16 16 16 16 
n75_04.txt 12 12 12 12 12 12 12 12 12 12 
n75_05.txt 0 0 0 0 0 0 0 0 0 0 
n100_01.txt 22 22 22 22 22 22 22 22 22 22 
n100_02.txt 29 29 29 29 29 29 29 29 29 29 
n100_03.txt 27 27 27 27 27 27 27 27 27 27 
n100_04.txt 34 34 34 34 34 34 34 34 34 34 
n100_05.txt 17 17 17 17 17 17 17 17 17 17 
