filename U E #1 #2 #3 #4 #5 #6 #7 #8 #9 #10
g_250.txt 5.0 27000.0 82 82 82 82 82 82 82 82 82 82 
g_300.txt 5.0 27000.0 74 74 74 74 74 74 74 74 74 74 
g_350.txt 5.0 27000.0 103 103 103 103 103 103 103 103 103 103 
g_400.txt 5.0 27000.0 241 241 241 241 241 241 241 241 241 241 
g_450.txt 5.0 27000.0 277 277 277 277 277 277 277 277 277 277 
g_475.txt 5.0 27000.0 331 331 331 331 331 331 331 331 331 331 
g_500.txt 5.0 27000.0 372 372 372 372 372 372 372 372 372 372 
g_250.txt 5.0 54000.0 84 84 84 84 84 84 84 84 84 84 
g_300.txt 5.0 54000.0 75 75 75 75 75 75 75 75 75 75 
g_350.txt 5.0 54000.0 102 102 102 102 102 102 102 102 102 102 
g_400.txt 5.0 54000.0 241 241 241 241 241 241 241 241 241 241 
g_450.txt 5.0 54000.0 277 277 277 277 277 277 277 277 277 277 
g_475.txt 5.0 54000.0 331 331 331 331 331 331 331 331 331 331 
g_500.txt 5.0 54000.0 372 372 372 372 372 372 372 372 372 372 
g_250.txt 5.0 108000.0 82 82 82 82 82 82 82 82 82 82 
g_300.txt 5.0 108000.0 73 73 73 73 73 73 73 73 73 73 
g_350.txt 5.0 108000.0 102 102 102 102 102 102 102 102 102 102 
g_400.txt 5.0 108000.0 241 241 241 241 241 241 241 241 241 241 
g_450.txt 5.0 108000.0 277 277 277 277 277 277 277 277 277 277 
g_475.txt 5.0 108000.0 331 331 331 331 331 331 331 331 331 331 
g_500.txt 5.0 108000.0 372 372 372 372 372 372 372 372 372 372 
g_250.txt 5.0 216000.0 82 82 82 82 82 82 82 82 82 82 
g_300.txt 5.0 216000.0 74 74 74 74 74 74 74 74 74 74 
g_350.txt 5.0 216000.0 102 102 102 102 102 102 102 102 102 102 
g_400.txt 5.0 216000.0 241 241 241 241 241 241 241 241 241 241 
g_450.txt 5.0 216000.0 277 277 277 277 277 277 277 277 277 277 
g_475.txt 5.0 216000.0 331 331 331 331 331 331 331 331 331 331 
g_500.txt 5.0 216000.0 372 372 372 372 372 372 372 372 372 372 
g_250.txt 5.0 432000.0 82 82 82 82 82 82 82 82 82 82 
g_300.txt 5.0 432000.0 74 74 74 74 74 74 74 74 74 74 
g_350.txt 5.0 432000.0 102 102 102 102 102 102 102 102 102 102 
g_400.txt 5.0 432000.0 241 241 241 241 241 241 241 241 241 241 
g_450.txt 5.0 432000.0 276 276 276 276 276 276 276 276 276 276 
g_475.txt 5.0 432000.0 331 331 331 331 331 331 331 331 331 331 
g_500.txt 5.0 432000.0 372 372 372 372 372 372 372 372 372 372 
g_250.txt 5.0 560000.0 82 82 82 82 82 82 82 82 82 82 
g_300.txt 5.0 560000.0 74 74 74 74 74 74 74 74 74 74 
g_350.txt 5.0 560000.0 102 102 102 102 102 102 102 102 102 102 
g_400.txt 5.0 560000.0 241 241 241 241 241 241 241 241 241 241 
g_450.txt 5.0 560000.0 276 276 276 276 276 276 276 276 276 276 
g_475.txt 5.0 560000.0 331 331 331 331 331 331 331 331 331 331 
g_500.txt 5.0 560000.0 372 372 372 372 372 372 372 372 372 372 
g_250.txt 10.0 27000.0 74 75 75 75 75 75 75 75 75 75 
g_300.txt 10.0 27000.0 67 67 67 67 67 67 67 67 67 67 
g_350.txt 10.0 27000.0 102 102 102 102 102 102 102 102 102 102 
g_400.txt 10.0 27000.0 241 241 241 241 241 241 241 241 241 241 
g_450.txt 10.0 27000.0 277 277 277 277 277 277 277 277 277 277 
g_475.txt 10.0 27000.0 331 331 331 331 331 331 331 331 331 331 
g_500.txt 10.0 27000.0 372 372 372 372 372 372 372 372 372 372 
g_250.txt 10.0 54000.0 71 71 71 71 71 71 71 71 71 71 
g_300.txt 10.0 54000.0 67 67 67 67 67 67 67 67 67 67 
g_350.txt 10.0 54000.0 100 100 100 100 100 100 100 100 100 100 
g_400.txt 10.0 54000.0 241 241 241 241 241 241 241 241 241 241 
g_450.txt 10.0 54000.0 277 277 277 277 277 277 277 277 277 277 
g_475.txt 10.0 54000.0 331 331 331 331 331 331 331 331 331 331 
g_500.txt 10.0 54000.0 372 372 372 372 372 372 372 372 372 372 
g_250.txt 10.0 108000.0 70 69 69 69 69 69 69 69 69 69 
g_300.txt 10.0 108000.0 66 66 66 66 66 66 66 66 66 66 
g_350.txt 10.0 108000.0 98 98 98 98 98 98 98 98 98 98 
g_400.txt 10.0 108000.0 241 241 241 241 241 241 241 241 241 241 
g_450.txt 10.0 108000.0 277 277 277 277 277 277 277 277 277 277 
g_475.txt 10.0 108000.0 331 331 331 331 331 331 331 331 331 331 
g_500.txt 10.0 108000.0 372 372 372 372 372 372 372 372 372 372 
g_250.txt 10.0 216000.0 71 69 69 69 69 69 69 69 69 69 
g_300.txt 10.0 216000.0 65 65 65 65 65 65 65 65 65 65 
g_350.txt 10.0 216000.0 98 98 98 98 98 98 98 98 98 98 
g_400.txt 10.0 216000.0 241 241 241 241 241 241 241 241 241 241 
g_450.txt 10.0 216000.0 276 276 276 276 276 276 276 276 276 276 
g_475.txt 10.0 216000.0 331 331 331 331 331 331 331 331 331 331 
g_500.txt 10.0 216000.0 372 372 372 372 372 372 372 372 372 372 
g_250.txt 10.0 432000.0 70 70 70 70 70 70 70 70 70 70 
g_300.txt 10.0 432000.0 65 65 65 65 65 65 65 65 65 65 
g_350.txt 10.0 432000.0 98 98 98 98 98 98 98 98 98 98 
g_400.txt 10.0 432000.0 241 241 241 241 241 241 241 241 241 241 
g_450.txt 10.0 432000.0 276 276 276 276 276 276 276 276 276 276 
g_475.txt 10.0 432000.0 331 331 331 331 331 331 331 331 331 331 
g_500.txt 10.0 432000.0 372 372 372 372 372 372 372 372 372 372 
g_250.txt 10.0 560000.0 70 70 70 70 70 70 70 70 70 70 
g_300.txt 10.0 560000.0 65 65 65 65 65 65 65 65 65 65 
g_350.txt 10.0 560000.0 100 100 100 100 100 100 100 100 100 100 
g_400.txt 10.0 560000.0 241 241 241 241 241 241 241 241 241 241 
g_450.txt 10.0 560000.0 276 276 276 276 276 276 276 276 276 276 
g_475.txt 10.0 560000.0 331 331 331 331 331 331 331 331 331 331 
g_500.txt 10.0 560000.0 372 372 372 372 372 372 372 372 372 372 
g_250.txt 15.0 27000.0 56 56 56 56 56 56 56 56 56 56 
g_300.txt 15.0 27000.0 54 54 54 54 54 54 54 54 54 54 
g_350.txt 15.0 27000.0 93 93 93 93 93 93 93 93 93 93 
g_400.txt 15.0 27000.0 241 241 241 241 241 241 241 241 241 241 
g_450.txt 15.0 27000.0 277 277 277 277 277 277 277 277 277 277 
g_475.txt 15.0 27000.0 331 331 331 331 331 331 331 331 331 331 
g_500.txt 15.0 27000.0 372 372 372 372 372 372 372 372 372 372 
g_250.txt 15.0 54000.0 54 53 53 53 53 53 53 53 53 53 
g_300.txt 15.0 54000.0 49 49 49 49 49 49 49 49 49 49 
g_350.txt 15.0 54000.0 94 94 94 94 94 94 94 94 94 94 
g_400.txt 15.0 54000.0 241 241 241 241 241 241 241 241 241 241 
g_450.txt 15.0 54000.0 277 277 277 277 277 277 277 277 277 277 
g_475.txt 15.0 54000.0 331 331 331 331 331 331 331 331 331 331 
g_500.txt 15.0 54000.0 372 372 372 372 372 372 372 372 372 372 
g_250.txt 15.0 108000.0 55 54 54 54 54 54 54 54 54 54 
g_300.txt 15.0 108000.0 46 46 46 46 46 46 46 46 46 46 
g_350.txt 15.0 108000.0 92 92 92 92 92 92 92 92 92 92 
g_400.txt 15.0 108000.0 240 240 240 240 240 240 240 240 240 240 
g_450.txt 15.0 108000.0 275 275 275 275 275 275 275 275 275 275 
g_475.txt 15.0 108000.0 331 331 331 331 331 331 331 331 331 331 
g_500.txt 15.0 108000.0 372 372 372 372 372 372 372 372 372 372 
g_250.txt 15.0 216000.0 53 53 53 53 53 53 53 53 53 53 
g_300.txt 15.0 216000.0 45 45 45 45 45 45 45 45 45 45 
g_350.txt 15.0 216000.0 92 92 92 92 92 92 92 92 92 92 
g_400.txt 15.0 216000.0 240 240 240 240 240 240 240 240 240 240 
g_450.txt 15.0 216000.0 275 275 275 275 275 275 275 275 275 275 
g_475.txt 15.0 216000.0 331 331 331 331 331 331 331 331 331 331 
g_500.txt 15.0 216000.0 372 372 372 372 372 372 372 372 372 372 
g_250.txt 15.0 432000.0 53 53 53 53 53 53 53 53 53 53 
g_300.txt 15.0 432000.0 46 46 46 46 46 46 46 46 46 46 
g_350.txt 15.0 432000.0 91 91 91 91 91 91 91 91 91 91 
g_400.txt 15.0 432000.0 240 240 240 240 240 240 240 240 240 240 
g_450.txt 15.0 432000.0 275 275 275 275 275 275 275 275 275 275 
g_475.txt 15.0 432000.0 331 331 331 331 331 331 331 331 331 331 
g_500.txt 15.0 432000.0 372 372 372 372 372 372 372 372 372 372 
g_250.txt 15.0 560000.0 53 53 53 53 53 53 53 53 53 53 
g_300.txt 15.0 560000.0 45 45 45 45 45 45 45 45 45 45 
g_350.txt 15.0 560000.0 91 91 91 91 91 91 91 91 91 91 
g_400.txt 15.0 560000.0 239 239 239 239 239 239 239 239 239 239 
g_450.txt 15.0 560000.0 275 275 275 275 275 275 275 275 275 275 
g_475.txt 15.0 560000.0 331 331 331 331 331 331 331 331 331 331 
g_500.txt 15.0 560000.0 372 372 372 372 372 372 372 372 372 372 
g_250.txt 20.0 27000.0 42 40 40 40 40 40 40 40 40 40 
g_300.txt 20.0 27000.0 29 29 29 29 29 29 29 29 29 29 
g_350.txt 20.0 27000.0 87 87 87 87 87 87 87 87 87 87 
g_400.txt 20.0 27000.0 241 241 241 241 241 241 241 241 241 241 
g_450.txt 20.0 27000.0 277 277 277 277 277 277 277 277 277 277 
g_475.txt 20.0 27000.0 331 331 331 331 331 331 331 331 331 331 
g_500.txt 20.0 27000.0 372 372 372 372 372 372 372 372 372 372 
g_250.txt 20.0 54000.0 29 31 31 31 31 31 31 31 31 31 
g_300.txt 20.0 54000.0 22 22 22 22 22 22 22 22 22 22 
g_350.txt 20.0 54000.0 79 79 79 79 79 79 79 79 79 79 
g_400.txt 20.0 54000.0 238 238 238 238 238 238 238 238 238 238 
g_450.txt 20.0 54000.0 276 276 276 276 276 276 276 276 276 276 
g_475.txt 20.0 54000.0 331 331 331 331 331 331 331 331 331 331 
g_500.txt 20.0 54000.0 372 372 372 372 372 372 372 372 372 372 
g_250.txt 20.0 108000.0 26 26 26 26 26 26 26 26 26 26 
g_300.txt 20.0 108000.0 19 19 19 19 19 19 19 19 19 19 
g_350.txt 20.0 108000.0 79 79 79 79 79 79 79 79 79 79 
g_400.txt 20.0 108000.0 240 240 240 240 240 240 240 240 240 240 
g_450.txt 20.0 108000.0 274 274 274 274 274 274 274 274 274 274 
g_475.txt 20.0 108000.0 331 331 331 331 331 331 331 331 331 331 
g_500.txt 20.0 108000.0 372 372 372 372 372 372 372 372 372 372 
g_250.txt 20.0 216000.0 23 24 24 24 24 24 24 24 24 24 
g_300.txt 20.0 216000.0 19 19 19 19 19 19 19 19 19 19 
g_350.txt 20.0 216000.0 75 75 75 75 75 75 75 75 75 75 
g_400.txt 20.0 216000.0 239 239 239 239 239 239 239 239 239 239 
g_450.txt 20.0 216000.0 274 274 274 274 274 274 274 274 274 274 
g_475.txt 20.0 216000.0 330 330 330 330 330 330 330 330 330 330 
g_500.txt 20.0 216000.0 372 372 372 372 372 372 372 372 372 372 
g_250.txt 20.0 432000.0 24 25 25 25 25 25 25 25 25 25 
g_300.txt 20.0 432000.0 18 18 18 18 18 18 18 18 18 18 
g_350.txt 20.0 432000.0 75 75 75 75 75 75 75 75 75 75 
g_400.txt 20.0 432000.0 238 238 238 238 238 238 238 238 238 238 
g_450.txt 20.0 432000.0 274 274 274 274 274 274 274 274 274 274 
g_475.txt 20.0 432000.0 330 330 330 330 330 330 330 330 330 330 
g_500.txt 20.0 432000.0 372 372 372 372 372 372 372 372 372 372 
g_250.txt 20.0 560000.0 23 23 23 23 23 23 23 23 23 23 
g_300.txt 20.0 560000.0 18 18 18 18 18 18 18 18 18 18 
g_350.txt 20.0 560000.0 75 75 75 75 75 75 75 75 75 75 
g_400.txt 20.0 560000.0 240 240 240 240 240 240 240 240 240 240 
g_450.txt 20.0 560000.0 274 274 274 274 274 274 274 274 274 274 
g_475.txt 20.0 560000.0 330 330 330 330 330 330 330 330 330 330 
g_500.txt 20.0 560000.0 372 372 372 372 372 372 372 372 372 372 
g_250.txt 25.0 27000.0 15 16 16 16 16 16 16 16 16 16 
g_300.txt 25.0 27000.0 8 8 8 8 8 8 8 8 8 8 
g_350.txt 25.0 27000.0 71 71 71 71 71 71 71 71 71 71 
g_400.txt 25.0 27000.0 241 241 241 241 241 241 241 241 241 241 
g_450.txt 25.0 27000.0 277 277 277 277 277 277 277 277 277 277 
g_475.txt 25.0 27000.0 331 331 331 331 331 331 331 331 331 331 
g_500.txt 25.0 27000.0 372 372 372 372 372 372 372 372 372 372 
g_250.txt 25.0 54000.0 3 4 4 4 4 4 4 4 4 4 
g_300.txt 25.0 54000.0 0 0 0 0 0 0 0 0 0 0 
g_350.txt 25.0 54000.0 64 64 64 64 64 64 64 64 64 64 
g_400.txt 25.0 54000.0 236 236 236 236 236 236 236 236 236 236 
g_450.txt 25.0 54000.0 271 271 271 271 271 271 271 271 271 271 
g_475.txt 25.0 54000.0 331 331 331 331 331 331 331 331 331 331 
g_500.txt 25.0 54000.0 372 372 372 372 372 372 372 372 372 372 
g_250.txt 25.0 108000.0 0 0 0 0 0 0 0 0 0 0 
g_300.txt 25.0 108000.0 0 0 0 0 0 0 0 0 0 0 
g_350.txt 25.0 108000.0 59 59 59 59 59 59 59 59 59 59 
g_400.txt 25.0 108000.0 237 237 237 237 237 237 237 237 237 237 
g_450.txt 25.0 108000.0 271 271 271 271 271 271 271 271 271 271 
g_475.txt 25.0 108000.0 331 331 331 331 331 331 331 331 331 331 
g_500.txt 25.0 108000.0 372 372 372 372 372 372 372 372 372 372 
g_250.txt 25.0 216000.0 0 0 0 0 0 0 0 0 0 0 
g_300.txt 25.0 216000.0 0 0 0 0 0 0 0 0 0 0 
g_350.txt 25.0 216000.0 56 56 56 56 56 56 56 56 56 56 
g_400.txt 25.0 216000.0 237 237 237 237 237 237 237 237 237 237 
g_450.txt 25.0 216000.0 272 272 272 272 272 272 272 272 272 272 
g_475.txt 25.0 216000.0 330 330 330 330 330 330 330 330 330 330 
g_500.txt 25.0 216000.0 372 372 372 372 372 372 372 372 372 372 
g_250.txt 25.0 432000.0 0 0 0 0 0 0 0 0 0 0 
g_300.txt 25.0 432000.0 0 0 0 0 0 0 0 0 0 0 
g_350.txt 25.0 432000.0 56 56 56 56 56 56 56 56 56 56 
g_400.txt 25.0 432000.0 235 235 235 235 235 235 235 235 235 235 
g_450.txt 25.0 432000.0 273 273 273 273 273 273 273 273 273 273 
g_475.txt 25.0 432000.0 330 330 330 330 330 330 330 330 330 330 
g_500.txt 25.0 432000.0 372 372 372 372 372 372 372 372 372 372 
g_250.txt 25.0 560000.0 0 0 0 0 0 0 0 0 0 0 
g_300.txt 25.0 560000.0 0 0 0 0 0 0 0 0 0 0 
g_350.txt 25.0 560000.0 52 52 52 52 52 52 52 52 52 52 
g_400.txt 25.0 560000.0 236 236 236 236 236 236 236 236 236 236 
g_450.txt 25.0 560000.0 273 273 273 273 273 273 273 273 273 273 
g_475.txt 25.0 560000.0 330 330 330 330 330 330 330 330 330 330 
g_500.txt 25.0 560000.0 372 372 372 372 372 372 372 372 372 372 
