filename U E #1 #2 #3 #4 #5 #6 #7 #8 #9 #10
u25_01_simulated.txt 2.0 13500.0 3 5 5 4 3 4 4 3 4 5 
u25_02_simulated.txt 2.0 13500.0 5 4 4 5 5 3 5 6 5 4 
u25_03_simulated.txt 2.0 13500.0 8 6 5 6 6 7 7 6 5 6 
u25_04_simulated.txt 2.0 13500.0 6 4 5 5 6 4 4 4 4 4 
u25_05_simulated.txt 2.0 13500.0 11 9 12 9 10 10 9 9 9 10 
u25_06_simulated.txt 2.0 13500.0 0 0 0 0 0 0 0 0 0 0 
u25_07_simulated.txt 2.0 13500.0 6 7 6 5 4 7 6 5 5 7 
u25_08_simulated.txt 2.0 13500.0 0 0 0 0 0 0 0 0 0 0 
u25_09_simulated.txt 2.0 13500.0 6 5 7 4 7 7 4 7 6 5 
u25_010_simulated.txt 2.0 13500.0 6 6 6 6 6 6 7 5 6 6 
u50_01_simulated.txt 2.0 13500.0 8 8 8 9 9 8 9 8 9 9 
u50_02_simulated.txt 2.0 13500.0 16 17 15 16 17 13 16 17 15 15 
u50_03_simulated.txt 2.0 13500.0 7 11 9 10 11 9 8 8 11 9 
u50_04_simulated.txt 2.0 13500.0 10 8 9 7 9 7 10 11 9 9 
u50_05_simulated.txt 2.0 13500.0 7 7 7 9 7 8 8 9 7 7 
u50_06_simulated.txt 2.0 13500.0 11 9 8 11 10 7 9 9 9 8 
u50_07_simulated.txt 2.0 13500.0 6 10 7 8 7 8 9 9 10 8 
u50_08_simulated.txt 2.0 13500.0 5 5 3 5 4 5 5 5 5 5 
u50_09_simulated.txt 2.0 13500.0 13 13 12 13 13 14 14 11 11 12 
u50_010_simulated.txt 2.0 13500.0 5 7 6 7 5 4 6 6 7 6 
u75_01_simulated.txt 2.0 13500.0 19 23 21 24 21 24 22 22 23 27 
u75_02_simulated.txt 2.0 13500.0 18 16 17 17 17 17 18 19 17 19 
u75_03_simulated.txt 2.0 13500.0 14 14 14 21 19 17 17 17 15 16 
u75_04_simulated.txt 2.0 13500.0 25 25 25 27 24 26 25 28 25 23 
u75_05_simulated.txt 2.0 13500.0 25 21 25 28 26 25 27 24 22 24 
u75_06_simulated.txt 2.0 13500.0 22 25 23 25 24 25 24 25 24 25 
u75_07_simulated.txt 2.0 13500.0 19 19 19 18 18 18 18 18 17 19 
u75_08_simulated.txt 2.0 13500.0 22 22 22 21 22 20 22 20 20 19 
u75_09_simulated.txt 2.0 13500.0 22 24 23 24 21 25 21 25 21 24 
u75_010_simulated.txt 2.0 13500.0 22 26 24 28 23 27 23 22 29 26 
u100_01_simulated.txt 2.0 13500.0 39 39 36 37 36 39 40 38 39 39 
u100_02_simulated.txt 2.0 13500.0 38 41 39 38 40 37 38 36 34 37 
u100_03_simulated.txt 2.0 13500.0 40 40 41 38 38 36 35 35 45 34 
u100_04_simulated.txt 2.0 13500.0 29 30 33 35 31 33 35 33 30 35 
u100_05_simulated.txt 2.0 13500.0 32 34 34 30 31 34 33 34 31 34 
u100_06_simulated.txt 2.0 13500.0 30 28 30 29 30 30 29 30 33 31 
u100_07_simulated.txt 2.0 13500.0 50 50 49 51 49 48 50 50 49 46 
u100_08_simulated.txt 2.0 13500.0 27 31 29 31 29 29 28 30 28 27 
u100_09_simulated.txt 2.0 13500.0 36 37 37 37 38 36 35 35 38 32 
u100_010_simulated.txt 2.0 13500.0 50 52 50 51 52 52 47 53 48 53 
u25_01_simulated.txt 2.0 27000.0 4 2 3 3 0 3 1 4 2 1 
u25_02_simulated.txt 2.0 27000.0 3 3 3 4 2 4 5 1 2 2 
u25_03_simulated.txt 2.0 27000.0 3 4 3 4 4 4 4 4 4 3 
u25_04_simulated.txt 2.0 27000.0 5 4 3 4 5 5 3 3 2 3 
u25_05_simulated.txt 2.0 27000.0 9 7 7 9 8 7 10 8 7 6 
u25_06_simulated.txt 2.0 27000.0 0 0 0 0 0 0 0 0 0 0 
u25_07_simulated.txt 2.0 27000.0 4 4 5 4 5 6 5 4 5 4 
u25_08_simulated.txt 2.0 27000.0 0 0 0 0 0 0 0 0 0 0 
u25_09_simulated.txt 2.0 27000.0 4 4 4 2 3 2 3 2 3 4 
u25_010_simulated.txt 2.0 27000.0 6 6 3 5 6 6 4 6 5 6 
u50_01_simulated.txt 2.0 27000.0 7 8 6 7 7 7 7 8 7 8 
u50_02_simulated.txt 2.0 27000.0 17 15 15 15 14 16 15 14 15 19 
u50_03_simulated.txt 2.0 27000.0 8 6 7 8 7 8 7 8 9 10 
u50_04_simulated.txt 2.0 27000.0 9 9 8 9 8 6 9 9 10 6 
u50_05_simulated.txt 2.0 27000.0 7 6 6 6 6 6 6 7 6 6 
u50_06_simulated.txt 2.0 27000.0 7 5 7 8 8 7 9 8 9 9 
u50_07_simulated.txt 2.0 27000.0 6 7 7 7 7 9 7 7 7 6 
u50_08_simulated.txt 2.0 27000.0 3 2 4 3 2 2 2 5 4 3 
u50_09_simulated.txt 2.0 27000.0 12 11 13 12 11 13 13 11 14 14 
u50_010_simulated.txt 2.0 27000.0 5 4 5 6 5 4 5 3 5 5 
u75_01_simulated.txt 2.0 27000.0 24 23 23 24 22 23 21 24 24 21 
u75_02_simulated.txt 2.0 27000.0 15 19 17 18 19 14 18 15 17 16 
u75_03_simulated.txt 2.0 27000.0 16 17 17 16 16 15 17 17 19 16 
u75_04_simulated.txt 2.0 27000.0 24 24 23 26 25 25 25 25 25 24 
u75_05_simulated.txt 2.0 27000.0 25 24 21 23 24 21 22 29 25 25 
u75_06_simulated.txt 2.0 27000.0 21 24 26 21 22 23 24 22 24 24 
u75_07_simulated.txt 2.0 27000.0 18 15 17 18 18 18 17 17 17 16 
u75_08_simulated.txt 2.0 27000.0 24 22 19 21 24 19 21 21 21 21 
u75_09_simulated.txt 2.0 27000.0 24 24 20 20 22 24 25 23 23 21 
u75_010_simulated.txt 2.0 27000.0 26 25 24 23 24 25 21 26 24 22 
u100_01_simulated.txt 2.0 27000.0 41 38 38 39 40 41 38 38 38 39 
u100_02_simulated.txt 2.0 27000.0 37 35 41 37 35 38 37 38 40 35 
u100_03_simulated.txt 2.0 27000.0 40 38 36 35 39 37 39 37 37 39 
u100_04_simulated.txt 2.0 27000.0 33 33 31 28 31 32 29 32 31 32 
u100_05_simulated.txt 2.0 27000.0 33 31 34 35 29 33 35 33 34 35 
u100_06_simulated.txt 2.0 27000.0 32 31 31 31 32 30 31 31 31 29 
u100_07_simulated.txt 2.0 27000.0 49 48 51 51 51 53 46 46 52 51 
u100_08_simulated.txt 2.0 27000.0 27 26 26 30 26 31 27 27 27 27 
u100_09_simulated.txt 2.0 27000.0 32 34 35 33 32 36 35 34 36 34 
u100_010_simulated.txt 2.0 27000.0 49 51 50 53 50 55 50 47 53 47 
u25_01_simulated.txt 2.0 54000.0 1 2 1 2 2 3 1 1 1 1 
u25_02_simulated.txt 2.0 54000.0 4 2 2 2 3 2 2 3 2 3 
u25_03_simulated.txt 2.0 54000.0 3 3 3 1 2 2 3 2 2 4 
u25_04_simulated.txt 2.0 54000.0 4 2 3 3 3 3 3 3 2 4 
u25_05_simulated.txt 2.0 54000.0 7 6 5 6 5 7 7 6 6 7 
u25_06_simulated.txt 2.0 54000.0 0 0 0 0 0 0 0 0 0 0 
u25_07_simulated.txt 2.0 54000.0 3 4 4 4 5 4 5 4 4 3 
u25_08_simulated.txt 2.0 54000.0 0 0 0 0 0 0 0 0 0 0 
u25_09_simulated.txt 2.0 54000.0 2 3 2 2 1 0 3 2 0 4 
u25_010_simulated.txt 2.0 54000.0 4 4 5 3 4 4 4 4 3 4 
u50_01_simulated.txt 2.0 54000.0 6 7 6 8 6 5 6 8 7 6 
u50_02_simulated.txt 2.0 54000.0 20 14 14 13 17 14 16 17 13 15 
u50_03_simulated.txt 2.0 54000.0 7 7 6 7 7 7 6 7 7 6 
u50_04_simulated.txt 2.0 54000.0 7 8 8 10 8 8 8 8 9 8 
u50_05_simulated.txt 2.0 54000.0 4 5 4 5 5 5 4 5 4 5 
u50_06_simulated.txt 2.0 54000.0 7 8 5 3 5 4 5 4 6 9 
u50_07_simulated.txt 2.0 54000.0 6 7 7 6 10 7 8 7 8 8 
u50_08_simulated.txt 2.0 54000.0 3 4 1 2 2 3 2 2 2 3 
u50_09_simulated.txt 2.0 54000.0 12 11 14 12 13 13 12 12 12 12 
u50_010_simulated.txt 2.0 54000.0 5 4 6 4 4 5 4 4 5 3 
u75_01_simulated.txt 2.0 54000.0 23 24 21 23 22 23 23 24 21 21 
u75_02_simulated.txt 2.0 54000.0 17 16 16 17 16 17 16 15 17 16 
u75_03_simulated.txt 2.0 54000.0 19 17 14 18 15 19 17 17 16 17 
u75_04_simulated.txt 2.0 54000.0 23 26 23 25 25 26 25 23 26 24 
u75_05_simulated.txt 2.0 54000.0 24 26 24 26 25 24 22 20 24 23 
u75_06_simulated.txt 2.0 54000.0 21 22 22 21 24 21 22 21 22 21 
u75_07_simulated.txt 2.0 54000.0 15 15 17 16 14 17 15 16 14 14 
u75_08_simulated.txt 2.0 54000.0 15 18 19 19 20 19 17 18 19 19 
u75_09_simulated.txt 2.0 54000.0 23 22 23 20 25 22 24 25 25 19 
u75_010_simulated.txt 2.0 54000.0 24 26 22 23 25 23 22 21 23 22 
u100_01_simulated.txt 2.0 54000.0 38 40 42 38 39 38 40 39 37 42 
u100_02_simulated.txt 2.0 54000.0 36 37 36 37 36 38 36 39 37 33 
u100_03_simulated.txt 2.0 54000.0 40 39 36 37 33 35 40 32 40 38 
u100_04_simulated.txt 2.0 54000.0 32 35 33 30 31 32 29 31 30 34 
u100_05_simulated.txt 2.0 54000.0 27 31 33 35 34 30 32 33 34 31 
u100_06_simulated.txt 2.0 54000.0 31 28 32 30 28 31 29 30 30 31 
u100_07_simulated.txt 2.0 54000.0 48 49 51 51 51 48 51 50 48 45 
u100_08_simulated.txt 2.0 54000.0 26 31 28 26 29 27 27 27 25 28 
u100_09_simulated.txt 2.0 54000.0 31 38 34 34 32 33 32 33 35 36 
u100_010_simulated.txt 2.0 54000.0 50 49 51 49 51 47 47 47 49 50 
u25_01_simulated.txt 2.0 81000.0 1 0 0 1 0 1 0 0 0 1 
u25_02_simulated.txt 2.0 81000.0 1 1 0 1 1 2 1 1 1 1 
u25_03_simulated.txt 2.0 81000.0 2 2 1 2 2 2 1 2 1 3 
u25_04_simulated.txt 2.0 81000.0 2 5 3 4 4 4 3 3 5 5 
u25_05_simulated.txt 2.0 81000.0 5 7 5 6 7 5 6 7 5 7 
u25_06_simulated.txt 2.0 81000.0 0 0 0 0 0 0 0 0 0 0 
u25_07_simulated.txt 2.0 81000.0 4 4 5 5 4 4 4 3 4 4 
u25_08_simulated.txt 2.0 81000.0 0 0 0 0 0 0 0 0 0 0 
u25_09_simulated.txt 2.0 81000.0 1 0 2 2 2 1 2 1 2 3 
u25_010_simulated.txt 2.0 81000.0 2 4 3 4 3 4 4 2 4 3 
u50_01_simulated.txt 2.0 81000.0 8 5 5 6 7 6 7 6 7 7 
u50_02_simulated.txt 2.0 81000.0 14 15 16 16 18 16 14 15 14 14 
u50_03_simulated.txt 2.0 81000.0 7 6 7 7 6 7 7 6 6 6 
u50_04_simulated.txt 2.0 81000.0 8 8 6 6 7 6 8 7 8 7 
u50_05_simulated.txt 2.0 81000.0 4 4 4 4 4 3 4 4 4 4 
u50_06_simulated.txt 2.0 81000.0 5 5 3 5 4 6 3 6 6 3 
u50_07_simulated.txt 2.0 81000.0 5 6 6 9 7 7 5 6 6 7 
u50_08_simulated.txt 2.0 81000.0 0 1 0 0 1 0 0 1 0 0 
u50_09_simulated.txt 2.0 81000.0 12 12 13 11 11 12 13 14 11 13 
u50_010_simulated.txt 2.0 81000.0 4 5 2 3 3 3 4 4 3 4 
u75_01_simulated.txt 2.0 81000.0 21 21 23 22 22 23 21 22 22 22 
u75_02_simulated.txt 2.0 81000.0 16 15 15 16 15 16 18 18 15 18 
u75_03_simulated.txt 2.0 81000.0 16 15 12 14 11 18 14 17 15 13 
u75_04_simulated.txt 2.0 81000.0 24 24 24 24 23 26 27 24 25 25 
u75_05_simulated.txt 2.0 81000.0 21 24 22 27 25 22 20 25 22 23 
u75_06_simulated.txt 2.0 81000.0 23 22 24 22 22 22 21 22 23 22 
u75_07_simulated.txt 2.0 81000.0 15 14 15 16 14 13 13 14 14 15 
u75_08_simulated.txt 2.0 81000.0 19 19 19 19 20 18 18 17 19 20 
u75_09_simulated.txt 2.0 81000.0 21 22 24 20 25 24 27 22 22 25 
u75_010_simulated.txt 2.0 81000.0 24 24 24 23 23 24 22 21 22 24 
u100_01_simulated.txt 2.0 81000.0 37 39 39 40 38 37 38 38 39 39 
u100_02_simulated.txt 2.0 81000.0 35 37 34 37 36 37 37 35 36 36 
u100_03_simulated.txt 2.0 81000.0 38 34 35 40 39 39 38 41 37 38 
u100_04_simulated.txt 2.0 81000.0 33 32 31 33 32 31 29 32 31 31 
u100_05_simulated.txt 2.0 81000.0 33 35 33 33 32 31 30 30 30 30 
u100_06_simulated.txt 2.0 81000.0 30 28 29 30 27 28 28 27 28 30 
u100_07_simulated.txt 2.0 81000.0 48 49 51 50 50 47 49 49 52 51 
u100_08_simulated.txt 2.0 81000.0 24 26 23 27 27 26 32 26 27 27 
u100_09_simulated.txt 2.0 81000.0 36 37 30 31 34 34 35 35 34 32 
u100_010_simulated.txt 2.0 81000.0 52 51 52 52 47 51 47 49 50 50 
u25_01_simulated.txt 2.0 108000.0 0 0 0 0 1 1 0 0 0 0 
u25_02_simulated.txt 2.0 108000.0 1 1 1 1 0 1 0 1 1 1 
u25_03_simulated.txt 2.0 108000.0 1 2 2 2 2 3 3 2 1 2 
u25_04_simulated.txt 2.0 108000.0 3 4 3 3 4 3 4 3 4 3 
u25_05_simulated.txt 2.0 108000.0 6 6 7 6 4 5 7 7 5 6 
u25_06_simulated.txt 2.0 108000.0 0 0 0 0 0 0 0 0 0 0 
u25_07_simulated.txt 2.0 108000.0 3 5 5 3 4 4 5 4 5 4 
u25_08_simulated.txt 2.0 108000.0 0 0 0 0 0 0 0 0 0 0 
u25_09_simulated.txt 2.0 108000.0 0 1 0 1 2 1 1 0 0 0 
u25_010_simulated.txt 2.0 108000.0 4 3 5 3 4 3 4 4 6 3 
u50_01_simulated.txt 2.0 108000.0 6 5 6 6 7 7 7 6 6 6 
u50_02_simulated.txt 2.0 108000.0 17 15 14 15 14 15 15 16 16 14 
u50_03_simulated.txt 2.0 108000.0 6 6 7 7 5 6 6 7 5 5 
u50_04_simulated.txt 2.0 108000.0 6 7 7 6 6 5 7 8 7 8 
u50_05_simulated.txt 2.0 108000.0 4 4 4 4 4 4 4 4 4 4 
u50_06_simulated.txt 2.0 108000.0 4 5 4 7 3 5 5 5 6 5 
u50_07_simulated.txt 2.0 108000.0 6 6 6 7 6 7 7 6 6 8 
u50_08_simulated.txt 2.0 108000.0 0 0 0 2 1 0 0 0 0 0 
u50_09_simulated.txt 2.0 108000.0 13 13 11 12 13 13 10 12 11 12 
u50_010_simulated.txt 2.0 108000.0 4 4 6 4 4 3 5 4 4 5 
u75_01_simulated.txt 2.0 108000.0 23 20 20 21 23 22 22 24 21 24 
u75_02_simulated.txt 2.0 108000.0 18 15 16 16 14 19 17 14 13 16 
u75_03_simulated.txt 2.0 108000.0 14 16 17 14 16 15 14 14 15 11 
u75_04_simulated.txt 2.0 108000.0 25 23 24 23 24 25 24 23 25 24 
u75_05_simulated.txt 2.0 108000.0 21 23 25 22 25 24 25 24 23 22 
u75_06_simulated.txt 2.0 108000.0 23 22 22 21 20 22 21 22 21 22 
u75_07_simulated.txt 2.0 108000.0 15 14 15 14 12 14 13 13 15 14 
u75_08_simulated.txt 2.0 108000.0 17 17 19 21 18 19 19 18 20 18 
u75_09_simulated.txt 2.0 108000.0 22 25 26 23 22 22 25 22 21 22 
u75_010_simulated.txt 2.0 108000.0 23 22 22 23 24 24 25 23 25 22 
u100_01_simulated.txt 2.0 108000.0 37 39 37 36 38 40 40 39 40 39 
u100_02_simulated.txt 2.0 108000.0 39 36 36 39 37 36 35 37 35 37 
u100_03_simulated.txt 2.0 108000.0 37 40 35 33 39 39 39 35 39 39 
u100_04_simulated.txt 2.0 108000.0 29 32 32 34 33 34 33 33 33 32 
u100_05_simulated.txt 2.0 108000.0 29 33 31 35 34 30 32 34 32 31 
u100_06_simulated.txt 2.0 108000.0 30 27 29 30 31 28 29 29 29 32 
u100_07_simulated.txt 2.0 108000.0 46 53 49 52 46 47 50 51 50 50 
u100_08_simulated.txt 2.0 108000.0 27 29 26 30 27 24 27 25 28 26 
u100_09_simulated.txt 2.0 108000.0 35 36 34 33 38 29 36 32 33 30 
u100_010_simulated.txt 2.0 108000.0 49 47 52 51 48 48 50 51 47 49 
u25_01_simulated.txt 5.0 13500.0 3 5 3 3 2 2 3 4 4 3 
u25_02_simulated.txt 5.0 13500.0 4 5 4 4 3 4 4 5 3 3 
u25_03_simulated.txt 5.0 13500.0 5 6 6 6 6 8 4 5 5 6 
u25_04_simulated.txt 5.0 13500.0 4 4 6 4 3 4 4 4 4 4 
u25_05_simulated.txt 5.0 13500.0 10 8 8 8 7 8 8 11 8 8 
u25_06_simulated.txt 5.0 13500.0 0 0 0 0 0 0 0 0 0 0 
u25_07_simulated.txt 5.0 13500.0 7 5 5 6 7 6 6 5 6 7 
u25_08_simulated.txt 5.0 13500.0 0 0 0 0 0 0 0 0 0 0 
u25_09_simulated.txt 5.0 13500.0 6 4 7 6 6 2 3 6 6 4 
u25_010_simulated.txt 5.0 13500.0 4 5 6 4 6 4 5 6 4 4 
u50_01_simulated.txt 5.0 13500.0 9 8 7 8 8 8 7 10 7 9 
u50_02_simulated.txt 5.0 13500.0 15 15 15 14 16 14 13 16 14 16 
u50_03_simulated.txt 5.0 13500.0 7 10 9 10 8 8 10 9 8 10 
u50_04_simulated.txt 5.0 13500.0 9 6 8 9 7 8 10 10 8 9 
u50_05_simulated.txt 5.0 13500.0 6 7 7 7 7 7 6 7 7 7 
u50_06_simulated.txt 5.0 13500.0 7 6 9 10 7 8 6 8 8 5 
u50_07_simulated.txt 5.0 13500.0 6 10 9 7 8 6 10 6 8 8 
u50_08_simulated.txt 5.0 13500.0 4 3 3 4 4 4 4 4 2 4 
u50_09_simulated.txt 5.0 13500.0 9 11 11 10 13 15 12 13 11 11 
u50_010_simulated.txt 5.0 13500.0 7 4 4 5 4 6 6 6 5 6 
u75_01_simulated.txt 5.0 13500.0 20 21 22 24 22 22 24 20 23 23 
u75_02_simulated.txt 5.0 13500.0 15 15 15 13 17 15 17 15 13 17 
u75_03_simulated.txt 5.0 13500.0 18 16 20 16 20 17 16 18 18 15 
u75_04_simulated.txt 5.0 13500.0 22 25 24 24 24 23 21 21 24 25 
u75_05_simulated.txt 5.0 13500.0 23 22 21 22 24 24 23 24 23 21 
u75_06_simulated.txt 5.0 13500.0 21 20 21 22 24 21 23 21 22 23 
u75_07_simulated.txt 5.0 13500.0 18 13 16 16 15 17 17 15 16 16 
u75_08_simulated.txt 5.0 13500.0 21 25 21 18 21 21 21 23 18 22 
u75_09_simulated.txt 5.0 13500.0 22 22 21 22 23 22 23 24 24 25 
u75_010_simulated.txt 5.0 13500.0 22 25 25 22 23 22 26 22 22 21 
u100_01_simulated.txt 5.0 13500.0 32 34 34 37 37 36 35 38 36 36 
u100_02_simulated.txt 5.0 13500.0 35 35 33 34 34 33 35 32 34 36 
u100_03_simulated.txt 5.0 13500.0 35 36 34 34 34 34 37 38 35 39 
u100_04_simulated.txt 5.0 13500.0 33 27 27 27 27 29 31 27 31 24 
u100_05_simulated.txt 5.0 13500.0 30 27 31 36 27 31 29 29 31 31 
u100_06_simulated.txt 5.0 13500.0 28 25 27 25 25 29 29 28 29 27 
u100_07_simulated.txt 5.0 13500.0 50 42 46 42 49 44 44 42 48 52 
u100_08_simulated.txt 5.0 13500.0 25 24 25 26 22 28 26 25 26 24 
u100_09_simulated.txt 5.0 13500.0 33 34 31 32 34 34 30 28 32 30 
u100_010_simulated.txt 5.0 13500.0 47 48 46 47 45 44 47 42 46 46 
u25_01_simulated.txt 5.0 27000.0 1 0 1 1 1 2 0 2 1 1 
u25_02_simulated.txt 5.0 27000.0 4 3 3 2 2 4 3 2 2 3 
u25_03_simulated.txt 5.0 27000.0 2 4 3 3 2 4 4 4 4 4 
u25_04_simulated.txt 5.0 27000.0 2 3 5 4 3 4 4 4 4 4 
u25_05_simulated.txt 5.0 27000.0 5 3 5 5 7 5 3 4 3 6 
u25_06_simulated.txt 5.0 27000.0 0 0 0 0 0 0 0 0 0 0 
u25_07_simulated.txt 5.0 27000.0 4 5 3 2 3 4 3 1 4 2 
u25_08_simulated.txt 5.0 27000.0 0 0 0 0 0 0 0 0 0 0 
u25_09_simulated.txt 5.0 27000.0 2 3 1 4 1 1 0 3 1 2 
u25_010_simulated.txt 5.0 27000.0 3 5 5 5 5 5 7 4 6 5 
u50_01_simulated.txt 5.0 27000.0 5 5 3 6 6 9 5 4 9 5 
u50_02_simulated.txt 5.0 27000.0 13 12 14 15 13 11 11 11 10 11 
u50_03_simulated.txt 5.0 27000.0 10 5 9 7 6 8 9 8 9 7 
u50_04_simulated.txt 5.0 27000.0 3 4 4 5 5 3 4 7 3 4 
u50_05_simulated.txt 5.0 27000.0 4 4 5 5 4 5 4 4 5 5 
u50_06_simulated.txt 5.0 27000.0 7 3 7 7 6 6 5 5 5 7 
u50_07_simulated.txt 5.0 27000.0 5 5 5 4 6 4 6 5 6 6 
u50_08_simulated.txt 5.0 27000.0 2 4 3 4 3 4 3 5 2 3 
u50_09_simulated.txt 5.0 27000.0 8 9 9 10 9 9 10 10 7 8 
u50_010_simulated.txt 5.0 27000.0 5 4 4 4 4 4 5 3 5 4 
u75_01_simulated.txt 5.0 27000.0 21 19 17 19 20 21 17 19 19 21 
u75_02_simulated.txt 5.0 27000.0 13 11 12 13 15 14 14 13 13 15 
u75_03_simulated.txt 5.0 27000.0 12 9 14 13 13 12 14 13 12 10 
u75_04_simulated.txt 5.0 27000.0 18 22 19 19 21 19 19 19 21 20 
u75_05_simulated.txt 5.0 27000.0 18 21 18 23 24 23 19 16 18 17 
u75_06_simulated.txt 5.0 27000.0 19 18 18 17 19 22 17 17 19 21 
u75_07_simulated.txt 5.0 27000.0 16 14 14 14 16 15 14 15 14 15 
u75_08_simulated.txt 5.0 27000.0 17 18 19 21 19 19 19 20 17 17 
u75_09_simulated.txt 5.0 27000.0 18 19 20 22 19 20 23 19 20 22 
u75_010_simulated.txt 5.0 27000.0 21 21 22 17 22 18 21 22 18 19 
u100_01_simulated.txt 5.0 27000.0 32 30 35 34 34 37 32 31 30 35 
u100_02_simulated.txt 5.0 27000.0 30 31 37 32 30 32 32 36 32 34 
u100_03_simulated.txt 5.0 27000.0 30 34 33 33 34 31 35 31 30 34 
u100_04_simulated.txt 5.0 27000.0 23 29 24 27 27 28 29 29 26 24 
u100_05_simulated.txt 5.0 27000.0 24 29 28 23 28 24 27 21 29 25 
u100_06_simulated.txt 5.0 27000.0 23 22 24 22 24 25 24 25 25 23 
u100_07_simulated.txt 5.0 27000.0 41 43 44 45 44 44 45 41 43 42 
u100_08_simulated.txt 5.0 27000.0 19 18 26 23 24 20 21 23 24 23 
u100_09_simulated.txt 5.0 27000.0 31 31 30 28 32 32 32 33 29 26 
u100_010_simulated.txt 5.0 27000.0 45 43 45 45 45 44 44 45 43 42 
u25_01_simulated.txt 5.0 54000.0 1 1 1 1 2 1 1 1 1 2 
u25_02_simulated.txt 5.0 54000.0 0 2 1 2 2 2 0 2 2 1 
u25_03_simulated.txt 5.0 54000.0 2 0 2 0 2 0 0 0 0 2 
u25_04_simulated.txt 5.0 54000.0 3 2 2 3 2 3 3 3 3 2 
u25_05_simulated.txt 5.0 54000.0 2 4 2 2 2 1 3 1 2 2 
u25_06_simulated.txt 5.0 54000.0 0 0 0 0 0 0 0 0 0 0 
u25_07_simulated.txt 5.0 54000.0 3 4 3 3 3 2 4 1 3 3 
u25_08_simulated.txt 5.0 54000.0 0 0 0 0 0 0 0 0 0 0 
u25_09_simulated.txt 5.0 54000.0 2 2 2 2 2 0 2 2 2 2 
u25_010_simulated.txt 5.0 54000.0 5 4 5 4 6 5 5 5 5 6 
u50_01_simulated.txt 5.0 54000.0 5 6 4 3 6 5 4 4 5 3 
u50_02_simulated.txt 5.0 54000.0 11 14 11 12 12 11 14 12 11 13 
u50_03_simulated.txt 5.0 54000.0 3 3 2 3 4 4 4 3 4 3 
u50_04_simulated.txt 5.0 54000.0 6 6 7 5 5 5 8 7 5 6 
u50_05_simulated.txt 5.0 54000.0 2 3 3 3 3 3 3 3 2 3 
u50_06_simulated.txt 5.0 54000.0 5 3 6 6 4 2 3 3 4 2 
u50_07_simulated.txt 5.0 54000.0 6 5 6 3 3 3 5 3 4 4 
u50_08_simulated.txt 5.0 54000.0 2 1 2 2 2 2 2 2 1 2 
u50_09_simulated.txt 5.0 54000.0 9 6 9 9 5 8 8 10 7 8 
u50_010_simulated.txt 5.0 54000.0 3 3 2 2 2 3 3 2 1 2 
u75_01_simulated.txt 5.0 54000.0 18 17 16 16 18 17 16 17 18 18 
u75_02_simulated.txt 5.0 54000.0 6 7 7 11 12 8 8 10 8 11 
u75_03_simulated.txt 5.0 54000.0 12 12 15 9 11 14 12 11 14 11 
u75_04_simulated.txt 5.0 54000.0 21 18 19 19 18 19 22 16 20 19 
u75_05_simulated.txt 5.0 54000.0 19 15 19 20 16 18 17 16 16 19 
u75_06_simulated.txt 5.0 54000.0 17 18 17 17 20 16 17 18 16 18 
u75_07_simulated.txt 5.0 54000.0 9 9 9 8 8 8 8 10 8 9 
u75_08_simulated.txt 5.0 54000.0 16 15 17 17 16 16 16 16 17 15 
u75_09_simulated.txt 5.0 54000.0 21 14 17 17 17 18 17 19 17 19 
u75_010_simulated.txt 5.0 54000.0 18 19 17 17 19 16 19 18 21 19 
u100_01_simulated.txt 5.0 54000.0 35 32 31 33 33 27 32 32 33 31 
u100_02_simulated.txt 5.0 54000.0 31 33 32 34 30 29 29 31 32 32 
u100_03_simulated.txt 5.0 54000.0 32 32 32 33 33 32 35 29 32 31 
u100_04_simulated.txt 5.0 54000.0 26 26 26 29 25 24 25 25 25 26 
u100_05_simulated.txt 5.0 54000.0 26 25 21 21 25 26 23 26 26 20 
u100_06_simulated.txt 5.0 54000.0 25 21 25 24 24 24 23 25 25 21 
u100_07_simulated.txt 5.0 54000.0 41 40 45 42 43 43 42 44 44 41 
u100_08_simulated.txt 5.0 54000.0 22 18 19 17 19 17 20 20 22 23 
u100_09_simulated.txt 5.0 54000.0 26 25 30 27 28 27 26 26 25 28 
u100_010_simulated.txt 5.0 54000.0 41 45 46 45 46 44 45 44 45 44 
u25_01_simulated.txt 5.0 81000.0 0 0 0 0 0 0 0 0 0 0 
u25_02_simulated.txt 5.0 81000.0 1 1 1 1 2 1 1 1 1 0 
u25_03_simulated.txt 5.0 81000.0 0 2 0 1 0 0 1 1 1 0 
u25_04_simulated.txt 5.0 81000.0 2 1 2 2 3 2 1 1 1 2 
u25_05_simulated.txt 5.0 81000.0 1 4 1 1 1 5 2 3 1 1 
u25_06_simulated.txt 5.0 81000.0 0 0 0 0 0 0 0 0 0 0 
u25_07_simulated.txt 5.0 81000.0 3 3 2 1 3 2 4 4 2 2 
u25_08_simulated.txt 5.0 81000.0 0 0 0 0 0 0 0 0 0 0 
u25_09_simulated.txt 5.0 81000.0 0 0 0 0 0 0 0 0 0 0 
u25_010_simulated.txt 5.0 81000.0 1 2 1 1 1 2 2 1 3 3 
u50_01_simulated.txt 5.0 81000.0 5 6 5 5 5 5 7 5 5 5 
u50_02_simulated.txt 5.0 81000.0 10 10 12 13 10 11 10 10 10 12 
u50_03_simulated.txt 5.0 81000.0 7 6 6 8 6 6 6 6 6 8 
u50_04_simulated.txt 5.0 81000.0 4 4 4 2 4 4 4 3 4 4 
u50_05_simulated.txt 5.0 81000.0 0 0 0 0 0 0 0 0 0 0 
u50_06_simulated.txt 5.0 81000.0 1 0 1 1 1 4 1 1 4 1 
u50_07_simulated.txt 5.0 81000.0 3 3 3 3 3 4 4 3 5 2 
u50_08_simulated.txt 5.0 81000.0 2 1 1 1 1 1 1 1 1 1 
u50_09_simulated.txt 5.0 81000.0 6 7 8 6 8 7 8 9 4 6 
u50_010_simulated.txt 5.0 81000.0 1 5 5 5 1 4 5 5 5 4 
u75_01_simulated.txt 5.0 81000.0 15 17 16 16 17 16 17 16 17 19 
u75_02_simulated.txt 5.0 81000.0 11 13 8 11 7 8 7 9 8 10 
u75_03_simulated.txt 5.0 81000.0 11 10 13 11 12 10 11 13 12 12 
u75_04_simulated.txt 5.0 81000.0 19 20 19 18 15 21 22 17 18 19 
u75_05_simulated.txt 5.0 81000.0 19 15 17 17 17 15 16 16 14 19 
u75_06_simulated.txt 5.0 81000.0 15 15 13 15 15 14 15 14 15 18 
u75_07_simulated.txt 5.0 81000.0 7 11 7 6 7 7 6 6 7 6 
u75_08_simulated.txt 5.0 81000.0 13 15 10 15 14 12 11 12 11 12 
u75_09_simulated.txt 5.0 81000.0 18 17 16 17 17 16 19 19 17 19 
u75_010_simulated.txt 5.0 81000.0 16 17 17 15 17 17 20 18 16 18 
u100_01_simulated.txt 5.0 81000.0 28 29 32 31 34 29 31 29 30 31 
u100_02_simulated.txt 5.0 81000.0 31 28 31 31 26 29 27 29 30 26 
u100_03_simulated.txt 5.0 81000.0 31 28 31 28 34 32 36 33 34 33 
u100_04_simulated.txt 5.0 81000.0 23 27 24 26 24 24 24 25 23 23 
u100_05_simulated.txt 5.0 81000.0 22 26 22 20 25 23 27 24 23 25 
u100_06_simulated.txt 5.0 81000.0 21 20 24 22 22 22 23 21 20 22 
u100_07_simulated.txt 5.0 81000.0 44 42 41 44 44 39 45 45 43 47 
u100_08_simulated.txt 5.0 81000.0 21 18 19 23 18 18 20 22 18 24 
u100_09_simulated.txt 5.0 81000.0 29 27 23 28 26 28 25 26 24 27 
u100_010_simulated.txt 5.0 81000.0 41 43 45 44 43 44 42 41 42 45 
u25_01_simulated.txt 5.0 108000.0 0 0 0 0 0 0 0 0 0 0 
u25_02_simulated.txt 5.0 108000.0 0 0 0 0 0 0 0 0 0 0 
u25_03_simulated.txt 5.0 108000.0 0 0 0 0 0 0 0 0 0 0 
u25_04_simulated.txt 5.0 108000.0 1 1 2 2 1 0 0 1 0 4 
u25_05_simulated.txt 5.0 108000.0 3 2 2 1 0 1 0 2 0 1 
u25_06_simulated.txt 5.0 108000.0 0 0 0 0 0 0 0 0 0 0 
u25_07_simulated.txt 5.0 108000.0 0 1 0 1 3 1 2 2 0 2 
u25_08_simulated.txt 5.0 108000.0 0 0 0 0 0 0 0 0 0 0 
u25_09_simulated.txt 5.0 108000.0 0 0 0 0 0 0 0 0 0 0 
u25_010_simulated.txt 5.0 108000.0 0 0 1 0 1 0 1 0 0 1 
u50_01_simulated.txt 5.0 108000.0 3 4 4 4 6 4 4 4 3 5 
u50_02_simulated.txt 5.0 108000.0 9 8 9 13 8 9 8 9 11 8 
u50_03_simulated.txt 5.0 108000.0 6 4 4 3 4 5 4 3 4 4 
u50_04_simulated.txt 5.0 108000.0 0 1 1 3 5 6 1 1 1 1 
u50_05_simulated.txt 5.0 108000.0 0 0 0 0 0 0 0 0 0 0 
u50_06_simulated.txt 5.0 108000.0 3 2 2 2 3 1 3 1 3 3 
u50_07_simulated.txt 5.0 108000.0 2 1 3 1 0 1 2 2 2 3 
u50_08_simulated.txt 5.0 108000.0 0 0 0 0 0 0 0 0 0 0 
u50_09_simulated.txt 5.0 108000.0 4 8 4 2 5 3 10 8 9 8 
u50_010_simulated.txt 5.0 108000.0 3 3 3 4 4 2 3 3 2 3 
u75_01_simulated.txt 5.0 108000.0 16 19 16 17 17 18 14 16 17 17 
u75_02_simulated.txt 5.0 108000.0 7 7 6 9 8 10 6 11 8 13 
u75_03_simulated.txt 5.0 108000.0 8 8 11 8 9 9 10 8 8 7 
u75_04_simulated.txt 5.0 108000.0 16 18 19 17 18 20 18 18 18 18 
u75_05_simulated.txt 5.0 108000.0 17 19 20 20 17 18 18 19 16 18 
u75_06_simulated.txt 5.0 108000.0 16 16 15 17 14 16 16 17 18 15 
u75_07_simulated.txt 5.0 108000.0 7 7 8 8 8 7 8 9 9 7 
u75_08_simulated.txt 5.0 108000.0 10 14 11 10 12 10 12 11 9 9 
u75_09_simulated.txt 5.0 108000.0 16 17 16 17 17 17 16 18 20 17 
u75_010_simulated.txt 5.0 108000.0 18 18 16 17 19 17 16 21 19 17 
u100_01_simulated.txt 5.0 108000.0 33 34 31 34 30 33 30 33 31 32 
u100_02_simulated.txt 5.0 108000.0 29 30 29 33 30 31 32 32 29 30 
u100_03_simulated.txt 5.0 108000.0 33 30 29 32 33 32 31 30 29 27 
u100_04_simulated.txt 5.0 108000.0 23 23 28 25 25 24 26 22 24 26 
u100_05_simulated.txt 5.0 108000.0 25 22 19 22 19 22 19 18 20 24 
u100_06_simulated.txt 5.0 108000.0 24 20 22 24 22 24 24 23 20 24 
u100_07_simulated.txt 5.0 108000.0 43 42 44 48 40 44 44 41 45 44 
u100_08_simulated.txt 5.0 108000.0 24 16 19 20 19 23 18 21 19 23 
u100_09_simulated.txt 5.0 108000.0 27 28 24 22 27 27 25 27 25 31 
u100_010_simulated.txt 5.0 108000.0 40 41 38 44 44 41 42 41 42 43 
u25_01_simulated.txt 10.0 13500.0 3 4 3 2 4 4 5 3 3 4 
u25_02_simulated.txt 10.0 13500.0 4 5 3 4 4 5 3 5 5 5 
u25_03_simulated.txt 10.0 13500.0 4 3 3 6 6 6 7 4 6 5 
u25_04_simulated.txt 10.0 13500.0 4 7 4 5 3 5 5 5 3 4 
u25_05_simulated.txt 10.0 13500.0 7 7 9 9 10 8 9 8 7 7 
u25_06_simulated.txt 10.0 13500.0 0 0 0 0 0 0 0 0 0 0 
u25_07_simulated.txt 10.0 13500.0 7 6 5 5 6 5 5 5 5 6 
u25_08_simulated.txt 10.0 13500.0 0 0 0 0 0 0 0 0 0 0 
u25_09_simulated.txt 10.0 13500.0 4 5 5 4 5 6 4 4 6 4 
u25_010_simulated.txt 10.0 13500.0 4 7 4 5 4 5 5 4 6 6 
u50_01_simulated.txt 10.0 13500.0 8 9 10 6 9 7 9 8 9 7 
u50_02_simulated.txt 10.0 13500.0 13 13 15 15 16 14 14 14 13 16 
u50_03_simulated.txt 10.0 13500.0 9 8 9 8 8 9 10 8 8 8 
u50_04_simulated.txt 10.0 13500.0 11 7 10 8 7 5 7 8 8 7 
u50_05_simulated.txt 10.0 13500.0 6 7 6 7 6 8 7 6 6 6 
u50_06_simulated.txt 10.0 13500.0 7 9 7 8 7 6 7 6 6 8 
u50_07_simulated.txt 10.0 13500.0 7 6 7 8 8 8 8 8 8 8 
u50_08_simulated.txt 10.0 13500.0 4 3 4 4 4 3 4 5 3 3 
u50_09_simulated.txt 10.0 13500.0 12 11 11 11 13 13 11 12 10 12 
u50_010_simulated.txt 10.0 13500.0 5 6 6 6 6 5 5 6 5 5 
u75_01_simulated.txt 10.0 13500.0 20 22 19 21 21 20 20 21 23 20 
u75_02_simulated.txt 10.0 13500.0 14 14 16 16 14 14 14 12 12 16 
u75_03_simulated.txt 10.0 13500.0 16 13 14 15 15 18 14 15 15 17 
u75_04_simulated.txt 10.0 13500.0 24 23 20 24 23 23 20 22 24 20 
u75_05_simulated.txt 10.0 13500.0 20 22 23 20 22 21 23 22 20 23 
u75_06_simulated.txt 10.0 13500.0 21 20 22 21 20 21 20 20 20 20 
u75_07_simulated.txt 10.0 13500.0 16 16 15 15 15 15 14 16 16 17 
u75_08_simulated.txt 10.0 13500.0 18 20 20 17 19 17 19 20 18 17 
u75_09_simulated.txt 10.0 13500.0 20 21 23 20 21 19 22 21 21 20 
u75_010_simulated.txt 10.0 13500.0 22 21 25 23 24 23 21 23 22 23 
u100_01_simulated.txt 10.0 13500.0 32 29 33 33 32 32 33 34 32 30 
u100_02_simulated.txt 10.0 13500.0 29 32 33 30 32 31 32 35 35 36 
u100_03_simulated.txt 10.0 13500.0 39 31 33 34 32 35 33 31 35 34 
u100_04_simulated.txt 10.0 13500.0 26 27 25 29 28 27 29 27 28 30 
u100_05_simulated.txt 10.0 13500.0 28 28 28 28 27 27 28 28 28 28 
u100_06_simulated.txt 10.0 13500.0 25 23 23 25 26 25 24 25 28 23 
u100_07_simulated.txt 10.0 13500.0 44 45 46 43 46 45 42 41 45 49 
u100_08_simulated.txt 10.0 13500.0 19 23 26 20 22 21 22 22 26 22 
u100_09_simulated.txt 10.0 13500.0 28 26 26 28 27 30 29 30 32 27 
u100_010_simulated.txt 10.0 13500.0 45 44 43 46 41 43 44 44 42 47 
u25_01_simulated.txt 10.0 27000.0 3 1 2 0 1 0 1 0 1 0 
u25_02_simulated.txt 10.0 27000.0 2 2 3 2 2 3 3 2 2 2 
u25_03_simulated.txt 10.0 27000.0 3 3 3 4 3 3 2 1 3 4 
u25_04_simulated.txt 10.0 27000.0 2 3 3 2 3 3 3 4 2 3 
u25_05_simulated.txt 10.0 27000.0 4 2 3 3 3 3 3 2 3 7 
u25_06_simulated.txt 10.0 27000.0 0 0 0 0 0 0 0 0 0 0 
u25_07_simulated.txt 10.0 27000.0 2 3 4 2 4 3 2 3 2 3 
u25_08_simulated.txt 10.0 27000.0 0 0 0 0 0 0 0 0 0 0 
u25_09_simulated.txt 10.0 27000.0 1 2 2 1 2 3 2 3 2 1 
u25_010_simulated.txt 10.0 27000.0 3 4 5 6 4 3 2 5 4 4 
u50_01_simulated.txt 10.0 27000.0 2 6 4 4 4 7 6 5 5 4 
u50_02_simulated.txt 10.0 27000.0 10 10 11 8 11 10 9 10 13 9 
u50_03_simulated.txt 10.0 27000.0 9 8 8 6 8 8 8 4 7 8 
u50_04_simulated.txt 10.0 27000.0 2 4 3 4 4 4 3 3 3 3 
u50_05_simulated.txt 10.0 27000.0 4 4 4 3 4 5 4 4 6 4 
u50_06_simulated.txt 10.0 27000.0 7 7 5 6 5 6 4 6 5 4 
u50_07_simulated.txt 10.0 27000.0 3 7 5 6 3 4 4 6 4 6 
u50_08_simulated.txt 10.0 27000.0 1 3 1 2 4 3 3 1 3 2 
u50_09_simulated.txt 10.0 27000.0 8 8 4 6 4 8 9 7 9 4 
u50_010_simulated.txt 10.0 27000.0 4 4 4 2 3 3 2 3 5 4 
u75_01_simulated.txt 10.0 27000.0 15 16 19 19 15 16 16 16 18 17 
u75_02_simulated.txt 10.0 27000.0 12 11 10 11 9 10 12 14 11 10 
u75_03_simulated.txt 10.0 27000.0 8 10 8 10 9 8 9 9 8 6 
u75_04_simulated.txt 10.0 27000.0 18 18 16 16 17 14 17 17 21 18 
u75_05_simulated.txt 10.0 27000.0 16 17 18 20 18 19 17 14 16 16 
u75_06_simulated.txt 10.0 27000.0 18 17 14 14 19 14 17 18 16 15 
u75_07_simulated.txt 10.0 27000.0 14 13 14 12 14 14 14 14 12 14 
u75_08_simulated.txt 10.0 27000.0 10 12 15 15 12 12 15 16 16 15 
u75_09_simulated.txt 10.0 27000.0 16 16 17 16 16 17 16 16 16 15 
u75_010_simulated.txt 10.0 27000.0 19 16 16 19 15 17 17 15 16 16 
u100_01_simulated.txt 10.0 27000.0 23 28 25 27 28 26 26 29 26 23 
u100_02_simulated.txt 10.0 27000.0 27 29 30 26 27 28 30 27 28 27 
u100_03_simulated.txt 10.0 27000.0 27 30 28 28 30 22 29 27 29 28 
u100_04_simulated.txt 10.0 27000.0 18 25 23 22 21 23 24 25 23 20 
u100_05_simulated.txt 10.0 27000.0 20 22 19 25 20 18 21 22 17 22 
u100_06_simulated.txt 10.0 27000.0 21 21 19 18 19 16 19 22 20 21 
u100_07_simulated.txt 10.0 27000.0 34 40 39 36 35 40 37 36 36 37 
u100_08_simulated.txt 10.0 27000.0 15 18 20 19 17 16 18 15 17 22 
u100_09_simulated.txt 10.0 27000.0 21 27 23 30 24 24 23 23 24 27 
u100_010_simulated.txt 10.0 27000.0 37 37 37 36 42 41 39 38 39 35 
u25_01_simulated.txt 10.0 54000.0 1 1 1 1 1 1 1 1 1 1 
u25_02_simulated.txt 10.0 54000.0 1 1 1 1 1 1 0 1 1 1 
u25_03_simulated.txt 10.0 54000.0 1 1 1 1 1 1 1 1 1 0 
u25_04_simulated.txt 10.0 54000.0 2 2 3 3 3 2 2 3 3 3 
u25_05_simulated.txt 10.0 54000.0 2 2 2 2 2 2 3 3 3 2 
u25_06_simulated.txt 10.0 54000.0 0 0 0 0 0 0 0 0 0 0 
u25_07_simulated.txt 10.0 54000.0 3 2 3 3 3 3 4 3 3 2 
u25_08_simulated.txt 10.0 54000.0 0 0 0 0 0 0 0 0 0 0 
u25_09_simulated.txt 10.0 54000.0 2 2 2 2 2 2 2 2 2 2 
u25_010_simulated.txt 10.0 54000.0 2 6 3 4 3 3 2 3 3 3 
u50_01_simulated.txt 10.0 54000.0 4 3 3 4 4 4 3 3 3 4 
u50_02_simulated.txt 10.0 54000.0 7 11 8 8 9 8 8 8 8 8 
u50_03_simulated.txt 10.0 54000.0 7 5 8 5 6 6 7 5 5 5 
u50_04_simulated.txt 10.0 54000.0 5 5 6 5 6 5 5 6 6 6 
u50_05_simulated.txt 10.0 54000.0 2 1 1 1 0 1 1 0 0 0 
u50_06_simulated.txt 10.0 54000.0 6 6 6 1 4 4 4 4 4 5 
u50_07_simulated.txt 10.0 54000.0 2 2 1 1 2 2 1 2 2 3 
u50_08_simulated.txt 10.0 54000.0 2 2 1 1 1 1 3 3 1 1 
u50_09_simulated.txt 10.0 54000.0 3 4 5 2 4 3 3 4 3 3 
u50_010_simulated.txt 10.0 54000.0 2 1 1 1 2 1 1 2 1 1 
u75_01_simulated.txt 10.0 54000.0 13 15 13 10 13 17 15 12 16 10 
u75_02_simulated.txt 10.0 54000.0 7 6 6 6 8 8 7 6 5 7 
u75_03_simulated.txt 10.0 54000.0 8 11 6 7 7 6 3 6 6 6 
u75_04_simulated.txt 10.0 54000.0 12 18 15 18 14 15 16 14 15 19 
u75_05_simulated.txt 10.0 54000.0 13 14 16 13 16 15 14 16 15 16 
u75_06_simulated.txt 10.0 54000.0 12 14 12 13 16 14 9 15 9 11 
u75_07_simulated.txt 10.0 54000.0 6 7 6 7 8 7 7 7 7 7 
u75_08_simulated.txt 10.0 54000.0 9 9 9 9 11 9 9 8 11 9 
u75_09_simulated.txt 10.0 54000.0 14 15 12 15 13 15 15 14 15 13 
u75_010_simulated.txt 10.0 54000.0 13 15 12 16 12 13 12 16 15 13 
u100_01_simulated.txt 10.0 54000.0 24 24 23 25 23 24 23 22 20 28 
u100_02_simulated.txt 10.0 54000.0 23 22 27 30 22 22 26 24 25 23 
u100_03_simulated.txt 10.0 54000.0 20 23 27 21 25 25 21 20 23 21 
u100_04_simulated.txt 10.0 54000.0 15 17 13 16 13 17 15 15 16 18 
u100_05_simulated.txt 10.0 54000.0 17 16 16 16 17 17 17 16 15 16 
u100_06_simulated.txt 10.0 54000.0 18 19 15 19 19 19 20 16 20 18 
u100_07_simulated.txt 10.0 54000.0 33 32 38 35 36 33 32 33 35 37 
u100_08_simulated.txt 10.0 54000.0 15 16 14 16 13 14 14 16 12 17 
u100_09_simulated.txt 10.0 54000.0 23 21 18 21 27 20 21 19 21 26 
u100_010_simulated.txt 10.0 54000.0 31 37 38 36 35 36 39 34 36 36 
u25_01_simulated.txt 10.0 81000.0 0 0 0 0 0 0 0 0 0 0 
u25_02_simulated.txt 10.0 81000.0 1 1 1 1 1 2 1 1 1 0 
u25_03_simulated.txt 10.0 81000.0 0 1 1 1 1 0 0 0 0 1 
u25_04_simulated.txt 10.0 81000.0 2 2 2 2 1 2 2 2 2 1 
u25_05_simulated.txt 10.0 81000.0 1 1 1 1 1 1 1 1 1 1 
u25_06_simulated.txt 10.0 81000.0 0 0 0 0 0 0 0 0 0 0 
u25_07_simulated.txt 10.0 81000.0 3 1 2 2 2 3 0 2 2 1 
u25_08_simulated.txt 10.0 81000.0 0 0 0 0 0 0 0 0 0 0 
u25_09_simulated.txt 10.0 81000.0 0 0 0 0 0 0 0 0 0 0 
u25_010_simulated.txt 10.0 81000.0 2 3 3 2 1 3 2 1 1 2 
u50_01_simulated.txt 10.0 81000.0 2 1 4 3 2 3 3 3 2 3 
u50_02_simulated.txt 10.0 81000.0 5 7 7 8 7 7 7 8 9 9 
u50_03_simulated.txt 10.0 81000.0 6 5 5 4 6 6 5 5 6 5 
u50_04_simulated.txt 10.0 81000.0 3 3 2 2 3 2 3 3 3 3 
u50_05_simulated.txt 10.0 81000.0 0 0 0 0 0 0 0 0 0 0 
u50_06_simulated.txt 10.0 81000.0 4 4 4 4 4 4 4 4 4 4 
u50_07_simulated.txt 10.0 81000.0 3 3 3 3 3 3 3 3 3 3 
u50_08_simulated.txt 10.0 81000.0 2 2 1 2 2 2 1 1 2 2 
u50_09_simulated.txt 10.0 81000.0 7 6 6 5 6 5 6 7 6 7 
u50_010_simulated.txt 10.0 81000.0 2 3 4 3 3 3 3 3 2 3 
u75_01_simulated.txt 10.0 81000.0 10 16 12 11 10 15 14 11 16 16 
u75_02_simulated.txt 10.0 81000.0 4 5 3 4 6 5 4 7 4 5 
u75_03_simulated.txt 10.0 81000.0 8 8 9 12 6 11 6 11 7 8 
u75_04_simulated.txt 10.0 81000.0 12 14 13 20 15 16 11 13 19 16 
u75_05_simulated.txt 10.0 81000.0 14 9 11 14 11 13 12 12 12 11 
u75_06_simulated.txt 10.0 81000.0 13 10 11 4 10 14 11 11 13 14 
u75_07_simulated.txt 10.0 81000.0 1 2 4 3 9 3 3 2 1 2 
u75_08_simulated.txt 10.0 81000.0 11 11 10 7 10 11 12 8 7 6 
u75_09_simulated.txt 10.0 81000.0 14 10 12 9 8 9 11 12 12 10 
u75_010_simulated.txt 10.0 81000.0 15 15 13 15 16 16 14 13 15 12 
u100_01_simulated.txt 10.0 81000.0 20 20 19 23 20 21 20 21 25 23 
u100_02_simulated.txt 10.0 81000.0 22 20 24 22 25 23 23 20 26 25 
u100_03_simulated.txt 10.0 81000.0 21 24 25 24 22 20 23 22 21 25 
u100_04_simulated.txt 10.0 81000.0 12 20 17 16 17 17 20 13 15 18 
u100_05_simulated.txt 10.0 81000.0 17 13 14 16 16 17 14 15 18 14 
u100_06_simulated.txt 10.0 81000.0 20 19 20 20 18 20 19 18 18 21 
u100_07_simulated.txt 10.0 81000.0 34 31 34 32 29 33 30 33 30 30 
u100_08_simulated.txt 10.0 81000.0 12 11 11 17 13 16 14 12 15 13 
u100_09_simulated.txt 10.0 81000.0 16 14 17 18 19 22 19 21 20 14 
u100_010_simulated.txt 10.0 81000.0 33 31 31 35 32 38 34 38 34 35 
u25_01_simulated.txt 10.0 108000.0 0 0 0 0 0 0 0 0 0 0 
u25_02_simulated.txt 10.0 108000.0 0 0 0 0 0 0 0 0 0 0 
u25_03_simulated.txt 10.0 108000.0 0 0 0 0 0 0 0 0 0 0 
u25_04_simulated.txt 10.0 108000.0 1 1 2 2 2 2 0 1 1 0 
u25_05_simulated.txt 10.0 108000.0 1 0 0 0 0 0 0 0 0 0 
u25_06_simulated.txt 10.0 108000.0 0 0 0 0 0 0 0 0 0 0 
u25_07_simulated.txt 10.0 108000.0 2 2 0 1 2 2 2 2 2 3 
u25_08_simulated.txt 10.0 108000.0 0 0 0 0 0 0 0 0 0 0 
u25_09_simulated.txt 10.0 108000.0 0 0 0 0 0 0 0 0 0 0 
u25_010_simulated.txt 10.0 108000.0 1 1 0 2 1 1 1 0 1 0 
u50_01_simulated.txt 10.0 108000.0 5 3 4 3 5 5 3 3 4 4 
u50_02_simulated.txt 10.0 108000.0 4 4 5 5 7 5 6 7 6 7 
u50_03_simulated.txt 10.0 108000.0 3 2 2 2 2 3 3 2 3 2 
u50_04_simulated.txt 10.0 108000.0 0 0 0 0 0 0 0 0 0 0 
u50_05_simulated.txt 10.0 108000.0 0 0 0 0 0 0 0 0 0 0 
u50_06_simulated.txt 10.0 108000.0 2 2 2 1 1 1 1 1 1 1 
u50_07_simulated.txt 10.0 108000.0 2 2 1 1 1 2 2 1 1 1 
u50_08_simulated.txt 10.0 108000.0 0 0 0 0 0 0 0 0 0 0 
u50_09_simulated.txt 10.0 108000.0 2 3 1 1 1 2 3 2 1 2 
u50_010_simulated.txt 10.0 108000.0 2 2 4 3 3 3 4 2 4 2 
u75_01_simulated.txt 10.0 108000.0 8 15 13 11 12 9 10 14 15 8 
u75_02_simulated.txt 10.0 108000.0 7 5 6 8 8 7 5 6 6 6 
u75_03_simulated.txt 10.0 108000.0 6 4 6 8 4 7 8 4 7 5 
u75_04_simulated.txt 10.0 108000.0 10 13 10 15 12 12 12 12 13 13 
u75_05_simulated.txt 10.0 108000.0 10 15 12 11 15 9 10 13 11 10 
u75_06_simulated.txt 10.0 108000.0 11 10 11 12 14 9 10 11 10 11 
u75_07_simulated.txt 10.0 108000.0 2 1 1 0 5 2 2 1 3 2 
u75_08_simulated.txt 10.0 108000.0 8 9 8 9 8 8 8 8 11 9 
u75_09_simulated.txt 10.0 108000.0 10 10 8 12 13 7 12 9 13 11 
u75_010_simulated.txt 10.0 108000.0 15 13 14 13 14 14 14 15 13 18 
u100_01_simulated.txt 10.0 108000.0 20 18 18 19 20 20 18 20 21 17 
u100_02_simulated.txt 10.0 108000.0 23 22 26 22 22 22 22 23 23 24 
u100_03_simulated.txt 10.0 108000.0 18 23 21 19 20 18 18 19 20 23 
u100_04_simulated.txt 10.0 108000.0 18 17 17 17 19 16 18 11 15 17 
u100_05_simulated.txt 10.0 108000.0 15 19 21 16 17 21 19 23 21 16 
u100_06_simulated.txt 10.0 108000.0 17 14 18 17 17 17 14 16 14 19 
u100_07_simulated.txt 10.0 108000.0 37 30 31 34 34 31 31 30 31 31 
u100_08_simulated.txt 10.0 108000.0 13 14 15 15 16 12 11 14 16 13 
u100_09_simulated.txt 10.0 108000.0 19 16 17 21 14 19 19 17 22 22 
u100_010_simulated.txt 10.0 108000.0 32 36 39 38 32 34 32 30 33 33 
u25_01_simulated.txt 15.0 13500.0 3 2 3 2 5 4 3 3 4 3 
u25_02_simulated.txt 15.0 13500.0 3 3 3 3 5 3 4 5 4 5 
u25_03_simulated.txt 15.0 13500.0 5 5 8 5 5 4 6 5 6 6 
u25_04_simulated.txt 15.0 13500.0 7 5 5 3 3 5 5 4 4 5 
u25_05_simulated.txt 15.0 13500.0 4 9 9 9 7 10 5 5 8 9 
u25_06_simulated.txt 15.0 13500.0 0 0 0 0 0 0 0 0 0 0 
u25_07_simulated.txt 15.0 13500.0 4 5 6 7 5 5 5 6 5 5 
u25_08_simulated.txt 15.0 13500.0 0 0 0 0 0 0 0 0 0 0 
u25_09_simulated.txt 15.0 13500.0 5 4 5 5 4 7 5 3 5 7 
u25_010_simulated.txt 15.0 13500.0 5 5 3 4 3 4 4 4 4 4 
u50_01_simulated.txt 15.0 13500.0 7 8 9 7 9 7 9 8 8 9 
u50_02_simulated.txt 15.0 13500.0 13 14 14 12 14 10 14 13 15 15 
u50_03_simulated.txt 15.0 13500.0 8 8 9 9 7 10 8 9 10 8 
u50_04_simulated.txt 15.0 13500.0 7 9 9 10 7 8 10 7 7 6 
u50_05_simulated.txt 15.0 13500.0 6 6 8 4 6 6 7 6 7 7 
u50_06_simulated.txt 15.0 13500.0 8 5 5 6 8 7 5 3 5 7 
u50_07_simulated.txt 15.0 13500.0 7 7 8 8 8 8 7 8 8 6 
u50_08_simulated.txt 15.0 13500.0 3 4 4 5 2 4 3 4 2 4 
u50_09_simulated.txt 15.0 13500.0 11 12 11 10 9 9 10 11 11 11 
u50_010_simulated.txt 15.0 13500.0 6 5 5 6 5 6 5 6 5 6 
u75_01_simulated.txt 15.0 13500.0 21 19 23 20 22 19 21 20 19 21 
u75_02_simulated.txt 15.0 13500.0 13 12 13 11 13 12 16 14 13 13 
u75_03_simulated.txt 15.0 13500.0 13 14 16 16 11 13 14 15 17 15 
u75_04_simulated.txt 15.0 13500.0 24 21 22 23 21 23 20 21 21 21 
u75_05_simulated.txt 15.0 13500.0 18 22 23 20 23 22 24 22 17 21 
u75_06_simulated.txt 15.0 13500.0 20 18 20 20 20 23 19 21 21 20 
u75_07_simulated.txt 15.0 13500.0 14 14 15 14 13 16 14 15 15 15 
u75_08_simulated.txt 15.0 13500.0 16 23 20 17 19 17 15 18 21 19 
u75_09_simulated.txt 15.0 13500.0 19 20 20 19 22 20 23 22 20 20 
u75_010_simulated.txt 15.0 13500.0 23 22 24 25 23 22 25 24 23 20 
u100_01_simulated.txt 15.0 13500.0 30 31 29 29 32 33 32 29 31 32 
u100_02_simulated.txt 15.0 13500.0 33 32 34 28 34 31 29 30 28 32 
u100_03_simulated.txt 15.0 13500.0 33 35 28 33 34 32 29 33 28 30 
u100_04_simulated.txt 15.0 13500.0 24 29 23 25 27 28 25 24 30 25 
u100_05_simulated.txt 15.0 13500.0 27 28 27 26 29 28 29 25 23 26 
u100_06_simulated.txt 15.0 13500.0 24 23 22 26 25 25 22 26 24 22 
u100_07_simulated.txt 15.0 13500.0 45 39 43 45 45 44 43 42 45 40 
u100_08_simulated.txt 15.0 13500.0 22 19 25 24 20 21 21 22 22 19 
u100_09_simulated.txt 15.0 13500.0 26 29 30 31 24 27 28 26 30 32 
u100_010_simulated.txt 15.0 13500.0 45 44 41 44 42 46 41 44 44 38 
u25_01_simulated.txt 15.0 27000.0 2 0 1 0 1 0 0 2 1 1 
u25_02_simulated.txt 15.0 27000.0 2 2 2 2 1 2 2 2 2 2 
u25_03_simulated.txt 15.0 27000.0 3 3 4 4 3 4 3 1 4 1 
u25_04_simulated.txt 15.0 27000.0 2 2 2 2 2 4 4 2 3 2 
u25_05_simulated.txt 15.0 27000.0 3 3 4 2 2 4 5 3 3 2 
u25_06_simulated.txt 15.0 27000.0 0 0 0 0 0 0 0 0 0 0 
u25_07_simulated.txt 15.0 27000.0 5 2 3 2 2 4 2 3 3 4 
u25_08_simulated.txt 15.0 27000.0 0 0 0 0 0 0 0 0 0 0 
u25_09_simulated.txt 15.0 27000.0 2 2 1 2 2 2 4 1 1 1 
u25_010_simulated.txt 15.0 27000.0 3 5 3 3 3 3 4 3 2 2 
u50_01_simulated.txt 15.0 27000.0 4 7 6 6 5 5 6 4 5 4 
u50_02_simulated.txt 15.0 27000.0 8 12 8 10 10 9 7 9 10 9 
u50_03_simulated.txt 15.0 27000.0 8 7 9 5 6 8 6 6 7 6 
u50_04_simulated.txt 15.0 27000.0 2 4 3 5 3 3 3 3 3 4 
u50_05_simulated.txt 15.0 27000.0 4 5 3 5 4 6 5 6 5 3 
u50_06_simulated.txt 15.0 27000.0 4 5 5 4 5 4 3 5 6 6 
u50_07_simulated.txt 15.0 27000.0 5 4 5 5 4 7 4 4 5 4 
u50_08_simulated.txt 15.0 27000.0 2 3 2 2 3 2 3 2 2 3 
u50_09_simulated.txt 15.0 27000.0 7 7 7 6 6 7 7 8 7 6 
u50_010_simulated.txt 15.0 27000.0 4 4 3 3 4 4 3 5 4 3 
u75_01_simulated.txt 15.0 27000.0 16 15 17 14 15 14 14 14 14 12 
u75_02_simulated.txt 15.0 27000.0 10 11 11 11 11 10 10 11 11 10 
u75_03_simulated.txt 15.0 27000.0 11 9 9 8 8 10 9 8 9 7 
u75_04_simulated.txt 15.0 27000.0 13 18 18 16 13 16 17 18 18 16 
u75_05_simulated.txt 15.0 27000.0 17 19 14 16 18 16 16 16 17 20 
u75_06_simulated.txt 15.0 27000.0 17 13 12 15 15 16 12 15 15 15 
u75_07_simulated.txt 15.0 27000.0 12 13 13 15 13 15 14 12 13 13 
u75_08_simulated.txt 15.0 27000.0 14 11 11 12 10 13 14 10 9 12 
u75_09_simulated.txt 15.0 27000.0 11 11 14 12 15 12 15 13 15 16 
u75_010_simulated.txt 15.0 27000.0 19 18 14 19 15 17 14 12 17 12 
u100_01_simulated.txt 15.0 27000.0 24 23 26 25 22 24 22 27 24 26 
u100_02_simulated.txt 15.0 27000.0 24 28 24 28 29 25 25 26 27 26 
u100_03_simulated.txt 15.0 27000.0 31 26 24 24 26 26 23 22 21 23 
u100_04_simulated.txt 15.0 27000.0 17 22 22 18 19 21 21 24 18 27 
u100_05_simulated.txt 15.0 27000.0 17 19 25 20 17 21 19 19 19 15 
u100_06_simulated.txt 15.0 27000.0 20 20 18 18 19 20 18 18 17 17 
u100_07_simulated.txt 15.0 27000.0 33 33 28 36 39 36 33 34 37 33 
u100_08_simulated.txt 15.0 27000.0 12 18 15 16 15 18 17 13 19 16 
u100_09_simulated.txt 15.0 27000.0 20 19 24 19 26 21 24 17 18 23 
u100_010_simulated.txt 15.0 27000.0 34 36 36 35 30 38 35 33 31 36 
u25_01_simulated.txt 15.0 54000.0 1 1 1 1 1 1 1 1 1 1 
u25_02_simulated.txt 15.0 54000.0 1 1 0 1 1 1 1 1 1 1 
u25_03_simulated.txt 15.0 54000.0 0 1 1 1 1 1 0 1 1 1 
u25_04_simulated.txt 15.0 54000.0 1 1 2 2 2 3 2 1 1 1 
u25_05_simulated.txt 15.0 54000.0 2 3 4 2 3 2 2 3 2 3 
u25_06_simulated.txt 15.0 54000.0 0 0 0 0 0 0 0 0 0 0 
u25_07_simulated.txt 15.0 54000.0 3 2 3 3 3 2 3 3 3 4 
u25_08_simulated.txt 15.0 54000.0 0 0 0 0 0 0 0 0 0 0 
u25_09_simulated.txt 15.0 54000.0 2 2 2 2 2 2 2 2 2 2 
u25_010_simulated.txt 15.0 54000.0 2 2 2 3 2 2 1 2 3 2 
u50_01_simulated.txt 15.0 54000.0 3 3 5 3 4 3 4 5 4 4 
u50_02_simulated.txt 15.0 54000.0 8 8 10 9 9 9 6 6 6 14 
u50_03_simulated.txt 15.0 54000.0 4 6 6 6 6 6 5 6 7 5 
u50_04_simulated.txt 15.0 54000.0 5 5 5 5 5 7 6 5 6 5 
u50_05_simulated.txt 15.0 54000.0 0 0 0 0 0 1 0 0 0 0 
u50_06_simulated.txt 15.0 54000.0 4 5 4 4 4 4 5 4 4 4 
u50_07_simulated.txt 15.0 54000.0 1 1 4 1 3 4 1 1 3 4 
u50_08_simulated.txt 15.0 54000.0 0 1 2 3 0 2 1 2 2 1 
u50_09_simulated.txt 15.0 54000.0 3 5 3 1 4 2 2 2 3 2 
u50_010_simulated.txt 15.0 54000.0 1 1 1 2 2 1 1 1 1 2 
u75_01_simulated.txt 15.0 54000.0 13 14 12 15 13 14 15 14 12 12 
u75_02_simulated.txt 15.0 54000.0 5 7 5 6 6 4 5 4 8 4 
u75_03_simulated.txt 15.0 54000.0 5 6 5 5 5 6 5 5 5 5 
u75_04_simulated.txt 15.0 54000.0 14 13 11 13 16 16 16 16 20 12 
u75_05_simulated.txt 15.0 54000.0 10 12 11 11 13 12 9 13 11 14 
u75_06_simulated.txt 15.0 54000.0 8 11 9 11 8 11 9 9 11 13 
u75_07_simulated.txt 15.0 54000.0 7 11 12 13 6 12 7 7 6 8 
u75_08_simulated.txt 15.0 54000.0 5 5 6 7 4 6 8 6 9 6 
u75_09_simulated.txt 15.0 54000.0 14 11 14 11 14 13 8 8 13 6 
u75_010_simulated.txt 15.0 54000.0 11 13 12 14 18 9 12 12 14 16 
u100_01_simulated.txt 15.0 54000.0 17 16 24 19 18 20 19 20 19 17 
u100_02_simulated.txt 15.0 54000.0 20 22 20 24 19 21 24 20 24 22 
u100_03_simulated.txt 15.0 54000.0 20 18 22 20 19 24 22 22 13 24 
u100_04_simulated.txt 15.0 54000.0 14 11 15 15 16 12 12 14 13 14 
u100_05_simulated.txt 15.0 54000.0 13 12 11 13 11 15 12 12 12 11 
u100_06_simulated.txt 15.0 54000.0 13 12 17 14 17 15 17 15 14 13 
u100_07_simulated.txt 15.0 54000.0 29 26 27 23 23 25 29 29 28 28 
u100_08_simulated.txt 15.0 54000.0 12 13 12 10 11 10 16 14 14 14 
u100_09_simulated.txt 15.0 54000.0 17 18 14 15 15 16 13 15 15 13 
u100_010_simulated.txt 15.0 54000.0 29 30 32 31 28 33 31 27 25 29 
u25_01_simulated.txt 15.0 81000.0 0 0 0 0 0 0 0 0 0 0 
u25_02_simulated.txt 15.0 81000.0 1 1 2 1 0 1 1 1 1 1 
u25_03_simulated.txt 15.0 81000.0 0 1 1 0 0 0 0 0 0 1 
u25_04_simulated.txt 15.0 81000.0 1 1 1 1 1 1 1 1 1 1 
u25_05_simulated.txt 15.0 81000.0 1 1 1 1 1 1 1 1 1 1 
u25_06_simulated.txt 15.0 81000.0 0 0 0 0 0 0 0 0 0 0 
u25_07_simulated.txt 15.0 81000.0 0 0 3 0 2 2 1 1 3 0 
u25_08_simulated.txt 15.0 81000.0 0 0 0 0 0 0 0 0 0 0 
u25_09_simulated.txt 15.0 81000.0 0 0 0 0 0 0 0 0 0 0 
u25_010_simulated.txt 15.0 81000.0 2 1 2 2 2 1 1 1 1 1 
u50_01_simulated.txt 15.0 81000.0 3 2 2 3 2 2 3 2 2 3 
u50_02_simulated.txt 15.0 81000.0 4 10 5 4 5 5 9 6 4 5 
u50_03_simulated.txt 15.0 81000.0 5 4 4 4 5 5 6 4 5 4 
u50_04_simulated.txt 15.0 81000.0 2 2 3 2 2 3 4 3 3 2 
u50_05_simulated.txt 15.0 81000.0 0 0 0 0 0 0 0 0 0 0 
u50_06_simulated.txt 15.0 81000.0 4 3 4 4 3 4 4 4 3 4 
u50_07_simulated.txt 15.0 81000.0 3 3 3 3 3 3 3 3 3 3 
u50_08_simulated.txt 15.0 81000.0 2 2 2 0 1 2 1 2 2 0 
u50_09_simulated.txt 15.0 81000.0 4 4 4 4 4 7 6 4 4 4 
u50_010_simulated.txt 15.0 81000.0 2 2 2 2 2 2 2 2 3 2 
u75_01_simulated.txt 15.0 81000.0 11 12 13 13 11 12 13 13 13 11 
u75_02_simulated.txt 15.0 81000.0 3 5 3 3 3 4 3 5 2 3 
u75_03_simulated.txt 15.0 81000.0 6 5 6 6 6 5 6 7 6 5 
u75_04_simulated.txt 15.0 81000.0 13 13 12 10 11 14 11 15 13 13 
u75_05_simulated.txt 15.0 81000.0 13 11 12 11 11 11 12 12 12 11 
u75_06_simulated.txt 15.0 81000.0 7 7 10 12 11 8 10 7 10 10 
u75_07_simulated.txt 15.0 81000.0 1 1 1 1 6 5 8 1 1 6 
u75_08_simulated.txt 15.0 81000.0 9 4 4 12 8 8 9 8 8 4 
u75_09_simulated.txt 15.0 81000.0 14 13 13 7 17 12 13 9 6 12 
u75_010_simulated.txt 15.0 81000.0 9 11 10 11 11 12 14 11 14 11 
u100_01_simulated.txt 15.0 81000.0 17 21 19 16 15 14 14 14 15 12 
u100_02_simulated.txt 15.0 81000.0 24 15 23 21 16 21 23 24 21 19 
u100_03_simulated.txt 15.0 81000.0 17 18 14 20 18 16 20 19 20 17 
u100_04_simulated.txt 15.0 81000.0 13 15 11 11 12 13 11 13 19 12 
u100_05_simulated.txt 15.0 81000.0 9 11 8 8 8 9 10 8 12 13 
u100_06_simulated.txt 15.0 81000.0 16 16 14 14 13 16 16 17 18 13 
u100_07_simulated.txt 15.0 81000.0 25 25 23 27 27 29 28 26 34 24 
u100_08_simulated.txt 15.0 81000.0 12 11 7 15 14 12 10 7 11 14 
u100_09_simulated.txt 15.0 81000.0 8 17 15 13 11 13 14 13 10 17 
u100_010_simulated.txt 15.0 81000.0 24 26 32 30 30 23 30 24 30 30 
u25_01_simulated.txt 15.0 108000.0 0 0 0 0 0 0 0 0 0 0 
u25_02_simulated.txt 15.0 108000.0 0 0 0 0 0 0 0 0 0 0 
u25_03_simulated.txt 15.0 108000.0 0 0 0 0 0 0 0 0 0 0 
u25_04_simulated.txt 15.0 108000.0 1 1 1 0 1 1 1 0 0 0 
u25_05_simulated.txt 15.0 108000.0 0 0 0 0 0 0 0 0 0 0 
u25_06_simulated.txt 15.0 108000.0 0 0 0 0 0 0 0 0 0 0 
u25_07_simulated.txt 15.0 108000.0 1 2 2 2 1 2 1 0 2 1 
u25_08_simulated.txt 15.0 108000.0 0 0 0 0 0 0 0 0 0 0 
u25_09_simulated.txt 15.0 108000.0 0 0 0 0 0 0 0 0 0 0 
u25_010_simulated.txt 15.0 108000.0 1 1 0 1 1 1 1 1 1 1 
u50_01_simulated.txt 15.0 108000.0 3 2 3 3 2 3 3 4 2 3 
u50_02_simulated.txt 15.0 108000.0 5 6 5 6 4 6 6 5 6 4 
u50_03_simulated.txt 15.0 108000.0 2 2 1 2 1 2 2 1 1 2 
u50_04_simulated.txt 15.0 108000.0 4 0 0 0 0 0 0 0 0 0 
u50_05_simulated.txt 15.0 108000.0 0 0 0 0 0 0 0 0 0 0 
u50_06_simulated.txt 15.0 108000.0 1 1 1 1 2 1 2 2 1 2 
u50_07_simulated.txt 15.0 108000.0 1 1 1 1 1 1 1 1 1 1 
u50_08_simulated.txt 15.0 108000.0 0 0 0 0 0 0 0 0 0 0 
u50_09_simulated.txt 15.0 108000.0 2 3 1 2 2 2 3 2 1 3 
u50_010_simulated.txt 15.0 108000.0 3 2 4 2 2 3 3 3 2 3 
u75_01_simulated.txt 15.0 108000.0 13 9 5 10 5 9 11 8 10 10 
u75_02_simulated.txt 15.0 108000.0 4 4 4 9 3 4 3 4 4 3 
u75_03_simulated.txt 15.0 108000.0 5 3 3 5 4 5 7 5 3 5 
u75_04_simulated.txt 15.0 108000.0 13 14 11 12 12 12 11 12 10 13 
u75_05_simulated.txt 15.0 108000.0 12 14 14 12 9 16 11 11 11 8 
u75_06_simulated.txt 15.0 108000.0 5 10 8 8 6 13 4 8 5 9 
u75_07_simulated.txt 15.0 108000.0 2 4 1 2 2 2 2 1 1 1 
u75_08_simulated.txt 15.0 108000.0 7 6 6 7 6 6 5 6 7 5 
u75_09_simulated.txt 15.0 108000.0 12 13 10 12 10 9 8 10 11 10 
u75_010_simulated.txt 15.0 108000.0 12 10 10 11 7 9 13 8 8 8 
u100_01_simulated.txt 15.0 108000.0 13 15 13 15 14 14 16 16 15 16 
u100_02_simulated.txt 15.0 108000.0 20 24 18 21 20 18 20 20 24 19 
u100_03_simulated.txt 15.0 108000.0 16 14 15 16 15 12 20 13 12 17 
u100_04_simulated.txt 15.0 108000.0 14 12 9 10 10 10 9 9 11 8 
u100_05_simulated.txt 15.0 108000.0 22 10 15 12 13 10 11 9 18 12 
u100_06_simulated.txt 15.0 108000.0 13 11 11 9 10 10 12 11 10 11 
u100_07_simulated.txt 15.0 108000.0 20 27 27 22 27 21 21 23 27 19 
u100_08_simulated.txt 15.0 108000.0 10 12 13 7 15 12 14 13 12 12 
u100_09_simulated.txt 15.0 108000.0 14 10 8 10 10 16 15 15 13 10 
u100_010_simulated.txt 15.0 108000.0 27 24 23 23 21 26 26 26 25 26 
u25_01_simulated.txt 20.0 13500.0 4 4 3 2 3 3 3 3 3 3 
u25_02_simulated.txt 20.0 13500.0 4 6 5 3 4 4 4 3 6 4 
u25_03_simulated.txt 20.0 13500.0 6 5 4 5 6 5 5 7 7 5 
u25_04_simulated.txt 20.0 13500.0 5 5 5 4 6 4 4 3 5 3 
u25_05_simulated.txt 20.0 13500.0 8 7 6 8 4 9 7 7 7 8 
u25_06_simulated.txt 20.0 13500.0 0 0 0 0 0 0 0 0 0 0 
u25_07_simulated.txt 20.0 13500.0 5 7 6 6 6 5 7 5 6 7 
u25_08_simulated.txt 20.0 13500.0 0 0 0 0 0 0 0 0 0 0 
u25_09_simulated.txt 20.0 13500.0 3 5 6 4 2 4 4 4 5 5 
u25_010_simulated.txt 20.0 13500.0 3 4 4 5 4 3 4 6 5 4 
u50_01_simulated.txt 20.0 13500.0 7 9 7 8 8 9 9 7 8 6 
u50_02_simulated.txt 20.0 13500.0 15 13 15 12 15 13 14 13 13 11 
u50_03_simulated.txt 20.0 13500.0 8 9 9 11 9 7 7 10 7 8 
u50_04_simulated.txt 20.0 13500.0 9 9 6 8 8 8 6 10 8 8 
u50_05_simulated.txt 20.0 13500.0 6 7 5 6 6 7 7 5 6 7 
u50_06_simulated.txt 20.0 13500.0 6 5 7 5 8 7 6 9 8 4 
u50_07_simulated.txt 20.0 13500.0 8 6 7 6 6 6 7 8 6 7 
u50_08_simulated.txt 20.0 13500.0 3 2 4 4 3 3 5 3 3 3 
u50_09_simulated.txt 20.0 13500.0 11 10 10 9 10 10 12 12 10 12 
u50_010_simulated.txt 20.0 13500.0 5 6 5 5 5 6 5 5 5 5 
u75_01_simulated.txt 20.0 13500.0 21 20 20 22 21 20 18 18 19 20 
u75_02_simulated.txt 20.0 13500.0 15 13 11 15 13 12 17 15 15 10 
u75_03_simulated.txt 20.0 13500.0 10 14 16 16 12 16 14 15 15 13 
u75_04_simulated.txt 20.0 13500.0 26 20 21 23 20 21 22 24 20 20 
u75_05_simulated.txt 20.0 13500.0 23 24 18 21 21 22 25 21 20 19 
u75_06_simulated.txt 20.0 13500.0 19 19 21 19 20 20 20 19 20 18 
u75_07_simulated.txt 20.0 13500.0 14 12 14 14 16 15 14 13 13 14 
u75_08_simulated.txt 20.0 13500.0 18 16 19 19 20 17 14 17 17 17 
u75_09_simulated.txt 20.0 13500.0 22 19 18 19 22 19 20 20 19 16 
u75_010_simulated.txt 20.0 13500.0 20 21 21 22 22 23 21 23 25 22 
u100_01_simulated.txt 20.0 13500.0 29 30 31 30 32 33 30 31 28 30 
u100_02_simulated.txt 20.0 13500.0 30 32 33 33 32 27 31 33 32 29 
u100_03_simulated.txt 20.0 13500.0 30 36 34 34 28 32 33 30 29 33 
u100_04_simulated.txt 20.0 13500.0 28 27 25 26 24 25 26 25 28 26 
u100_05_simulated.txt 20.0 13500.0 26 22 25 25 27 24 28 26 27 27 
u100_06_simulated.txt 20.0 13500.0 21 24 23 26 22 25 24 20 21 19 
u100_07_simulated.txt 20.0 13500.0 43 41 43 43 41 41 41 45 40 40 
u100_08_simulated.txt 20.0 13500.0 23 23 20 23 21 23 24 23 22 18 
u100_09_simulated.txt 20.0 13500.0 26 28 25 25 28 27 28 29 25 30 
u100_010_simulated.txt 20.0 13500.0 42 43 41 43 42 39 41 37 40 40 
u25_01_simulated.txt 20.0 27000.0 0 1 1 1 2 0 3 1 1 0 
u25_02_simulated.txt 20.0 27000.0 2 2 2 2 2 2 2 1 2 2 
u25_03_simulated.txt 20.0 27000.0 2 1 3 3 2 2 4 3 2 3 
u25_04_simulated.txt 20.0 27000.0 2 3 2 2 2 5 2 2 2 2 
u25_05_simulated.txt 20.0 27000.0 3 4 2 3 5 4 2 2 4 4 
u25_06_simulated.txt 20.0 27000.0 0 0 0 0 0 0 0 0 0 0 
u25_07_simulated.txt 20.0 27000.0 2 3 2 5 3 3 2 3 3 2 
u25_08_simulated.txt 20.0 27000.0 0 0 0 0 0 0 0 0 0 0 
u25_09_simulated.txt 20.0 27000.0 2 1 1 2 1 2 2 1 1 3 
u25_010_simulated.txt 20.0 27000.0 3 4 4 3 4 4 5 5 2 3 
u50_01_simulated.txt 20.0 27000.0 6 4 4 6 6 5 7 5 5 6 
u50_02_simulated.txt 20.0 27000.0 10 7 10 10 10 8 8 9 10 12 
u50_03_simulated.txt 20.0 27000.0 7 5 7 7 7 7 7 6 4 7 
u50_04_simulated.txt 20.0 27000.0 2 6 3 3 3 3 3 4 3 2 
u50_05_simulated.txt 20.0 27000.0 5 5 3 4 4 3 4 4 4 3 
u50_06_simulated.txt 20.0 27000.0 4 4 3 5 4 5 5 6 5 4 
u50_07_simulated.txt 20.0 27000.0 6 4 5 4 4 5 5 4 5 4 
u50_08_simulated.txt 20.0 27000.0 2 2 1 2 2 2 2 2 2 2 
u50_09_simulated.txt 20.0 27000.0 5 7 3 7 7 6 4 6 7 4 
u50_010_simulated.txt 20.0 27000.0 3 3 5 3 3 5 3 3 4 3 
u75_01_simulated.txt 20.0 27000.0 12 12 19 11 15 18 14 14 14 16 
u75_02_simulated.txt 20.0 27000.0 11 11 9 9 9 10 10 8 8 8 
u75_03_simulated.txt 20.0 27000.0 7 10 10 10 10 9 6 12 9 10 
u75_04_simulated.txt 20.0 27000.0 15 17 19 19 16 17 15 15 18 18 
u75_05_simulated.txt 20.0 27000.0 14 14 15 15 14 16 16 15 14 20 
u75_06_simulated.txt 20.0 27000.0 14 16 14 14 16 14 17 13 12 12 
u75_07_simulated.txt 20.0 27000.0 11 12 12 12 12 13 12 11 11 11 
u75_08_simulated.txt 20.0 27000.0 10 9 8 9 12 9 12 10 12 9 
u75_09_simulated.txt 20.0 27000.0 13 16 12 13 15 10 15 15 15 17 
u75_010_simulated.txt 20.0 27000.0 16 14 15 14 13 10 13 17 16 17 
u100_01_simulated.txt 20.0 27000.0 22 26 22 18 22 20 21 22 22 22 
u100_02_simulated.txt 20.0 27000.0 27 25 21 25 23 25 22 24 22 23 
u100_03_simulated.txt 20.0 27000.0 23 21 23 25 20 21 22 20 20 25 
u100_04_simulated.txt 20.0 27000.0 21 17 19 17 15 16 19 18 20 16 
u100_05_simulated.txt 20.0 27000.0 15 14 15 14 14 18 13 18 17 17 
u100_06_simulated.txt 20.0 27000.0 24 17 18 22 14 18 15 19 15 14 
u100_07_simulated.txt 20.0 27000.0 34 27 33 26 27 25 36 34 31 32 
u100_08_simulated.txt 20.0 27000.0 12 12 14 15 17 14 13 14 14 14 
u100_09_simulated.txt 20.0 27000.0 18 17 18 20 17 20 22 19 19 21 
u100_010_simulated.txt 20.0 27000.0 35 37 31 33 36 32 25 31 36 35 
u25_01_simulated.txt 20.0 54000.0 1 1 1 1 1 1 1 1 1 1 
u25_02_simulated.txt 20.0 54000.0 1 1 1 1 1 0 1 1 1 1 
u25_03_simulated.txt 20.0 54000.0 1 1 1 0 1 1 1 1 1 0 
u25_04_simulated.txt 20.0 54000.0 1 2 1 1 1 2 1 2 1 2 
u25_05_simulated.txt 20.0 54000.0 4 6 2 2 2 2 3 5 2 2 
u25_06_simulated.txt 20.0 54000.0 0 0 0 0 0 0 0 0 0 0 
u25_07_simulated.txt 20.0 54000.0 3 3 2 2 3 3 3 4 4 3 
u25_08_simulated.txt 20.0 54000.0 0 0 0 0 0 0 0 0 0 0 
u25_09_simulated.txt 20.0 54000.0 2 2 2 2 1 2 2 2 2 2 
u25_010_simulated.txt 20.0 54000.0 4 2 1 1 2 2 2 1 2 2 
u50_01_simulated.txt 20.0 54000.0 3 3 3 3 3 4 3 3 3 3 
u50_02_simulated.txt 20.0 54000.0 8 9 9 9 7 9 6 10 9 7 
u50_03_simulated.txt 20.0 54000.0 6 7 5 7 6 5 6 5 5 6 
u50_04_simulated.txt 20.0 54000.0 4 5 5 4 4 4 4 4 5 4 
u50_05_simulated.txt 20.0 54000.0 0 0 0 1 0 0 0 0 0 0 
u50_06_simulated.txt 20.0 54000.0 4 4 4 4 4 4 4 5 4 5 
u50_07_simulated.txt 20.0 54000.0 2 3 4 3 3 3 3 4 4 3 
u50_08_simulated.txt 20.0 54000.0 0 1 2 0 2 2 0 0 0 2 
u50_09_simulated.txt 20.0 54000.0 2 3 2 4 2 2 1 2 2 3 
u50_010_simulated.txt 20.0 54000.0 1 1 2 1 1 1 1 1 1 1 
u75_01_simulated.txt 20.0 54000.0 12 15 11 10 12 11 12 11 10 10 
u75_02_simulated.txt 20.0 54000.0 5 5 5 6 7 4 7 7 6 5 
u75_03_simulated.txt 20.0 54000.0 5 5 5 2 5 5 5 5 6 4 
u75_04_simulated.txt 20.0 54000.0 13 10 11 10 11 12 12 14 11 11 
u75_05_simulated.txt 20.0 54000.0 12 12 10 8 13 9 13 14 13 11 
u75_06_simulated.txt 20.0 54000.0 11 15 10 13 14 12 11 11 10 11 
u75_07_simulated.txt 20.0 54000.0 12 7 8 4 6 7 11 10 5 9 
u75_08_simulated.txt 20.0 54000.0 6 5 4 7 4 5 5 5 4 5 
u75_09_simulated.txt 20.0 54000.0 12 16 14 13 10 11 16 12 14 11 
u75_010_simulated.txt 20.0 54000.0 14 12 12 11 15 10 13 10 15 12 
u100_01_simulated.txt 20.0 54000.0 14 17 13 14 14 18 16 16 11 13 
u100_02_simulated.txt 20.0 54000.0 24 21 19 18 21 19 21 18 20 23 
u100_03_simulated.txt 20.0 54000.0 13 17 17 12 18 17 18 15 24 21 
u100_04_simulated.txt 20.0 54000.0 11 17 13 10 13 11 8 11 13 11 
u100_05_simulated.txt 20.0 54000.0 11 11 12 11 13 13 11 12 12 12 
u100_06_simulated.txt 20.0 54000.0 13 15 14 14 13 18 12 12 13 12 
u100_07_simulated.txt 20.0 54000.0 25 26 23 20 23 25 28 22 25 26 
u100_08_simulated.txt 20.0 54000.0 13 13 15 9 11 12 13 10 11 15 
u100_09_simulated.txt 20.0 54000.0 12 11 14 10 14 13 16 20 10 11 
u100_010_simulated.txt 20.0 54000.0 30 31 22 26 24 27 26 20 24 24 
u25_01_simulated.txt 20.0 81000.0 0 0 0 0 0 0 0 0 0 0 
u25_02_simulated.txt 20.0 81000.0 1 1 1 2 2 1 1 1 1 1 
u25_03_simulated.txt 20.0 81000.0 0 0 0 0 0 1 0 1 0 0 
u25_04_simulated.txt 20.0 81000.0 1 1 1 1 1 1 1 1 1 1 
u25_05_simulated.txt 20.0 81000.0 1 1 1 1 1 1 1 1 1 1 
u25_06_simulated.txt 20.0 81000.0 0 0 0 0 0 0 0 0 0 0 
u25_07_simulated.txt 20.0 81000.0 2 0 1 2 0 0 2 0 2 0 
u25_08_simulated.txt 20.0 81000.0 0 0 0 0 0 0 0 0 0 0 
u25_09_simulated.txt 20.0 81000.0 0 0 0 0 0 0 0 0 0 0 
u25_010_simulated.txt 20.0 81000.0 1 1 1 1 1 1 1 2 1 1 
u50_01_simulated.txt 20.0 81000.0 2 2 2 1 3 2 1 2 3 2 
u50_02_simulated.txt 20.0 81000.0 6 7 4 7 6 7 7 6 9 4 
u50_03_simulated.txt 20.0 81000.0 4 5 4 4 4 4 4 4 4 5 
u50_04_simulated.txt 20.0 81000.0 3 1 2 2 2 2 2 3 3 3 
u50_05_simulated.txt 20.0 81000.0 0 0 0 0 0 0 0 0 0 0 
u50_06_simulated.txt 20.0 81000.0 3 4 4 3 3 3 3 3 3 3 
u50_07_simulated.txt 20.0 81000.0 3 3 3 3 3 3 3 3 3 3 
u50_08_simulated.txt 20.0 81000.0 2 1 2 2 1 1 1 2 1 2 
u50_09_simulated.txt 20.0 81000.0 3 4 4 4 4 3 4 4 3 4 
u50_010_simulated.txt 20.0 81000.0 2 1 1 2 1 1 2 1 2 1 
u75_01_simulated.txt 20.0 81000.0 13 7 10 11 13 11 12 10 11 11 
u75_02_simulated.txt 20.0 81000.0 3 3 3 3 3 2 3 4 3 3 
u75_03_simulated.txt 20.0 81000.0 4 5 5 4 4 4 4 3 4 4 
u75_04_simulated.txt 20.0 81000.0 13 15 12 15 11 10 14 11 12 10 
u75_05_simulated.txt 20.0 81000.0 13 6 13 7 11 11 7 13 11 13 
u75_06_simulated.txt 20.0 81000.0 8 7 7 7 4 5 6 8 7 7 
u75_07_simulated.txt 20.0 81000.0 5 6 5 5 3 5 5 5 3 1 
u75_08_simulated.txt 20.0 81000.0 8 8 9 8 4 8 9 9 8 10 
u75_09_simulated.txt 20.0 81000.0 16 11 11 7 13 11 12 12 11 12 
u75_010_simulated.txt 20.0 81000.0 9 12 12 10 10 12 14 10 12 8 
u100_01_simulated.txt 20.0 81000.0 14 13 14 17 15 13 17 13 16 13 
u100_02_simulated.txt 20.0 81000.0 17 15 18 22 19 21 20 19 21 17 
u100_03_simulated.txt 20.0 81000.0 13 17 17 18 14 17 17 16 20 11 
u100_04_simulated.txt 20.0 81000.0 14 15 12 13 9 17 11 13 11 12 
u100_05_simulated.txt 20.0 81000.0 7 7 9 8 8 7 7 9 10 8 
u100_06_simulated.txt 20.0 81000.0 15 13 14 13 15 14 15 11 14 15 
u100_07_simulated.txt 20.0 81000.0 21 19 22 30 20 25 17 14 22 21 
u100_08_simulated.txt 20.0 81000.0 9 12 11 14 11 6 10 15 10 11 
u100_09_simulated.txt 20.0 81000.0 10 12 10 9 9 10 16 20 15 11 
u100_010_simulated.txt 20.0 81000.0 22 27 30 25 23 27 29 27 26 22 
u25_01_simulated.txt 20.0 108000.0 0 0 0 0 0 0 0 0 0 0 
u25_02_simulated.txt 20.0 108000.0 0 0 0 0 0 0 0 0 0 0 
u25_03_simulated.txt 20.0 108000.0 0 0 0 0 0 0 0 0 0 0 
u25_04_simulated.txt 20.0 108000.0 0 1 0 1 1 1 0 0 0 1 
u25_05_simulated.txt 20.0 108000.0 0 0 0 0 0 0 0 0 0 0 
u25_06_simulated.txt 20.0 108000.0 0 0 0 0 0 0 0 0 0 0 
u25_07_simulated.txt 20.0 108000.0 1 1 1 1 2 1 1 1 1 2 
u25_08_simulated.txt 20.0 108000.0 0 0 0 0 0 0 0 0 0 0 
u25_09_simulated.txt 20.0 108000.0 0 0 0 0 0 0 0 0 0 0 
u25_010_simulated.txt 20.0 108000.0 1 1 1 1 1 1 1 1 1 1 
u50_01_simulated.txt 20.0 108000.0 3 3 3 3 4 3 3 3 3 3 
u50_02_simulated.txt 20.0 108000.0 7 5 6 7 5 4 5 8 7 6 
u50_03_simulated.txt 20.0 108000.0 1 1 2 2 2 2 1 1 1 1 
u50_04_simulated.txt 20.0 108000.0 0 0 0 0 0 0 0 0 0 0 
u50_05_simulated.txt 20.0 108000.0 0 0 0 0 0 0 0 0 0 0 
u50_06_simulated.txt 20.0 108000.0 2 1 2 1 1 1 2 2 1 2 
u50_07_simulated.txt 20.0 108000.0 1 1 1 1 1 1 1 2 1 2 
u50_08_simulated.txt 20.0 108000.0 0 0 0 0 0 0 0 0 0 0 
u50_09_simulated.txt 20.0 108000.0 2 2 2 2 2 4 2 2 2 2 
u50_010_simulated.txt 20.0 108000.0 3 2 4 2 2 3 1 2 2 3 
u75_01_simulated.txt 20.0 108000.0 13 8 7 8 7 9 9 7 8 12 
u75_02_simulated.txt 20.0 108000.0 3 3 3 4 3 3 4 3 3 3 
u75_03_simulated.txt 20.0 108000.0 5 3 4 3 3 3 6 3 4 5 
u75_04_simulated.txt 20.0 108000.0 12 10 11 8 11 7 7 10 10 9 
u75_05_simulated.txt 20.0 108000.0 12 13 12 12 10 10 11 13 13 10 
u75_06_simulated.txt 20.0 108000.0 6 7 7 7 14 6 10 11 7 7 
u75_07_simulated.txt 20.0 108000.0 4 2 3 3 2 3 2 3 2 2 
u75_08_simulated.txt 20.0 108000.0 5 7 6 6 6 5 5 6 7 6 
u75_09_simulated.txt 20.0 108000.0 10 7 10 11 8 7 11 10 5 10 
u75_010_simulated.txt 20.0 108000.0 13 10 13 11 8 8 11 9 12 9 
u100_01_simulated.txt 20.0 108000.0 14 12 10 15 15 11 13 14 11 13 
u100_02_simulated.txt 20.0 108000.0 18 19 17 21 20 21 23 22 21 19 
u100_03_simulated.txt 20.0 108000.0 12 9 12 14 15 11 9 8 11 16 
u100_04_simulated.txt 20.0 108000.0 5 11 10 11 11 12 11 7 11 9 
u100_05_simulated.txt 20.0 108000.0 11 9 11 10 9 9 8 9 11 11 
u100_06_simulated.txt 20.0 108000.0 8 9 8 9 8 10 9 9 9 9 
u100_07_simulated.txt 20.0 108000.0 21 24 20 17 19 21 19 23 21 21 
u100_08_simulated.txt 20.0 108000.0 12 9 8 16 11 11 10 10 11 12 
u100_09_simulated.txt 20.0 108000.0 17 9 11 8 10 9 15 11 15 8 
u100_010_simulated.txt 20.0 108000.0 19 22 17 14 18 20 17 18 19 24 
u25_01_simulated.txt 25.0 13500.0 4 2 3 3 2 3 3 2 2 4 
u25_02_simulated.txt 25.0 13500.0 3 3 7 3 4 5 5 3 3 4 
u25_03_simulated.txt 25.0 13500.0 6 5 6 5 3 3 5 4 6 4 
u25_04_simulated.txt 25.0 13500.0 6 3 6 4 4 5 4 4 4 5 
u25_05_simulated.txt 25.0 13500.0 8 6 5 8 6 7 9 9 7 9 
u25_06_simulated.txt 25.0 13500.0 0 0 0 0 0 0 0 0 0 0 
u25_07_simulated.txt 25.0 13500.0 5 5 6 6 5 5 5 6 7 5 
u25_08_simulated.txt 25.0 13500.0 0 0 0 0 0 0 0 0 0 0 
u25_09_simulated.txt 25.0 13500.0 5 3 3 3 3 3 3 6 5 4 
u25_010_simulated.txt 25.0 13500.0 4 4 4 5 5 5 5 5 6 5 
u50_01_simulated.txt 25.0 13500.0 8 7 7 8 8 6 5 7 9 6 
u50_02_simulated.txt 25.0 13500.0 14 15 13 13 11 15 13 14 15 15 
u50_03_simulated.txt 25.0 13500.0 10 8 9 10 10 8 9 10 9 9 
u50_04_simulated.txt 25.0 13500.0 5 7 7 8 7 6 7 8 8 7 
u50_05_simulated.txt 25.0 13500.0 6 7 5 6 7 6 6 6 5 7 
u50_06_simulated.txt 25.0 13500.0 5 6 7 8 4 6 7 8 7 8 
u50_07_simulated.txt 25.0 13500.0 7 7 7 7 7 7 6 8 8 8 
u50_08_simulated.txt 25.0 13500.0 4 5 3 2 4 5 3 5 3 3 
u50_09_simulated.txt 25.0 13500.0 9 9 9 10 10 11 12 8 13 12 
u50_010_simulated.txt 25.0 13500.0 5 4 6 4 7 5 5 5 6 5 
u75_01_simulated.txt 25.0 13500.0 21 21 19 20 20 21 19 20 20 19 
u75_02_simulated.txt 25.0 13500.0 12 14 15 10 12 15 14 12 12 11 
u75_03_simulated.txt 25.0 13500.0 14 15 14 13 14 14 14 16 16 13 
u75_04_simulated.txt 25.0 13500.0 21 21 21 20 21 22 19 19 19 22 
u75_05_simulated.txt 25.0 13500.0 20 18 22 20 19 19 21 19 21 23 
u75_06_simulated.txt 25.0 13500.0 19 18 20 18 19 20 18 18 20 17 
u75_07_simulated.txt 25.0 13500.0 14 14 17 16 15 15 14 15 14 13 
u75_08_simulated.txt 25.0 13500.0 19 19 17 16 15 18 14 15 18 18 
u75_09_simulated.txt 25.0 13500.0 21 20 18 18 19 22 20 15 19 20 
u75_010_simulated.txt 25.0 13500.0 20 20 22 23 20 21 19 23 21 21 
u100_01_simulated.txt 25.0 13500.0 31 30 31 31 30 30 30 30 31 30 
u100_02_simulated.txt 25.0 13500.0 30 29 30 34 30 31 32 31 32 31 
u100_03_simulated.txt 25.0 13500.0 29 28 31 30 30 33 32 34 34 30 
u100_04_simulated.txt 25.0 13500.0 24 25 26 24 24 27 29 24 24 26 
u100_05_simulated.txt 25.0 13500.0 29 27 23 25 24 22 23 28 22 24 
u100_06_simulated.txt 25.0 13500.0 25 21 21 25 22 26 19 22 19 26 
u100_07_simulated.txt 25.0 13500.0 41 38 42 42 42 40 41 42 41 42 
u100_08_simulated.txt 25.0 13500.0 22 18 22 20 23 23 19 22 18 16 
u100_09_simulated.txt 25.0 13500.0 29 29 25 32 29 25 28 27 27 26 
u100_010_simulated.txt 25.0 13500.0 42 43 43 40 42 35 40 41 39 39 
u25_01_simulated.txt 25.0 27000.0 0 0 2 0 1 0 1 1 0 0 
u25_02_simulated.txt 25.0 27000.0 2 1 2 3 1 3 1 1 2 2 
u25_03_simulated.txt 25.0 27000.0 2 2 3 2 2 2 3 3 3 2 
u25_04_simulated.txt 25.0 27000.0 2 3 3 2 3 2 2 2 5 2 
u25_05_simulated.txt 25.0 27000.0 3 3 2 4 2 3 2 3 3 2 
u25_06_simulated.txt 25.0 27000.0 0 0 0 0 0 0 0 0 0 0 
u25_07_simulated.txt 25.0 27000.0 2 4 4 4 4 2 3 2 3 2 
u25_08_simulated.txt 25.0 27000.0 0 0 0 0 0 0 0 0 0 0 
u25_09_simulated.txt 25.0 27000.0 1 2 2 3 2 2 2 2 3 2 
u25_010_simulated.txt 25.0 27000.0 3 3 2 3 5 3 3 4 3 2 
u50_01_simulated.txt 25.0 27000.0 6 6 4 5 6 6 5 5 6 5 
u50_02_simulated.txt 25.0 27000.0 7 9 9 10 8 10 9 9 8 7 
u50_03_simulated.txt 25.0 27000.0 7 7 4 7 5 6 8 7 7 6 
u50_04_simulated.txt 25.0 27000.0 4 4 4 2 4 2 4 3 2 2 
u50_05_simulated.txt 25.0 27000.0 3 3 4 2 2 2 4 4 4 3 
u50_06_simulated.txt 25.0 27000.0 4 5 5 4 3 4 4 3 4 4 
u50_07_simulated.txt 25.0 27000.0 4 4 4 4 5 5 5 5 5 4 
u50_08_simulated.txt 25.0 27000.0 2 2 3 2 2 2 2 2 2 2 
u50_09_simulated.txt 25.0 27000.0 6 9 7 7 7 7 7 9 6 7 
u50_010_simulated.txt 25.0 27000.0 4 3 3 3 3 3 3 5 4 3 
u75_01_simulated.txt 25.0 27000.0 17 13 14 13 15 19 15 12 11 13 
u75_02_simulated.txt 25.0 27000.0 10 8 10 10 9 10 10 10 9 10 
u75_03_simulated.txt 25.0 27000.0 9 11 9 8 8 10 10 8 6 6 
u75_04_simulated.txt 25.0 27000.0 16 15 16 13 15 13 14 13 16 16 
u75_05_simulated.txt 25.0 27000.0 14 17 15 15 15 16 16 16 16 13 
u75_06_simulated.txt 25.0 27000.0 14 15 14 16 14 8 14 16 15 12 
u75_07_simulated.txt 25.0 27000.0 12 13 11 12 14 12 13 12 12 11 
u75_08_simulated.txt 25.0 27000.0 9 12 13 9 11 10 9 10 11 9 
u75_09_simulated.txt 25.0 27000.0 12 17 15 10 14 12 12 12 14 10 
u75_010_simulated.txt 25.0 27000.0 14 14 15 13 13 15 13 12 13 15 
u100_01_simulated.txt 25.0 27000.0 19 22 18 23 19 20 24 22 18 18 
u100_02_simulated.txt 25.0 27000.0 23 25 23 21 23 27 19 21 23 23 
u100_03_simulated.txt 25.0 27000.0 21 22 22 21 22 17 22 22 23 22 
u100_04_simulated.txt 25.0 27000.0 18 18 17 17 16 19 16 19 21 18 
u100_05_simulated.txt 25.0 27000.0 21 14 14 18 17 16 13 19 14 12 
u100_06_simulated.txt 25.0 27000.0 14 17 15 16 15 15 14 14 17 21 
u100_07_simulated.txt 25.0 27000.0 28 31 36 29 26 34 33 29 28 29 
u100_08_simulated.txt 25.0 27000.0 13 16 14 13 14 16 13 15 13 15 
u100_09_simulated.txt 25.0 27000.0 16 17 17 16 15 19 16 17 19 18 
u100_010_simulated.txt 25.0 27000.0 33 30 33 31 30 31 30 32 30 33 
u25_01_simulated.txt 25.0 54000.0 1 1 1 1 1 1 1 1 1 1 
u25_02_simulated.txt 25.0 54000.0 1 1 1 1 1 1 1 1 1 1 
u25_03_simulated.txt 25.0 54000.0 1 1 1 1 1 1 1 1 1 1 
u25_04_simulated.txt 25.0 54000.0 1 1 2 2 2 1 1 2 2 1 
u25_05_simulated.txt 25.0 54000.0 2 2 2 2 2 2 2 3 2 2 
u25_06_simulated.txt 25.0 54000.0 0 0 0 0 0 0 0 0 0 0 
u25_07_simulated.txt 25.0 54000.0 4 4 3 3 3 3 3 3 2 4 
u25_08_simulated.txt 25.0 54000.0 0 0 0 0 0 0 0 0 0 0 
u25_09_simulated.txt 25.0 54000.0 2 2 2 2 2 2 2 2 2 2 
u25_010_simulated.txt 25.0 54000.0 2 1 2 2 2 2 1 2 2 2 
u50_01_simulated.txt 25.0 54000.0 3 2 4 3 4 2 4 4 4 3 
u50_02_simulated.txt 25.0 54000.0 7 9 8 7 9 7 9 9 7 6 
u50_03_simulated.txt 25.0 54000.0 6 7 3 2 2 7 6 6 4 5 
u50_04_simulated.txt 25.0 54000.0 4 4 4 3 4 4 4 4 3 3 
u50_05_simulated.txt 25.0 54000.0 0 0 0 0 0 0 0 0 0 0 
u50_06_simulated.txt 25.0 54000.0 4 4 6 4 5 4 2 5 4 2 
u50_07_simulated.txt 25.0 54000.0 3 3 3 3 2 2 3 3 3 3 
u50_08_simulated.txt 25.0 54000.0 2 0 0 0 0 0 0 0 0 0 
u50_09_simulated.txt 25.0 54000.0 1 3 2 2 5 2 2 3 2 1 
u50_010_simulated.txt 25.0 54000.0 1 2 1 2 1 1 1 1 2 2 
u75_01_simulated.txt 25.0 54000.0 11 13 10 9 13 15 12 14 11 6 
u75_02_simulated.txt 25.0 54000.0 4 4 5 7 7 4 4 4 5 9 
u75_03_simulated.txt 25.0 54000.0 5 5 5 4 3 5 2 5 5 4 
u75_04_simulated.txt 25.0 54000.0 10 10 10 11 10 12 10 11 9 10 
u75_05_simulated.txt 25.0 54000.0 10 13 9 12 9 10 10 13 13 11 
u75_06_simulated.txt 25.0 54000.0 11 8 6 10 10 9 7 11 11 9 
u75_07_simulated.txt 25.0 54000.0 7 4 5 9 8 5 8 8 7 8 
u75_08_simulated.txt 25.0 54000.0 5 6 6 5 5 6 5 4 5 5 
u75_09_simulated.txt 25.0 54000.0 12 10 9 9 12 14 10 10 10 12 
u75_010_simulated.txt 25.0 54000.0 13 10 13 10 17 14 14 13 13 10 
u100_01_simulated.txt 25.0 54000.0 9 13 19 14 12 10 14 12 15 12 
u100_02_simulated.txt 25.0 54000.0 19 19 18 19 19 23 15 19 18 19 
u100_03_simulated.txt 25.0 54000.0 15 20 12 11 12 19 16 16 12 16 
u100_04_simulated.txt 25.0 54000.0 20 11 11 11 9 12 13 10 13 15 
u100_05_simulated.txt 25.0 54000.0 10 17 10 11 11 12 11 11 11 11 
u100_06_simulated.txt 25.0 54000.0 10 12 10 12 11 14 11 15 11 15 
u100_07_simulated.txt 25.0 54000.0 19 23 26 23 23 21 21 20 26 21 
u100_08_simulated.txt 25.0 54000.0 11 15 11 11 11 10 12 13 13 11 
u100_09_simulated.txt 25.0 54000.0 14 11 12 13 13 14 16 16 16 16 
u100_010_simulated.txt 25.0 54000.0 24 24 22 25 26 28 25 18 22 24 
u25_01_simulated.txt 25.0 81000.0 0 0 0 0 0 0 0 0 0 0 
u25_02_simulated.txt 25.0 81000.0 1 1 1 2 2 1 1 1 1 1 
u25_03_simulated.txt 25.0 81000.0 0 0 1 0 0 0 0 0 0 0 
u25_04_simulated.txt 25.0 81000.0 1 1 1 1 1 1 1 1 1 1 
u25_05_simulated.txt 25.0 81000.0 1 1 1 1 1 1 1 1 1 1 
u25_06_simulated.txt 25.0 81000.0 0 0 0 0 0 0 0 0 0 0 
u25_07_simulated.txt 25.0 81000.0 2 2 2 0 2 2 2 1 3 1 
u25_08_simulated.txt 25.0 81000.0 0 0 0 0 0 0 0 0 0 0 
u25_09_simulated.txt 25.0 81000.0 0 0 0 0 0 0 0 0 0 0 
u25_010_simulated.txt 25.0 81000.0 0 1 0 1 1 0 1 1 1 0 
u50_01_simulated.txt 25.0 81000.0 1 2 1 1 3 2 1 1 2 2 
u50_02_simulated.txt 25.0 81000.0 7 4 6 5 5 6 3 5 7 5 
u50_03_simulated.txt 25.0 81000.0 4 5 4 4 4 4 4 5 4 4 
u50_04_simulated.txt 25.0 81000.0 2 2 3 2 3 2 2 3 3 3 
u50_05_simulated.txt 25.0 81000.0 0 0 0 0 0 0 0 0 0 0 
u50_06_simulated.txt 25.0 81000.0 3 4 3 3 4 3 4 2 3 4 
u50_07_simulated.txt 25.0 81000.0 3 3 2 2 2 3 2 3 2 2 
u50_08_simulated.txt 25.0 81000.0 1 2 1 1 1 1 1 1 0 1 
u50_09_simulated.txt 25.0 81000.0 2 2 3 2 2 2 3 2 2 4 
u50_010_simulated.txt 25.0 81000.0 1 1 1 2 2 2 1 1 1 1 
u75_01_simulated.txt 25.0 81000.0 11 11 7 10 10 6 9 12 10 11 
u75_02_simulated.txt 25.0 81000.0 3 4 3 3 3 3 3 3 3 3 
u75_03_simulated.txt 25.0 81000.0 4 3 3 3 3 4 3 4 3 3 
u75_04_simulated.txt 25.0 81000.0 14 11 10 11 12 9 9 14 10 11 
u75_05_simulated.txt 25.0 81000.0 11 10 9 8 12 7 7 8 11 7 
u75_06_simulated.txt 25.0 81000.0 6 9 8 8 7 10 8 8 6 8 
u75_07_simulated.txt 25.0 81000.0 5 5 4 3 4 5 5 1 5 3 
u75_08_simulated.txt 25.0 81000.0 5 6 3 6 8 3 5 4 4 8 
u75_09_simulated.txt 25.0 81000.0 12 8 15 14 11 10 12 12 12 10 
u75_010_simulated.txt 25.0 81000.0 9 7 10 11 6 8 11 10 10 8 
u100_01_simulated.txt 25.0 81000.0 13 14 13 14 14 15 14 13 16 14 
u100_02_simulated.txt 25.0 81000.0 18 19 18 14 15 18 19 25 18 21 
u100_03_simulated.txt 25.0 81000.0 9 11 13 13 9 12 10 10 11 13 
u100_04_simulated.txt 25.0 81000.0 15 12 14 11 12 14 18 12 16 12 
u100_05_simulated.txt 25.0 81000.0 7 7 9 9 6 8 7 8 8 7 
u100_06_simulated.txt 25.0 81000.0 12 10 12 12 13 10 14 10 9 11 
u100_07_simulated.txt 25.0 81000.0 23 20 18 21 23 22 20 21 28 22 
u100_08_simulated.txt 25.0 81000.0 10 12 11 11 9 11 11 10 10 11 
u100_09_simulated.txt 25.0 81000.0 13 12 13 15 15 16 15 15 16 14 
u100_010_simulated.txt 25.0 81000.0 30 25 21 23 26 29 25 28 24 24 
u25_01_simulated.txt 25.0 108000.0 0 0 0 0 0 0 0 0 0 0 
u25_02_simulated.txt 25.0 108000.0 0 0 0 0 0 0 0 0 0 0 
u25_03_simulated.txt 25.0 108000.0 0 0 0 0 0 0 0 0 0 0 
u25_04_simulated.txt 25.0 108000.0 0 0 0 0 0 0 0 0 0 1 
u25_05_simulated.txt 25.0 108000.0 0 0 0 0 0 0 0 0 0 0 
u25_06_simulated.txt 25.0 108000.0 0 0 0 0 0 0 0 0 0 0 
u25_07_simulated.txt 25.0 108000.0 1 1 1 1 1 1 1 1 1 1 
u25_08_simulated.txt 25.0 108000.0 0 0 0 0 0 0 0 0 0 0 
u25_09_simulated.txt 25.0 108000.0 0 0 0 0 0 0 0 0 0 0 
u25_010_simulated.txt 25.0 108000.0 1 1 1 1 1 1 1 1 1 1 
u50_01_simulated.txt 25.0 108000.0 3 3 3 3 2 3 3 3 3 4 
u50_02_simulated.txt 25.0 108000.0 4 5 5 5 7 7 4 5 4 5 
u50_03_simulated.txt 25.0 108000.0 2 2 1 2 1 1 2 2 2 1 
u50_04_simulated.txt 25.0 108000.0 0 0 0 0 0 0 0 0 0 0 
u50_05_simulated.txt 25.0 108000.0 0 0 0 0 0 0 0 0 0 0 
u50_06_simulated.txt 25.0 108000.0 1 1 2 1 1 1 2 2 1 1 
u50_07_simulated.txt 25.0 108000.0 1 1 1 1 1 1 1 1 1 1 
u50_08_simulated.txt 25.0 108000.0 0 0 0 0 0 0 0 0 0 0 
u50_09_simulated.txt 25.0 108000.0 2 2 2 2 2 2 2 2 2 2 
u50_010_simulated.txt 25.0 108000.0 2 1 1 1 1 1 2 1 1 1 
u75_01_simulated.txt 25.0 108000.0 7 6 9 8 7 6 5 6 4 8 
u75_02_simulated.txt 25.0 108000.0 3 3 3 3 3 3 3 3 7 3 
u75_03_simulated.txt 25.0 108000.0 2 3 3 5 2 3 1 3 2 2 
u75_04_simulated.txt 25.0 108000.0 8 5 7 7 6 8 7 7 7 6 
u75_05_simulated.txt 25.0 108000.0 10 8 9 10 8 9 10 10 13 10 
u75_06_simulated.txt 25.0 108000.0 3 4 4 7 7 5 5 5 4 5 
u75_07_simulated.txt 25.0 108000.0 2 3 2 2 2 3 2 2 3 3 
u75_08_simulated.txt 25.0 108000.0 4 7 6 6 6 6 5 6 7 5 
u75_09_simulated.txt 25.0 108000.0 12 10 11 9 6 10 11 12 9 11 
u75_010_simulated.txt 25.0 108000.0 11 15 16 13 7 16 12 11 10 10 
u100_01_simulated.txt 25.0 108000.0 13 11 13 12 13 11 16 14 14 13 
u100_02_simulated.txt 25.0 108000.0 20 19 20 20 19 19 20 22 16 15 
u100_03_simulated.txt 25.0 108000.0 9 12 17 11 12 15 12 11 9 15 
u100_04_simulated.txt 25.0 108000.0 10 12 9 10 10 11 11 8 12 13 
u100_05_simulated.txt 25.0 108000.0 9 9 10 9 10 10 10 10 9 9 
u100_06_simulated.txt 25.0 108000.0 9 8 9 9 8 10 9 9 8 10 
u100_07_simulated.txt 25.0 108000.0 14 24 20 19 20 27 18 13 19 14 
u100_08_simulated.txt 25.0 108000.0 10 11 10 8 9 11 7 8 8 7 
u100_09_simulated.txt 25.0 108000.0 8 8 7 7 8 8 7 9 8 11 
u100_010_simulated.txt 25.0 108000.0 15 19 15 15 22 21 16 20 25 21 
