filename xP #1 #2 #3 #4 #5 #6 #7 #8 #9 #10
u125_01_simulated.txt 0.8 34 34 34 34 34 34 34 34 34 34 
u125_02_simulated.txt 0.8 37 37 37 37 37 37 37 37 37 37 
u125_03_simulated.txt 0.8 35 35 35 35 35 35 35 35 35 35 
u125_04_simulated.txt 0.8 27 27 27 27 27 27 27 27 27 27 
u125_05_simulated.txt 0.8 21 21 21 21 21 21 21 21 21 21 
u125_06_simulated.txt 0.8 17 17 17 17 17 17 17 17 17 17 
u125_07_simulated.txt 0.8 10 10 10 10 10 10 10 10 10 10 
u125_08_simulated.txt 0.8 37 37 37 37 37 37 37 37 37 37 
u125_09_simulated.txt 0.8 37 37 37 37 37 37 37 37 37 37 
u125_010_simulated.txt 0.8 33 33 33 33 33 33 33 33 33 33 
u150_01_simulated.txt 0.8 51 51 51 51 51 51 51 51 51 51 
u150_02_simulated.txt 0.8 49 49 49 49 49 49 49 49 49 49 
u150_03_simulated.txt 0.8 50 50 50 50 50 50 50 50 50 50 
u150_04_simulated.txt 0.8 37 37 37 37 37 37 37 37 37 37 
u150_05_simulated.txt 0.8 24 24 24 24 24 24 24 24 24 24 
u150_06_simulated.txt 0.8 53 53 53 53 53 53 53 53 53 53 
u150_07_simulated.txt 0.8 60 60 60 60 60 60 60 60 60 60 
u150_08_simulated.txt 0.8 56 56 56 56 56 56 56 56 56 56 
u150_09_simulated.txt 0.8 45 45 45 45 45 45 45 45 45 45 
u150_010_simulated.txt 0.8 40 40 40 40 40 40 40 40 40 40 
u175_01_simulated.txt 0.8 56 56 56 56 56 56 56 56 56 56 
u175_02_simulated.txt 0.8 59 59 59 59 59 59 59 59 59 59 
u175_03_simulated.txt 0.8 67 67 67 67 67 67 67 67 67 67 
u175_04_simulated.txt 0.8 51 51 51 51 51 51 51 51 51 51 
u175_05_simulated.txt 0.8 68 68 68 68 68 68 68 68 68 68 
u175_06_simulated.txt 0.8 49 49 49 49 49 49 49 49 49 49 
u175_07_simulated.txt 0.8 50 50 50 50 50 50 50 50 50 50 
u175_08_simulated.txt 0.8 63 63 63 63 63 63 63 63 63 63 
u175_09_simulated.txt 0.8 67 67 67 67 67 67 67 67 67 67 
u175_010_simulated.txt 0.8 63 63 63 63 63 63 63 63 63 63 
u200_01_simulated.txt 0.8 78 78 78 78 78 78 78 78 78 78 
u200_02_simulated.txt 0.8 78 78 78 78 78 78 78 78 78 78 
u200_03_simulated.txt 0.8 91 91 91 91 91 91 91 91 91 91 
u200_04_simulated.txt 0.8 85 85 85 85 85 85 85 85 85 85 
u200_05_simulated.txt 0.8 89 89 89 89 89 89 89 89 89 89 
u200_06_simulated.txt 0.8 90 90 90 90 90 90 90 90 90 90 
u200_07_simulated.txt 0.8 58 58 58 58 58 58 58 58 58 58 
u200_08_simulated.txt 0.8 69 69 69 69 69 69 69 69 69 69 
u200_09_simulated.txt 0.8 71 71 71 71 71 71 71 71 71 71 
u200_010_simulated.txt 0.8 83 83 83 83 83 83 83 83 83 83 
u125_01_simulated.txt 1.0 41 41 41 41 41 41 41 41 41 41 
u125_02_simulated.txt 1.0 45 45 45 45 45 45 45 45 45 45 
u125_03_simulated.txt 1.0 39 39 39 39 39 39 39 39 39 39 
u125_04_simulated.txt 1.0 31 31 31 31 31 31 31 31 31 31 
u125_05_simulated.txt 1.0 31 31 31 31 31 31 31 31 31 31 
u125_06_simulated.txt 1.0 27 27 27 27 27 27 27 27 27 27 
u125_07_simulated.txt 1.0 17 17 17 17 17 17 17 17 17 17 
u125_08_simulated.txt 1.0 44 44 44 44 44 44 44 44 44 44 
u125_09_simulated.txt 1.0 45 45 45 45 45 45 45 45 45 45 
u125_010_simulated.txt 1.0 45 45 45 45 45 45 45 45 45 45 
u150_01_simulated.txt 1.0 58 58 58 58 58 58 58 58 58 58 
u150_02_simulated.txt 1.0 57 57 57 57 57 57 57 57 57 57 
u150_03_simulated.txt 1.0 59 59 59 59 59 59 59 59 59 59 
u150_04_simulated.txt 1.0 50 50 50 50 50 50 50 50 50 50 
u150_05_simulated.txt 1.0 45 45 45 45 45 45 45 45 45 45 
u150_06_simulated.txt 1.0 64 64 64 64 64 64 64 64 64 64 
u150_07_simulated.txt 1.0 65 65 65 65 65 65 65 65 65 65 
u150_08_simulated.txt 1.0 62 62 62 62 62 62 62 62 62 62 
u150_09_simulated.txt 1.0 52 52 52 52 52 52 52 52 52 52 
u150_010_simulated.txt 1.0 52 52 52 52 52 52 52 52 52 52 
u175_01_simulated.txt 1.0 69 69 69 69 69 69 69 69 69 69 
u175_02_simulated.txt 1.0 74 74 74 74 74 74 74 74 74 74 
u175_03_simulated.txt 1.0 83 83 83 83 83 83 83 83 83 83 
u175_04_simulated.txt 1.0 60 60 60 60 60 60 60 60 60 60 
u175_05_simulated.txt 1.0 82 82 82 82 82 82 82 82 82 82 
u175_06_simulated.txt 1.0 73 73 73 73 73 73 73 73 73 73 
u175_07_simulated.txt 1.0 59 59 59 59 59 59 59 59 59 59 
u175_08_simulated.txt 1.0 78 78 78 78 78 78 78 78 78 78 
u175_09_simulated.txt 1.0 79 79 79 79 79 79 79 79 79 79 
u175_010_simulated.txt 1.0 76 76 76 76 76 76 76 76 76 76 
u200_01_simulated.txt 1.0 90 90 90 90 90 90 90 90 90 90 
u200_02_simulated.txt 1.0 90 90 90 90 90 90 90 90 90 90 
u200_03_simulated.txt 1.0 104 104 104 104 104 104 104 104 104 104 
u200_04_simulated.txt 1.0 100 100 100 100 100 100 100 100 100 100 
u200_05_simulated.txt 1.0 100 100 100 100 100 100 100 100 100 100 
u200_06_simulated.txt 1.0 103 103 103 103 103 103 103 103 103 103 
u200_07_simulated.txt 1.0 77 77 77 77 77 77 77 77 77 77 
u200_08_simulated.txt 1.0 87 87 87 87 87 87 87 87 87 87 
u200_09_simulated.txt 1.0 93 93 93 93 93 93 93 93 93 93 
u200_010_simulated.txt 1.0 97 97 97 97 97 97 97 97 97 97 
u125_01_simulated.txt 1.2 52 52 52 52 52 52 52 52 52 52 
u125_02_simulated.txt 1.2 52 52 52 52 52 52 52 52 52 52 
u125_03_simulated.txt 1.2 48 48 48 48 48 48 48 48 48 48 
u125_04_simulated.txt 1.2 38 38 38 38 38 38 38 38 38 38 
u125_05_simulated.txt 1.2 37 37 37 37 37 37 37 37 37 37 
u125_06_simulated.txt 1.2 30 30 30 30 30 30 30 30 30 30 
u125_07_simulated.txt 1.2 22 22 22 22 22 22 22 22 22 22 
u125_08_simulated.txt 1.2 50 50 50 50 50 50 50 50 50 50 
u125_09_simulated.txt 1.2 52 52 52 52 52 52 52 52 52 52 
u125_010_simulated.txt 1.2 52 52 52 52 52 52 52 52 52 52 
u150_01_simulated.txt 1.2 64 64 64 64 64 64 64 64 64 64 
u150_02_simulated.txt 1.2 73 73 73 73 73 73 73 73 73 73 
u150_03_simulated.txt 1.2 70 70 70 70 70 70 70 70 70 70 
u150_04_simulated.txt 1.2 63 63 63 63 63 63 63 63 63 63 
u150_05_simulated.txt 1.2 59 59 59 59 59 59 59 59 59 59 
u150_06_simulated.txt 1.2 80 80 80 80 80 80 80 80 80 80 
u150_07_simulated.txt 1.2 78 78 78 78 78 78 78 78 78 78 
u150_08_simulated.txt 1.2 70 70 70 70 70 70 70 70 70 70 
u150_09_simulated.txt 1.2 63 63 63 63 63 63 63 63 63 63 
u150_010_simulated.txt 1.2 59 59 59 59 59 59 59 59 59 59 
u175_01_simulated.txt 1.2 82 82 82 82 82 82 82 82 82 82 
u175_02_simulated.txt 1.2 82 82 82 82 82 82 82 82 82 82 
u175_03_simulated.txt 1.2 92 92 92 92 92 92 92 92 92 92 
u175_04_simulated.txt 1.2 72 72 72 72 72 72 72 72 72 72 
u175_05_simulated.txt 1.2 90 90 90 90 90 90 90 90 90 90 
u175_06_simulated.txt 1.2 79 79 79 79 79 79 79 79 79 79 
u175_07_simulated.txt 1.2 78 78 78 78 78 78 78 78 78 78 
u175_08_simulated.txt 1.2 82 82 82 82 82 82 82 82 82 82 
u175_09_simulated.txt 1.2 86 86 86 86 86 86 86 86 86 86 
u175_010_simulated.txt 1.2 80 80 80 80 80 80 80 80 80 80 
u200_01_simulated.txt 1.2 100 100 100 100 100 100 100 100 100 100 
u200_02_simulated.txt 1.2 100 100 100 100 100 100 100 100 100 100 
u200_03_simulated.txt 1.2 117 117 117 117 117 117 117 117 117 117 
u200_04_simulated.txt 1.2 120 120 120 120 120 120 120 120 120 120 
u200_05_simulated.txt 1.2 111 111 111 111 111 111 111 111 111 111 
u200_06_simulated.txt 1.2 117 117 117 117 117 117 117 117 117 117 
u200_07_simulated.txt 1.2 83 83 83 83 83 83 83 83 83 83 
u200_08_simulated.txt 1.2 113 113 113 113 113 113 113 113 113 113 
u200_09_simulated.txt 1.2 106 106 106 106 106 106 106 106 106 106 
u200_010_simulated.txt 1.2 110 110 110 110 110 110 110 110 110 110 
u125_01_simulated.txt 1.4 57 57 57 57 57 57 57 57 57 57 
u125_02_simulated.txt 1.4 60 60 60 60 60 60 60 60 60 60 
u125_03_simulated.txt 1.4 52 52 52 52 52 52 52 52 52 52 
u125_04_simulated.txt 1.4 44 44 44 44 44 44 44 44 44 44 
u125_05_simulated.txt 1.4 48 48 48 48 48 48 48 48 48 48 
u125_06_simulated.txt 1.4 43 43 43 43 43 43 43 43 43 43 
u125_07_simulated.txt 1.4 26 26 26 26 26 26 26 26 26 26 
u125_08_simulated.txt 1.4 61 61 61 61 61 61 61 61 61 61 
u125_09_simulated.txt 1.4 62 62 62 62 62 62 62 62 62 62 
u125_010_simulated.txt 1.4 56 56 56 56 56 56 56 56 56 56 
u150_01_simulated.txt 1.4 70 70 70 70 70 70 70 70 70 70 
u150_02_simulated.txt 1.4 76 76 76 76 76 76 76 76 76 76 
u150_03_simulated.txt 1.4 76 76 76 76 76 76 76 76 76 76 
u150_04_simulated.txt 1.4 69 69 69 69 69 69 69 69 69 69 
u150_05_simulated.txt 1.4 66 66 66 66 66 66 66 66 66 66 
u150_06_simulated.txt 1.4 82 82 82 82 82 82 82 82 82 82 
u150_07_simulated.txt 1.4 82 82 82 82 82 82 82 82 82 82 
u150_08_simulated.txt 1.4 72 72 72 72 72 72 72 72 72 72 
u150_09_simulated.txt 1.4 71 71 71 71 71 71 71 71 71 71 
u150_010_simulated.txt 1.4 70 70 70 70 70 70 70 70 70 70 
u175_01_simulated.txt 1.4 89 89 89 89 89 89 89 89 89 89 
u175_02_simulated.txt 1.4 93 93 93 93 93 93 93 93 93 93 
u175_03_simulated.txt 1.4 98 98 98 98 98 98 98 98 98 98 
u175_04_simulated.txt 1.4 79 79 79 79 79 79 79 79 79 79 
u175_05_simulated.txt 1.4 100 100 100 100 100 100 100 100 100 100 
u175_06_simulated.txt 1.4 87 87 87 87 87 87 87 87 87 87 
u175_07_simulated.txt 1.4 85 85 85 85 85 85 85 85 85 85 
u175_08_simulated.txt 1.4 96 96 96 96 96 96 96 96 96 96 
u175_09_simulated.txt 1.4 96 96 96 96 96 96 96 96 96 96 
u175_010_simulated.txt 1.4 93 93 93 93 93 93 93 93 93 93 
u200_01_simulated.txt 1.4 114 114 114 114 114 114 114 114 114 114 
u200_02_simulated.txt 1.4 114 114 114 114 114 114 114 114 114 114 
u200_03_simulated.txt 1.4 125 125 125 125 125 125 125 125 125 125 
u200_04_simulated.txt 1.4 126 126 126 126 126 126 126 126 126 126 
u200_05_simulated.txt 1.4 120 120 120 120 120 120 120 120 120 120 
u200_06_simulated.txt 1.4 123 123 123 123 123 123 123 123 123 123 
u200_07_simulated.txt 1.4 98 98 98 98 98 98 98 98 98 98 
u200_08_simulated.txt 1.4 117 117 117 117 117 117 117 117 117 117 
u200_09_simulated.txt 1.4 121 121 121 121 121 121 121 121 121 121 
u200_010_simulated.txt 1.4 123 123 123 123 123 123 123 123 123 123 
u125_01_simulated.txt 1.6 60 60 60 60 60 60 60 60 60 60 
u125_02_simulated.txt 1.6 65 65 65 65 65 65 65 65 65 65 
u125_03_simulated.txt 1.6 55 55 55 55 55 55 55 55 55 55 
u125_04_simulated.txt 1.6 49 49 49 49 49 49 49 49 49 49 
u125_05_simulated.txt 1.6 52 52 52 52 52 52 52 52 52 52 
u125_06_simulated.txt 1.6 45 45 45 45 45 45 45 45 45 45 
u125_07_simulated.txt 1.6 35 35 35 35 35 35 35 35 35 35 
u125_08_simulated.txt 1.6 63 63 63 63 63 63 63 63 63 63 
u125_09_simulated.txt 1.6 67 67 67 67 67 67 67 67 67 67 
u125_010_simulated.txt 1.6 64 64 64 64 64 64 64 64 64 64 
u150_01_simulated.txt 1.6 80 80 80 80 80 80 80 80 80 80 
u150_02_simulated.txt 1.6 81 81 81 81 81 81 81 81 81 81 
u150_03_simulated.txt 1.6 90 90 90 90 90 90 90 90 90 90 
u150_04_simulated.txt 1.6 79 79 79 79 79 79 79 79 79 79 
u150_05_simulated.txt 1.6 69 69 69 69 69 69 69 69 69 69 
u150_06_simulated.txt 1.6 92 92 92 92 92 92 92 92 92 92 
u150_07_simulated.txt 1.6 88 88 88 88 88 88 88 88 88 88 
u150_08_simulated.txt 1.6 81 81 81 81 81 81 81 81 81 81 
u150_09_simulated.txt 1.6 78 78 78 78 78 78 78 78 78 78 
u150_010_simulated.txt 1.6 78 78 78 78 78 78 78 78 78 78 
u175_01_simulated.txt 1.6 97 97 97 97 97 97 97 97 97 97 
u175_02_simulated.txt 1.6 101 101 101 101 101 101 101 101 101 101 
u175_03_simulated.txt 1.6 110 110 110 110 110 110 110 110 110 110 
u175_04_simulated.txt 1.6 91 91 91 91 91 91 91 91 91 91 
u175_05_simulated.txt 1.6 104 104 104 104 104 104 104 104 104 104 
u175_06_simulated.txt 1.6 94 94 94 94 94 94 94 94 94 94 
u175_07_simulated.txt 1.6 91 91 91 91 91 91 91 91 91 91 
u175_08_simulated.txt 1.6 105 105 105 105 105 105 105 105 105 105 
u175_09_simulated.txt 1.6 103 103 103 103 103 103 103 103 103 103 
u175_010_simulated.txt 1.6 95 95 95 95 95 95 95 95 95 95 
u200_01_simulated.txt 1.6 121 121 121 121 121 121 121 121 121 121 
u200_02_simulated.txt 1.6 121 121 121 121 121 121 121 121 121 121 
u200_03_simulated.txt 1.6 136 136 136 136 136 136 136 136 136 136 
u200_04_simulated.txt 1.6 132 132 132 132 132 132 132 132 132 132 
u200_05_simulated.txt 1.6 126 126 126 126 126 126 126 126 126 126 
u200_06_simulated.txt 1.6 135 135 135 135 135 135 135 135 135 135 
u200_07_simulated.txt 1.6 102 102 102 102 102 102 102 102 102 102 
u200_08_simulated.txt 1.6 118 118 118 118 118 118 118 118 118 118 
u200_09_simulated.txt 1.6 123 123 123 123 123 123 123 123 123 123 
u200_010_simulated.txt 1.6 130 130 130 130 130 130 130 130 130 130 
u125_01_simulated.txt 1.8 66 66 66 66 66 66 66 66 66 66 
u125_02_simulated.txt 1.8 74 74 74 74 74 74 74 74 74 74 
u125_03_simulated.txt 1.8 61 61 61 61 61 61 61 61 61 61 
u125_04_simulated.txt 1.8 55 55 55 55 55 55 55 55 55 55 
u125_05_simulated.txt 1.8 61 61 61 61 61 61 61 61 61 61 
u125_06_simulated.txt 1.8 54 54 54 54 54 54 54 54 54 54 
u125_07_simulated.txt 1.8 36 36 36 36 36 36 36 36 36 36 
u125_08_simulated.txt 1.8 68 68 68 68 68 68 68 68 68 68 
u125_09_simulated.txt 1.8 74 74 74 74 74 74 74 74 74 74 
u125_010_simulated.txt 1.8 75 75 75 75 75 75 75 75 75 75 
u150_01_simulated.txt 1.8 80 80 80 80 80 80 80 80 80 80 
u150_02_simulated.txt 1.8 88 88 88 88 88 88 88 88 88 88 
u150_03_simulated.txt 1.8 96 96 96 96 96 96 96 96 96 96 
u150_04_simulated.txt 1.8 84 84 84 84 84 84 84 84 84 84 
u150_05_simulated.txt 1.8 73 73 73 73 73 73 73 73 73 73 
u150_06_simulated.txt 1.8 98 98 98 98 98 98 98 98 98 98 
u150_07_simulated.txt 1.8 87 87 87 87 87 87 87 87 87 87 
u150_08_simulated.txt 1.8 88 88 88 88 88 88 88 88 88 88 
u150_09_simulated.txt 1.8 82 82 82 82 82 82 82 82 82 82 
u150_010_simulated.txt 1.8 83 83 83 83 83 83 83 83 83 83 
u175_01_simulated.txt 1.8 101 101 101 101 101 101 101 101 101 101 
u175_02_simulated.txt 1.8 108 108 108 108 108 108 108 108 108 108 
u175_03_simulated.txt 1.8 116 116 116 116 116 116 116 116 116 116 
u175_04_simulated.txt 1.8 94 94 94 94 94 94 94 94 94 94 
u175_05_simulated.txt 1.8 113 113 113 113 113 113 113 113 113 113 
u175_06_simulated.txt 1.8 104 104 104 104 104 104 104 104 104 104 
u175_07_simulated.txt 1.8 99 99 99 99 99 99 99 99 99 99 
u175_08_simulated.txt 1.8 113 113 113 113 113 113 113 113 113 113 
u175_09_simulated.txt 1.8 108 108 108 108 108 108 108 108 108 108 
u175_010_simulated.txt 1.8 108 108 108 108 108 108 108 108 108 108 
u200_01_simulated.txt 1.8 128 128 128 128 128 128 128 128 128 128 
u200_02_simulated.txt 1.8 128 128 128 128 128 128 128 128 128 128 
u200_03_simulated.txt 1.8 139 139 139 139 139 139 139 139 139 139 
u200_04_simulated.txt 1.8 138 138 138 138 138 138 138 138 138 138 
u200_05_simulated.txt 1.8 128 128 128 128 128 128 128 128 128 128 
u200_06_simulated.txt 1.8 143 143 143 143 143 143 143 143 143 143 
u200_07_simulated.txt 1.8 108 108 108 108 108 108 108 108 108 108 
u200_08_simulated.txt 1.8 127 127 127 127 127 127 127 127 127 127 
u200_09_simulated.txt 1.8 131 131 131 131 131 131 131 131 131 131 
u200_010_simulated.txt 1.8 136 136 136 136 136 136 136 136 136 136 
u125_01_simulated.txt 2.0 66 66 66 66 66 66 66 66 66 66 
u125_02_simulated.txt 2.0 77 77 77 77 77 77 77 77 77 77 
u125_03_simulated.txt 2.0 64 64 64 64 64 64 64 64 64 64 
u125_04_simulated.txt 2.0 59 59 59 59 59 59 59 59 59 59 
u125_05_simulated.txt 2.0 64 64 64 64 64 64 64 64 64 64 
u125_06_simulated.txt 2.0 60 60 60 60 60 60 60 60 60 60 
u125_07_simulated.txt 2.0 41 41 41 41 41 41 41 41 41 41 
u125_08_simulated.txt 2.0 70 70 70 70 70 70 70 70 70 70 
u125_09_simulated.txt 2.0 76 76 76 76 76 76 76 76 76 76 
u125_010_simulated.txt 2.0 74 74 74 74 74 74 74 74 74 74 
u150_01_simulated.txt 2.0 82 82 82 82 82 82 82 82 82 82 
u150_02_simulated.txt 2.0 89 89 89 89 89 89 89 89 89 89 
u150_03_simulated.txt 2.0 94 94 94 94 94 94 94 94 94 94 
u150_04_simulated.txt 2.0 88 88 88 88 88 88 88 88 88 88 
u150_05_simulated.txt 2.0 79 79 79 79 79 79 79 79 79 79 
u150_06_simulated.txt 2.0 96 96 96 96 96 96 96 96 96 96 
u150_07_simulated.txt 2.0 92 92 92 92 92 92 92 92 92 92 
u150_08_simulated.txt 2.0 91 91 91 91 91 91 91 91 91 91 
u150_09_simulated.txt 2.0 84 84 84 84 84 84 84 84 84 84 
u150_010_simulated.txt 2.0 91 91 91 91 91 91 91 91 91 91 
u175_01_simulated.txt 2.0 108 108 108 108 108 108 108 108 108 108 
u175_02_simulated.txt 2.0 116 116 116 116 116 116 116 116 116 116 
u175_03_simulated.txt 2.0 121 121 121 121 121 121 121 121 121 121 
u175_04_simulated.txt 2.0 98 98 98 98 98 98 98 98 98 98 
u175_05_simulated.txt 2.0 119 119 119 119 119 119 119 119 119 119 
u175_06_simulated.txt 2.0 105 105 105 105 105 105 105 105 105 105 
u175_07_simulated.txt 2.0 107 107 107 107 107 107 107 107 107 107 
u175_08_simulated.txt 2.0 117 117 117 117 117 117 117 117 117 117 
u175_09_simulated.txt 2.0 111 111 111 111 111 111 111 111 111 111 
u175_010_simulated.txt 2.0 110 110 110 110 110 110 110 110 110 110 
u200_01_simulated.txt 2.0 132 132 132 132 132 132 132 132 132 132 
u200_02_simulated.txt 2.0 132 132 132 132 132 132 132 132 132 132 
u200_03_simulated.txt 2.0 151 151 151 151 151 151 151 151 151 151 
u200_04_simulated.txt 2.0 142 142 142 142 142 142 142 142 142 142 
u200_05_simulated.txt 2.0 141 141 141 141 141 141 141 141 141 141 
u200_06_simulated.txt 2.0 143 143 143 143 143 143 143 143 143 143 
u200_07_simulated.txt 2.0 111 111 111 111 111 111 111 111 111 111 
u200_08_simulated.txt 2.0 134 134 134 134 134 134 134 134 134 134 
u200_09_simulated.txt 2.0 136 136 136 136 136 136 136 136 136 136 
u200_010_simulated.txt 2.0 140 140 140 140 140 140 140 140 140 140 
