\basestation_0_0\g_250.txt 150 150 150 150 150 150 150 150 150 150
\basestation_0_0\g_300.txt 187 187 187 187 187 187 187 187 187 187
\basestation_0_0\g_350.txt 254 254 254 254 254 254 254 254 254 254
\basestation_0_0\g_400.txt 338 338 338 338 338 338 338 338 338 338
\basestation_0_0\g_450.txt 416 416 416 416 416 416 416 416 416 416
\basestation_0_0\g_475.txt 436 436 436 436 436 436 436 436 436 436
\basestation_0_0\g_500.txt 471 471 471 471 471 471 471 471 471 471
\basestation_0_1000\g_250.txt 144 144 144 144 144 144 144 144 144 144
\basestation_0_1000\g_300.txt 142 142 142 142 142 142 142 142 142 142
\basestation_0_1000\g_350.txt 194 194 194 194 194 194 194 194 194 194
\basestation_0_1000\g_400.txt 302 302 302 302 302 302 302 302 302 302
\basestation_0_1000\g_450.txt 397 397 397 397 397 397 397 397 397 397
\basestation_0_1000\g_475.txt 424 424 424 424 424 424 424 424 424 424
\basestation_0_1000\g_500.txt 454 454 454 454 454 454 454 454 454 454
\basestation_1000_0\g_250.txt 153 153 153 153 153 153 153 153 153 153
\basestation_1000_0\g_300.txt 149 149 149 149 149 149 149 149 149 149
\basestation_1000_0\g_350.txt 205 205 205 205 205 205 205 205 205 205
\basestation_1000_0\g_400.txt 317 317 317 317 317 317 317 317 317 317
\basestation_1000_0\g_450.txt 402 402 402 402 402 402 402 402 402 402
\basestation_1000_0\g_475.txt 432 432 432 432 432 432 432 432 432 432
\basestation_1000_0\g_500.txt 463 463 463 463 463 463 463 463 463 463
\basestation_1000_1000\g_250.txt 182 182 182 182 182 182 182 182 182 182
\basestation_1000_1000\g_300.txt 177 177 177 177 177 177 177 177 177 177
\basestation_1000_1000\g_350.txt 246 246 246 246 246 246 246 246 246 246
\basestation_1000_1000\g_400.txt 348 348 348 348 348 348 348 348 348 348
\basestation_1000_1000\g_450.txt 406 406 406 406 406 406 406 406 406 406
\basestation_1000_1000\g_475.txt 445 445 445 445 445 445 445 445 445 445
\basestation_1000_1000\g_500.txt 470 470 470 470 470 470 470 470 470 470
\basestation_500_500\g_250.txt 154 154 154 154 154 154 154 154 154 154
\basestation_500_500\g_300.txt 144 144 144 144 144 144 144 144 144 144
\basestation_500_500\g_350.txt 222 222 222 222 222 222 222 222 222 222
\basestation_500_500\g_400.txt 316 316 316 316 316 316 316 316 316 316
\basestation_500_500\g_450.txt 385 385 385 385 385 385 385 385 385 385
\basestation_500_500\g_475.txt 417 417 417 417 417 417 417 417 417 417
\basestation_500_500\g_500.txt 455 455 455 455 455 455 455 455 455 455
\basestation_0_0\g_125.txt 66 66 66 66 66 66 66 66 66 66
\basestation_0_0\g_150.txt 77 77 77 77 77 77 77 77 77 77
\basestation_0_0\g_160.txt 87 87 87 87 87 87 87 87 87 87
\basestation_0_0\g_175.txt 104 104 104 104 104 104 104 104 104 104
\basestation_0_0\g_190.txt 101 101 101 101 101 101 101 101 101 101
\basestation_0_0\g_200.txt 107 107 107 107 107 107 107 107 107 107
\basestation_0_1000\g_125.txt 57 57 57 57 57 57 57 57 57 57
\basestation_0_1000\g_150.txt 70 70 70 70 70 70 70 70 70 70
\basestation_0_1000\g_160.txt 63 63 63 63 63 63 63 63 63 63
\basestation_0_1000\g_175.txt 93 93 93 93 93 93 93 93 93 93
\basestation_0_1000\g_190.txt 102 102 102 102 102 102 102 102 102 102
\basestation_0_1000\g_200.txt 111 111 111 111 111 111 111 111 111 111
\basestation_1000_0\g_125.txt 65 65 65 65 65 65 65 65 65 65
\basestation_1000_0\g_150.txt 79 79 79 79 79 79 79 79 79 79
\basestation_1000_0\g_160.txt 71 71 71 71 71 71 71 71 71 71
\basestation_1000_0\g_175.txt 102 102 102 102 102 102 102 102 102 102
\basestation_1000_0\g_190.txt 121 121 121 121 121 121 121 121 121 121
\basestation_1000_0\g_200.txt 115 115 115 115 115 115 115 115 115 115
\basestation_1000_1000\g_125.txt 68 68 68 68 68 68 68 68 68 68
\basestation_1000_1000\g_150.txt 103 103 103 103 103 103 103 103 103 103
\basestation_1000_1000\g_160.txt 92 92 92 92 92 92 92 92 92 92
\basestation_1000_1000\g_175.txt 122 122 122 122 122 122 122 122 122 122
\basestation_1000_1000\g_200.txt 141 141 141 141 141 141 141 141 141 141
\basestation_500_500\g_125.txt 61 61 61 61 61 61 61 61 61 61
\basestation_500_500\g_150.txt 77 77 77 77 77 77 77 77 77 77
\basestation_500_500\g_160.txt 92 92 92 92 92 92 92 92 92 92
\basestation_500_500\g_175.txt 111 111 111 111 111 111 111 111 111 111
\basestation_500_500\g_190.txt 124 124 124 124 124 124 124 124 124 124
\basestation_500_500\g_200.txt 139 139 139 139 139 139 139 139 139 139
\basestation_0_0\small_dataset\g_100.txt 72 72 72 72 72 72 72 72 72 72
\basestation_0_0\small_dataset\g_20.txt 9 9 9 9 9 9 9 9 9 9
\basestation_0_0\small_dataset\g_25.txt 14 14 14 14 14 14 14 14 14 14
\basestation_0_0\small_dataset\g_30.txt 19 19 19 19 19 19 19 19 19 19
\basestation_0_0\small_dataset\g_35.txt 18 18 18 18 18 18 18 18 18 18
\basestation_0_0\small_dataset\g_40.txt 17 17 17 17 17 17 17 17 17 17
\basestation_0_0\small_dataset\g_45.txt 13 13 13 13 13 13 13 13 13 13
\basestation_0_0\small_dataset\g_50.txt 31 31 31 31 31 31 31 31 31 31
\basestation_0_0\small_dataset\g_60.txt 26 26 26 26 26 26 26 26 26 26
\basestation_0_0\small_dataset\g_75.txt 50 50 50 50 50 50 50 50 50 50
\basestation_0_0\small_dataset\g_90.txt 59 59 59 59 59 59 59 59 59 59
\basestation_0_500\small_dataset\g_100.txt 72 72 72 72 72 72 72 72 72 72
\basestation_0_500\small_dataset\g_20.txt 0 0 0 0 0 0 0 0 0 0
\basestation_0_500\small_dataset\g_25.txt 6 6 6 6 6 6 6 6 6 6
\basestation_0_500\small_dataset\g_30.txt 0 0 0 0 0 0 0 0 0 0
\basestation_0_500\small_dataset\g_35.txt 0 0 0 0 0 0 0 0 0 0
\basestation_0_500\small_dataset\g_40.txt 21 21 21 21 21 21 21 21 21 21
\basestation_0_500\small_dataset\g_45.txt 27 27 27 27 27 27 27 27 27 27
\basestation_0_500\small_dataset\g_50.txt 17 17 17 17 17 17 17 17 17 17
\basestation_0_500\small_dataset\g_60.txt 25 25 25 25 25 25 25 25 25 25
\basestation_0_500\small_dataset\g_75.txt 4 4 4 4 4 4 4 4 4 4
\basestation_0_500\small_dataset\g_90.txt 57 57 57 57 57 57 57 57 57 57
\basestation_500_0\small_dataset\g_100.txt 69 69 69 69 69 69 69 69 69 69
\basestation_500_0\small_dataset\g_20.txt 10 10 10 10 10 10 10 10 10 10
\basestation_500_0\small_dataset\g_25.txt 18 18 18 18 18 18 18 18 18 18
\basestation_500_0\small_dataset\g_30.txt 0 0 0 0 0 0 0 0 0 0
\basestation_500_0\small_dataset\g_35.txt 6 6 6 6 6 6 6 6 6 6
\basestation_500_0\small_dataset\g_40.txt 14 14 14 14 14 14 14 14 14 14
\basestation_500_0\small_dataset\g_45.txt 14 14 14 14 14 14 14 14 14 14
\basestation_500_0\small_dataset\g_50.txt 24 24 24 24 24 24 24 24 24 24
\basestation_500_0\small_dataset\g_60.txt 24 24 24 24 24 24 24 24 24 24
\basestation_500_0\small_dataset\g_75.txt 41 41 41 41 41 41 41 41 41 41
\basestation_500_0\small_dataset\g_90.txt 57 57 57 57 57 57 57 57 57 57
\basestation_500_500\small_dataset\g_100.txt 77 77 77 77 77 77 77 77 77 77
\basestation_500_500\small_dataset\g_20.txt 0 0 0 0 0 0 0 0 0 0
\basestation_500_500\small_dataset\g_25.txt 6 6 6 6 6 6 6 6 6 6
\basestation_500_500\small_dataset\g_30.txt 23 23 23 23 23 23 23 23 23 23
\basestation_500_500\small_dataset\g_35.txt 14 14 14 14 14 14 14 14 14 14
\basestation_500_500\small_dataset\g_40.txt 12 12 12 12 12 12 12 12 12 12
\basestation_500_500\small_dataset\g_45.txt 26 26 26 26 26 26 26 26 26 26
\basestation_500_500\small_dataset\g_50.txt 13 13 13 13 13 13 13 13 13 13
\basestation_500_500\small_dataset\g_60.txt 36 36 36 36 36 36 36 36 36 36
\basestation_500_500\small_dataset\g_75.txt 37 37 37 37 37 37 37 37 37 37
\basestation_500_500\small_dataset\g_90.txt 68 68 68 68 68 68 68 68 68 68
