0 0
35 24 0.346371994 9307.256012
95 28 0.459279488 9081.441024
156 32 0.309772298 9380.455404
202 42 0.38849576 9223.00848
325 43 0.16543 9669.14
378 37 0.38395967 9232.08066
463 45 0.157758286 9684.483428
64 111 0.157758286 9684.483428
127 103 0.2454 9509.2
185 106 0.65722684 8685.54632
252 93 0.68560266 8628.79468
313 103 0.464109182 9071.781636
382 101 0.47536656 9049.26688
449 106 0.324560044 9350.879912
33 164 0.324560044 9350.879912
133 194 0.28725 9425.5
191 164 0.3136584 9372.6832
262 177 0.3136584 9372.6832
311 163 0.305702808 9388.594384
377 183 0.161755544 9676.488912
463 179 0.08244 9835.12
56 253 0.08244 9835.12
135 259 0.660581196 8678.837608
188 253 0.660581196 8678.837608
240 249 0.08217 9835.66
338 236 0.08217 9835.66
384 265 0.06572482 9868.55036
462 238 0.180701216 9638.597568
52 295 0.20537 9589.26
112 316 0.771447572 8457.104856
203 323 0.41123 9177.54
267 318 0.887413444 8225.173112
308 338 0.983220796 8033.558408
384 335 0.983220796 8033.558408
447 304 0.16071677 9678.56646
32 399 0.04115 9917.7
109 384 0.644101848 8711.796304
157 376 0.224270256 9551.459488
226 374 0.17494866 9650.10268
318 410 0.3995154 9200.9692
404 410 0.56619912 8867.60176
474 387 0.04152 9916.96
46 446 0.14246315 9715.0737
92 446 0.394944432 9210.111136
161 450 0.201878794 9596.242412
226 443 0.20296259 9594.07482
313 446 0.135173164 9729.653672
401 466 0.23066079 9538.67842
459 450 0.243586 9512.828
344 378 0.883807696 8232.384608
