filename E_MC #1 #2 #3 #4 #5 #6 #7 #8 #9 #10
u125_01_simulated.txt 13500.0 72 72 72 72 72 72 72 72 72 72 
u125_02_simulated.txt 13500.0 72 72 72 72 72 72 72 72 72 72 
u125_03_simulated.txt 13500.0 66 66 66 66 66 66 66 66 66 66 
u125_04_simulated.txt 13500.0 58 58 58 58 58 58 58 58 58 58 
u125_05_simulated.txt 13500.0 66 66 66 66 66 66 66 66 66 66 
u125_06_simulated.txt 13500.0 54 54 54 54 54 54 54 54 54 54 
u125_07_simulated.txt 13500.0 42 42 42 42 42 42 42 42 42 42 
u125_08_simulated.txt 13500.0 78 78 78 78 78 78 78 78 78 78 
u125_09_simulated.txt 13500.0 81 81 81 81 81 81 81 81 81 81 
u125_010_simulated.txt 13500.0 77 77 77 77 77 77 77 77 77 77 
u150_01_simulated.txt 13500.0 86 86 86 86 86 86 86 86 86 86 
u150_02_simulated.txt 13500.0 93 93 93 93 93 93 93 93 93 93 
u150_03_simulated.txt 13500.0 98 98 98 98 98 98 98 98 98 98 
u150_04_simulated.txt 13500.0 82 82 82 82 82 82 82 82 82 82 
u150_05_simulated.txt 13500.0 81 81 81 81 81 81 81 81 81 81 
u150_06_simulated.txt 13500.0 103 103 103 103 103 103 103 103 103 103 
u150_07_simulated.txt 13500.0 96 96 96 96 96 96 96 96 96 96 
u150_08_simulated.txt 13500.0 91 91 91 91 91 91 91 91 91 91 
u150_09_simulated.txt 13500.0 82 82 82 82 82 82 82 82 82 82 
u150_010_simulated.txt 13500.0 91 91 91 91 91 91 91 91 91 91 
u175_01_simulated.txt 13500.0 103 103 103 103 103 103 103 103 103 103 
u175_02_simulated.txt 13500.0 106 106 106 106 106 106 106 106 106 106 
u175_03_simulated.txt 13500.0 116 116 116 116 116 116 116 116 116 116 
u175_04_simulated.txt 13500.0 96 96 96 96 96 96 96 96 96 96 
u175_05_simulated.txt 13500.0 115 115 115 115 115 115 115 115 115 115 
u175_06_simulated.txt 13500.0 100 100 100 100 100 100 100 100 100 100 
u175_07_simulated.txt 13500.0 102 102 102 102 102 102 102 102 102 102 
u175_08_simulated.txt 13500.0 112 112 112 112 112 112 112 112 112 112 
u175_09_simulated.txt 13500.0 114 114 114 114 114 114 114 114 114 114 
u175_010_simulated.txt 13500.0 108 108 108 108 108 108 108 108 108 108 
u200_01_simulated.txt 13500.0 131 131 131 131 131 131 131 131 131 131 
u200_02_simulated.txt 13500.0 131 131 131 131 131 131 131 131 131 131 
u200_03_simulated.txt 13500.0 147 147 147 147 147 147 147 147 147 147 
u200_04_simulated.txt 13500.0 139 139 139 139 139 139 139 139 139 139 
u200_05_simulated.txt 13500.0 135 135 135 135 135 135 135 135 135 135 
u200_06_simulated.txt 13500.0 139 139 139 139 139 139 139 139 139 139 
u200_07_simulated.txt 13500.0 109 109 109 109 109 109 109 109 109 109 
u200_08_simulated.txt 13500.0 131 131 131 131 131 131 131 131 131 131 
u200_09_simulated.txt 13500.0 136 136 136 136 136 136 136 136 136 136 
u200_010_simulated.txt 13500.0 133 133 133 133 133 133 133 133 133 133 
u125_01_simulated.txt 27000.0 69 69 69 69 69 69 69 69 69 69 
u125_02_simulated.txt 27000.0 74 74 74 74 74 74 74 74 74 74 
u125_03_simulated.txt 27000.0 65 65 65 65 65 65 65 65 65 65 
u125_04_simulated.txt 27000.0 58 58 58 58 58 58 58 58 58 58 
u125_05_simulated.txt 27000.0 64 64 64 64 64 64 64 64 64 64 
u125_06_simulated.txt 27000.0 55 55 55 55 55 55 55 55 55 55 
u125_07_simulated.txt 27000.0 41 41 41 41 41 41 41 41 41 41 
u125_08_simulated.txt 27000.0 75 75 75 75 75 75 75 75 75 75 
u125_09_simulated.txt 27000.0 78 78 78 78 78 78 78 78 78 78 
u125_010_simulated.txt 27000.0 75 75 75 75 75 75 75 75 75 75 
u150_01_simulated.txt 27000.0 86 86 86 86 86 86 86 86 86 86 
u150_02_simulated.txt 27000.0 90 90 90 90 90 90 90 90 90 90 
u150_03_simulated.txt 27000.0 95 95 95 95 95 95 95 95 95 95 
u150_04_simulated.txt 27000.0 84 84 84 84 84 84 84 84 84 84 
u150_05_simulated.txt 27000.0 78 78 78 78 78 78 78 78 78 78 
u150_06_simulated.txt 27000.0 98 98 98 98 98 98 98 98 98 98 
u150_07_simulated.txt 27000.0 93 93 93 93 93 93 93 93 93 93 
u150_08_simulated.txt 27000.0 87 87 87 87 87 87 87 87 87 87 
u150_09_simulated.txt 27000.0 80 80 80 80 80 80 80 80 80 80 
u150_010_simulated.txt 27000.0 91 91 91 91 91 91 91 91 91 91 
u175_01_simulated.txt 27000.0 104 104 104 104 104 104 104 104 104 104 
u175_02_simulated.txt 27000.0 107 107 107 107 107 107 107 107 107 107 
u175_03_simulated.txt 27000.0 117 117 117 117 117 117 117 117 117 117 
u175_04_simulated.txt 27000.0 96 96 96 96 96 96 96 96 96 96 
u175_05_simulated.txt 27000.0 110 110 110 110 110 110 110 110 110 110 
u175_06_simulated.txt 27000.0 103 103 103 103 103 103 103 103 103 103 
u175_07_simulated.txt 27000.0 106 106 106 106 106 106 106 106 106 106 
u175_08_simulated.txt 27000.0 115 115 115 115 115 115 115 115 115 115 
u175_09_simulated.txt 27000.0 114 114 114 114 114 114 114 114 114 114 
u175_010_simulated.txt 27000.0 107 107 107 107 107 107 107 107 107 107 
u200_01_simulated.txt 27000.0 131 131 131 131 131 131 131 131 131 131 
u200_02_simulated.txt 27000.0 131 131 131 131 131 131 131 131 131 131 
u200_03_simulated.txt 27000.0 144 144 144 144 144 144 144 144 144 144 
u200_04_simulated.txt 27000.0 141 141 141 141 141 141 141 141 141 141 
u200_05_simulated.txt 27000.0 135 135 135 135 135 135 135 135 135 135 
u200_06_simulated.txt 27000.0 141 141 141 141 141 141 141 141 141 141 
u200_07_simulated.txt 27000.0 113 113 113 113 113 113 113 113 113 113 
u200_08_simulated.txt 27000.0 129 129 129 129 129 129 129 129 129 129 
u200_09_simulated.txt 27000.0 136 136 136 136 136 136 136 136 136 136 
u200_010_simulated.txt 27000.0 140 140 140 140 140 140 140 140 140 140 
u125_01_simulated.txt 54000.0 68 68 68 68 68 68 68 68 68 68 
u125_02_simulated.txt 54000.0 77 77 77 77 77 77 77 77 77 77 
u125_03_simulated.txt 54000.0 62 62 62 62 62 62 62 62 62 62 
u125_04_simulated.txt 54000.0 59 59 59 59 59 59 59 59 59 59 
u125_05_simulated.txt 54000.0 63 63 63 63 63 63 63 63 63 63 
u125_06_simulated.txt 54000.0 57 57 57 57 57 57 57 57 57 57 
u125_07_simulated.txt 54000.0 37 37 37 37 37 37 37 37 37 37 
u125_08_simulated.txt 54000.0 72 72 72 72 72 72 72 72 72 72 
u125_09_simulated.txt 54000.0 77 77 77 77 77 77 77 77 77 77 
u125_010_simulated.txt 54000.0 75 75 75 75 75 75 75 75 75 75 
u150_01_simulated.txt 54000.0 84 84 84 84 84 84 84 84 84 84 
u150_02_simulated.txt 54000.0 90 90 90 90 90 90 90 90 90 90 
u150_03_simulated.txt 54000.0 92 92 92 92 92 92 92 92 92 92 
u150_04_simulated.txt 54000.0 82 82 82 82 82 82 82 82 82 82 
u150_05_simulated.txt 54000.0 78 78 78 78 78 78 78 78 78 78 
u150_06_simulated.txt 54000.0 98 98 98 98 98 98 98 98 98 98 
u150_07_simulated.txt 54000.0 94 94 94 94 94 94 94 94 94 94 
u150_08_simulated.txt 54000.0 88 88 88 88 88 88 88 88 88 88 
u150_09_simulated.txt 54000.0 83 83 83 83 83 83 83 83 83 83 
u150_010_simulated.txt 54000.0 89 89 89 89 89 89 89 89 89 89 
u175_01_simulated.txt 54000.0 105 105 105 105 105 105 105 105 105 105 
u175_02_simulated.txt 54000.0 109 109 109 109 109 109 109 109 109 109 
u175_03_simulated.txt 54000.0 117 117 117 117 117 117 117 117 117 117 
u175_04_simulated.txt 54000.0 97 97 97 97 97 97 97 97 97 97 
u175_05_simulated.txt 54000.0 113 113 113 113 113 113 113 113 113 113 
u175_06_simulated.txt 54000.0 105 105 105 105 105 105 105 105 105 105 
u175_07_simulated.txt 54000.0 101 101 101 101 101 101 101 101 101 101 
u175_08_simulated.txt 54000.0 109 109 109 109 109 109 109 109 109 109 
u175_09_simulated.txt 54000.0 112 112 112 112 112 112 112 112 112 112 
u175_010_simulated.txt 54000.0 110 110 110 110 110 110 110 110 110 110 
u200_01_simulated.txt 54000.0 131 131 131 131 131 131 131 131 131 131 
u200_02_simulated.txt 54000.0 131 131 131 131 131 131 131 131 131 131 
u200_03_simulated.txt 54000.0 144 144 144 144 144 144 144 144 144 144 
u200_04_simulated.txt 54000.0 142 142 142 142 142 142 142 142 142 142 
u200_05_simulated.txt 54000.0 133 133 133 133 133 133 133 133 133 133 
u200_06_simulated.txt 54000.0 137 137 137 137 137 137 137 137 137 137 
u200_07_simulated.txt 54000.0 108 108 108 108 108 108 108 108 108 108 
u200_08_simulated.txt 54000.0 127 127 127 127 127 127 127 127 127 127 
u200_09_simulated.txt 54000.0 137 137 137 137 137 137 137 137 137 137 
u200_010_simulated.txt 54000.0 135 135 135 135 135 135 135 135 135 135 
u125_01_simulated.txt 81000.0 67 67 67 67 67 67 67 67 67 67 
u125_02_simulated.txt 81000.0 73 73 73 73 73 73 73 73 73 73 
u125_03_simulated.txt 81000.0 63 63 63 63 63 63 63 63 63 63 
u125_04_simulated.txt 81000.0 59 59 59 59 59 59 59 59 59 59 
u125_05_simulated.txt 81000.0 63 63 63 63 63 63 63 63 63 63 
u125_06_simulated.txt 81000.0 58 58 58 58 58 58 58 58 58 58 
u125_07_simulated.txt 81000.0 35 35 35 35 35 35 35 35 35 35 
u125_08_simulated.txt 81000.0 72 72 72 72 72 72 72 72 72 72 
u125_09_simulated.txt 81000.0 80 80 80 80 80 80 80 80 80 80 
u125_010_simulated.txt 81000.0 74 74 74 74 74 74 74 74 74 74 
u150_01_simulated.txt 81000.0 88 88 88 88 88 88 88 88 88 88 
u150_02_simulated.txt 81000.0 90 90 90 90 90 90 90 90 90 90 
u150_03_simulated.txt 81000.0 94 94 94 94 94 94 94 94 94 94 
u150_04_simulated.txt 81000.0 81 81 81 81 81 81 81 81 81 81 
u150_05_simulated.txt 81000.0 80 80 80 80 80 80 80 80 80 80 
u150_06_simulated.txt 81000.0 96 96 96 96 96 96 96 96 96 96 
u150_07_simulated.txt 81000.0 95 95 95 95 95 95 95 95 95 95 
u150_08_simulated.txt 81000.0 89 89 89 89 89 89 89 89 89 89 
u150_09_simulated.txt 81000.0 83 83 83 83 83 83 83 83 83 83 
u150_010_simulated.txt 81000.0 84 84 84 84 84 84 84 84 84 84 
u175_01_simulated.txt 81000.0 103 103 103 103 103 103 103 103 103 103 
u175_02_simulated.txt 81000.0 108 108 108 108 108 108 108 108 108 108 
u175_03_simulated.txt 81000.0 116 116 116 116 116 116 116 116 116 116 
u175_04_simulated.txt 81000.0 95 95 95 95 95 95 95 95 95 95 
u175_05_simulated.txt 81000.0 116 116 116 116 116 116 116 116 116 116 
u175_06_simulated.txt 81000.0 101 101 101 101 101 101 101 101 101 101 
u175_07_simulated.txt 81000.0 106 106 106 106 106 106 106 106 106 106 
u175_08_simulated.txt 81000.0 114 114 114 114 114 114 114 114 114 114 
u175_09_simulated.txt 81000.0 109 109 109 109 109 109 109 109 109 109 
u175_010_simulated.txt 81000.0 110 110 110 110 110 110 110 110 110 110 
u200_01_simulated.txt 81000.0 130 130 130 130 130 130 130 130 130 130 
u200_02_simulated.txt 81000.0 130 130 130 130 130 130 130 130 130 130 
u200_03_simulated.txt 81000.0 142 142 142 142 142 142 142 142 142 142 
u200_04_simulated.txt 81000.0 140 140 140 140 140 140 140 140 140 140 
u200_05_simulated.txt 81000.0 133 133 133 133 133 133 133 133 133 133 
u200_06_simulated.txt 81000.0 139 139 139 139 139 139 139 139 139 139 
u200_07_simulated.txt 81000.0 107 107 107 107 107 107 107 107 107 107 
u200_08_simulated.txt 81000.0 128 128 128 128 128 128 128 128 128 128 
u200_09_simulated.txt 81000.0 135 135 135 135 135 135 135 135 135 135 
u200_010_simulated.txt 81000.0 138 138 138 138 138 138 138 138 138 138 
u125_01_simulated.txt 108000.0 69 69 69 69 69 69 69 69 69 69 
u125_02_simulated.txt 108000.0 73 73 73 73 73 73 73 73 73 73 
u125_03_simulated.txt 108000.0 63 63 63 63 63 63 63 63 63 63 
u125_04_simulated.txt 108000.0 59 59 59 59 59 59 59 59 59 59 
u125_05_simulated.txt 108000.0 63 63 63 63 63 63 63 63 63 63 
u125_06_simulated.txt 108000.0 56 56 56 56 56 56 56 56 56 56 
u125_07_simulated.txt 108000.0 40 40 40 40 40 40 40 40 40 40 
u125_08_simulated.txt 108000.0 73 73 73 73 73 73 73 73 73 73 
u125_09_simulated.txt 108000.0 75 75 75 75 75 75 75 75 75 75 
u125_010_simulated.txt 108000.0 79 79 79 79 79 79 79 79 79 79 
u150_01_simulated.txt 108000.0 83 83 83 83 83 83 83 83 83 83 
u150_02_simulated.txt 108000.0 88 88 88 88 88 88 88 88 88 88 
u150_03_simulated.txt 108000.0 93 93 93 93 93 93 93 93 93 93 
u150_04_simulated.txt 108000.0 82 82 82 82 82 82 82 82 82 82 
u150_05_simulated.txt 108000.0 79 79 79 79 79 79 79 79 79 79 
u150_06_simulated.txt 108000.0 99 99 99 99 99 99 99 99 99 99 
u150_07_simulated.txt 108000.0 96 96 96 96 96 96 96 96 96 96 
u150_08_simulated.txt 108000.0 84 84 84 84 84 84 84 84 84 84 
u150_09_simulated.txt 108000.0 83 83 83 83 83 83 83 83 83 83 
u150_010_simulated.txt 108000.0 86 86 86 86 86 86 86 86 86 86 
u175_01_simulated.txt 108000.0 102 102 102 102 102 102 102 102 102 102 
u175_02_simulated.txt 108000.0 103 103 103 103 103 103 103 103 103 103 
u175_03_simulated.txt 108000.0 113 113 113 113 113 113 113 113 113 113 
u175_04_simulated.txt 108000.0 96 96 96 96 96 96 96 96 96 96 
u175_05_simulated.txt 108000.0 111 111 111 111 111 111 111 111 111 111 
u175_06_simulated.txt 108000.0 103 103 103 103 103 103 103 103 103 103 
u175_07_simulated.txt 108000.0 102 102 102 102 102 102 102 102 102 102 
u175_08_simulated.txt 108000.0 113 113 113 113 113 113 113 113 113 113 
u175_09_simulated.txt 108000.0 113 113 113 113 113 113 113 113 113 113 
u175_010_simulated.txt 108000.0 110 110 110 110 110 110 110 110 110 110 
u200_01_simulated.txt 108000.0 128 128 128 128 128 128 128 128 128 128 
u200_02_simulated.txt 108000.0 128 128 128 128 128 128 128 128 128 128 
u200_03_simulated.txt 108000.0 145 145 145 145 145 145 145 145 145 145 
u200_04_simulated.txt 108000.0 139 139 139 139 139 139 139 139 139 139 
u200_05_simulated.txt 108000.0 132 132 132 132 132 132 132 132 132 132 
u200_06_simulated.txt 108000.0 139 139 139 139 139 139 139 139 139 139 
u200_07_simulated.txt 108000.0 106 106 106 106 106 106 106 106 106 106 
u200_08_simulated.txt 108000.0 130 130 130 130 130 130 130 130 130 130 
u200_09_simulated.txt 108000.0 133 133 133 133 133 133 133 133 133 133 
u200_010_simulated.txt 108000.0 139 139 139 139 139 139 139 139 139 139 
