filename xP #1 #2 #3 #4 #5 #6 #7 #8 #9 #10
n125_01_simulated.txt 1.0 20 20 20 20 20 20 20 20 20 20 
n125_02_simulated.txt 1.0 28 28 28 28 28 28 28 28 28 28 
n125_03_simulated.txt 1.0 40 40 40 40 40 40 40 40 40 40 
n125_04_simulated.txt 1.0 22 22 22 22 22 22 22 22 22 22 
n125_05_simulated.txt 1.0 27 27 27 27 27 27 27 27 27 27 
n125_06_simulated.txt 1.0 17 17 17 17 17 17 17 17 17 17 
n125_07_simulated.txt 1.0 24 24 24 24 24 24 24 24 24 24 
n125_08_simulated.txt 1.0 34 34 34 34 34 34 34 34 34 34 
n125_09_simulated.txt 1.0 36 36 36 36 36 36 36 36 36 36 
n125_010_simulated.txt 1.0 29 29 29 29 29 29 29 29 29 29 
n150_01_simulated.txt 1.0 46 46 46 46 46 46 46 46 46 46 
n150_02_simulated.txt 1.0 24 24 24 24 24 24 24 24 24 24 
n150_03_simulated.txt 1.0 57 57 57 57 57 57 57 57 57 57 
n150_04_simulated.txt 1.0 47 47 47 47 47 47 47 47 47 47 
n150_05_simulated.txt 1.0 46 46 46 46 46 46 46 46 46 46 
n150_06_simulated.txt 1.0 41 41 41 41 41 41 41 41 41 41 
n150_07_simulated.txt 1.0 32 32 32 32 32 32 32 32 32 32 
n150_08_simulated.txt 1.0 65 65 65 65 65 65 65 65 65 65 
n150_09_simulated.txt 1.0 47 47 47 47 47 47 47 47 47 47 
n150_010_simulated.txt 1.0 34 34 34 34 34 34 34 34 34 34 
n175_01_simulated.txt 1.0 64 64 64 64 64 64 64 64 64 64 
n175_02_simulated.txt 1.0 49 49 49 49 49 49 49 49 49 49 
n175_03_simulated.txt 1.0 70 70 70 70 70 70 70 70 70 70 
n175_04_simulated.txt 1.0 55 55 55 55 55 55 55 55 55 55 
n175_05_simulated.txt 1.0 75 75 75 75 75 75 75 75 75 75 
n175_06_simulated.txt 1.0 49 49 49 49 49 49 49 49 49 49 
n175_07_simulated.txt 1.0 84 84 84 84 84 84 84 84 84 84 
n175_08_simulated.txt 1.0 57 57 57 57 57 57 57 57 57 57 
n175_09_simulated.txt 1.0 66 66 66 66 66 66 66 66 66 66 
n175_010_simulated.txt 1.0 54 54 54 54 54 54 54 54 54 54 
n200_01_simulated.txt 1.0 67 67 67 67 67 67 67 67 67 67 
n200_02_simulated.txt 1.0 67 67 67 67 67 67 67 67 67 67 
n200_03_simulated.txt 1.0 73 73 73 73 73 73 73 73 73 73 
n200_04_simulated.txt 1.0 67 67 67 67 67 67 67 67 67 67 
n200_05_simulated.txt 1.0 91 91 91 91 91 91 91 91 91 91 
n200_06_simulated.txt 1.0 73 73 73 73 73 73 73 73 73 73 
n200_07_simulated.txt 1.0 79 79 79 79 79 79 79 79 79 79 
n200_08_simulated.txt 1.0 83 83 83 83 83 83 83 83 83 83 
n200_09_simulated.txt 1.0 95 95 95 95 95 95 95 95 95 95 
n200_010_simulated.txt 1.0 94 94 94 94 94 94 94 94 94 94 
n125_01_simulated.txt 1.5 37 37 37 37 37 37 37 37 37 37 
n125_02_simulated.txt 1.5 41 41 41 41 41 41 41 41 41 41 
n125_03_simulated.txt 1.5 53 53 53 53 53 53 53 53 53 53 
n125_04_simulated.txt 1.5 36 36 36 36 36 36 36 36 36 36 
n125_05_simulated.txt 1.5 41 41 41 41 41 41 41 41 41 41 
n125_06_simulated.txt 1.5 33 33 33 33 33 33 33 33 33 33 
n125_07_simulated.txt 1.5 42 42 42 42 42 42 42 42 42 42 
n125_08_simulated.txt 1.5 40 40 40 40 40 40 40 40 40 40 
n125_09_simulated.txt 1.5 55 55 55 55 55 55 55 55 55 55 
n125_010_simulated.txt 1.5 49 49 49 49 49 49 49 49 49 49 
n150_01_simulated.txt 1.5 63 63 63 63 63 63 63 63 63 63 
n150_02_simulated.txt 1.5 49 49 49 49 49 49 49 49 49 49 
n150_03_simulated.txt 1.5 71 71 71 71 71 71 71 71 71 71 
n150_04_simulated.txt 1.5 69 69 69 69 69 69 69 69 69 69 
n150_05_simulated.txt 1.5 68 68 68 68 68 68 68 68 68 68 
n150_06_simulated.txt 1.5 67 67 67 67 67 67 67 67 67 67 
n150_07_simulated.txt 1.5 56 56 56 56 56 56 56 56 56 56 
n150_08_simulated.txt 1.5 88 88 88 88 88 88 88 88 88 88 
n150_09_simulated.txt 1.5 64 64 64 64 64 64 64 64 64 64 
n150_010_simulated.txt 1.5 52 52 52 52 52 52 52 52 52 52 
n175_01_simulated.txt 1.5 88 88 88 88 88 88 88 88 88 88 
n175_02_simulated.txt 1.5 73 73 73 73 73 73 73 73 73 73 
n175_03_simulated.txt 1.5 91 91 91 91 91 91 91 91 91 91 
n175_04_simulated.txt 1.5 80 80 80 80 80 80 80 80 80 80 
n175_05_simulated.txt 1.5 91 91 91 91 91 91 91 91 91 91 
n175_06_simulated.txt 1.5 64 64 64 64 64 64 64 64 64 64 
n175_07_simulated.txt 1.5 105 105 105 105 105 105 105 105 105 105 
n175_08_simulated.txt 1.5 81 81 81 81 81 81 81 81 81 81 
n175_09_simulated.txt 1.5 87 87 87 87 87 87 87 87 87 87 
n175_010_simulated.txt 1.5 76 76 76 76 76 76 76 76 76 76 
n200_01_simulated.txt 1.5 98 98 98 98 98 98 98 98 98 98 
n200_02_simulated.txt 1.5 98 98 98 98 98 98 98 98 98 98 
n200_03_simulated.txt 1.5 99 99 99 99 99 99 99 99 99 99 
n200_04_simulated.txt 1.5 91 91 91 91 91 91 91 91 91 91 
n200_05_simulated.txt 1.5 120 120 120 120 120 120 120 120 120 120 
n200_06_simulated.txt 1.5 102 102 102 102 102 102 102 102 102 102 
n200_07_simulated.txt 1.5 94 94 94 94 94 94 94 94 94 94 
n200_08_simulated.txt 1.5 113 113 113 113 113 113 113 113 113 113 
n200_09_simulated.txt 1.5 125 125 125 125 125 125 125 125 125 125 
n200_010_simulated.txt 1.5 114 114 114 114 114 114 114 114 114 114 
n125_01_simulated.txt 2.0 49 49 49 49 49 49 49 49 49 49 
n125_02_simulated.txt 2.0 55 55 55 55 55 55 55 55 55 55 
n125_03_simulated.txt 2.0 61 61 61 61 61 61 61 61 61 61 
n125_04_simulated.txt 2.0 48 48 48 48 48 48 48 48 48 48 
n125_05_simulated.txt 2.0 53 53 53 53 53 53 53 53 53 53 
n125_06_simulated.txt 2.0 52 52 52 52 52 52 52 52 52 52 
n125_07_simulated.txt 2.0 52 52 52 52 52 52 52 52 52 52 
n125_08_simulated.txt 2.0 53 53 53 53 53 53 53 53 53 53 
n125_09_simulated.txt 2.0 67 67 67 67 67 67 67 67 67 67 
n125_010_simulated.txt 2.0 60 60 60 60 60 60 60 60 60 60 
n150_01_simulated.txt 2.0 77 77 77 77 77 77 77 77 77 77 
n150_02_simulated.txt 2.0 66 66 66 66 66 66 66 66 66 66 
n150_03_simulated.txt 2.0 89 89 89 89 89 89 89 89 89 89 
n150_04_simulated.txt 2.0 79 79 79 79 79 79 79 79 79 79 
n150_05_simulated.txt 2.0 81 81 81 81 81 81 81 81 81 81 
n150_06_simulated.txt 2.0 86 86 86 86 86 86 86 86 86 86 
n150_07_simulated.txt 2.0 76 76 76 76 76 76 76 76 76 76 
n150_08_simulated.txt 2.0 103 103 103 103 103 103 103 103 103 103 
n150_09_simulated.txt 2.0 79 79 79 79 79 79 79 79 79 79 
n150_010_simulated.txt 2.0 73 73 73 73 73 73 73 73 73 73 
n175_01_simulated.txt 2.0 104 104 104 104 104 104 104 104 104 104 
n175_02_simulated.txt 2.0 103 103 103 103 103 103 103 103 103 103 
n175_03_simulated.txt 2.0 123 123 123 123 123 123 123 123 123 123 
n175_04_simulated.txt 2.0 115 115 115 115 115 115 115 115 115 115 
n175_05_simulated.txt 2.0 103 103 103 103 103 103 103 103 103 103 
n175_06_simulated.txt 2.0 91 91 91 91 91 91 91 91 91 91 
n175_07_simulated.txt 2.0 121 121 121 121 121 121 121 121 121 121 
n175_08_simulated.txt 2.0 110 110 110 110 110 110 110 110 110 110 
n175_09_simulated.txt 2.0 110 110 110 110 110 110 110 110 110 110 
n175_010_simulated.txt 2.0 114 114 114 114 114 114 114 114 114 114 
n200_01_simulated.txt 2.0 122 122 122 122 122 122 122 122 122 122 
n200_02_simulated.txt 2.0 122 122 122 122 122 122 122 122 122 122 
n200_03_simulated.txt 2.0 125 125 125 125 125 125 125 125 125 125 
n200_04_simulated.txt 2.0 127 127 127 127 127 127 127 127 127 127 
n200_05_simulated.txt 2.0 127 127 127 127 127 127 127 127 127 127 
n200_06_simulated.txt 2.0 132 132 132 132 132 132 132 132 132 132 
n200_07_simulated.txt 2.0 123 123 123 123 123 123 123 123 123 123 
n200_08_simulated.txt 2.0 136 136 136 136 136 136 136 136 136 136 
n200_09_simulated.txt 2.0 146 146 146 146 146 146 146 146 146 146 
n200_010_simulated.txt 2.0 133 133 133 133 133 133 133 133 133 133 
n125_01_simulated.txt 2.5 54 54 54 54 54 54 54 54 54 54 
n125_02_simulated.txt 2.5 64 64 64 64 64 64 64 64 64 64 
n125_03_simulated.txt 2.5 69 69 69 69 69 69 69 69 69 69 
n125_04_simulated.txt 2.5 57 57 57 57 57 57 57 57 57 57 
n125_05_simulated.txt 2.5 61 61 61 61 61 61 61 61 61 61 
n125_06_simulated.txt 2.5 61 61 61 61 61 61 61 61 61 61 
n125_07_simulated.txt 2.5 57 57 57 57 57 57 57 57 57 57 
n125_08_simulated.txt 2.5 60 60 60 60 60 60 60 60 60 60 
n125_09_simulated.txt 2.5 75 75 75 75 75 75 75 75 75 75 
n125_010_simulated.txt 2.5 69 69 69 69 69 69 69 69 69 69 
n150_01_simulated.txt 2.5 86 86 86 86 86 86 86 86 86 86 
n150_02_simulated.txt 2.5 80 80 80 80 80 80 80 80 80 80 
n150_03_simulated.txt 2.5 97 97 97 97 97 97 97 97 97 97 
n150_04_simulated.txt 2.5 87 87 87 87 87 87 87 87 87 87 
n150_05_simulated.txt 2.5 93 93 93 93 93 93 93 93 93 93 
n150_06_simulated.txt 2.5 95 95 95 95 95 95 95 95 95 95 
n150_07_simulated.txt 2.5 81 81 81 81 81 81 81 81 81 81 
n150_08_simulated.txt 2.5 115 115 115 115 115 115 115 115 115 115 
n150_09_simulated.txt 2.5 86 86 86 86 86 86 86 86 86 86 
n150_010_simulated.txt 2.5 79 79 79 79 79 79 79 79 79 79 
n175_01_simulated.txt 2.5 116 116 116 116 116 116 116 116 116 116 
n175_02_simulated.txt 2.5 114 114 114 114 114 114 114 114 114 114 
n175_03_simulated.txt 2.5 136 136 136 136 136 136 136 136 136 136 
n175_04_simulated.txt 2.5 119 119 119 119 119 119 119 119 119 119 
n175_05_simulated.txt 2.5 119 119 119 119 119 119 119 119 119 119 
n175_06_simulated.txt 2.5 108 108 108 108 108 108 108 108 108 108 
n175_07_simulated.txt 2.5 136 136 136 136 136 136 136 136 136 136 
n175_08_simulated.txt 2.5 119 119 119 119 119 119 119 119 119 119 
n175_09_simulated.txt 2.5 126 126 126 126 126 126 126 126 126 126 
n175_010_simulated.txt 2.5 120 120 120 120 120 120 120 120 120 120 
n200_01_simulated.txt 2.5 140 140 140 140 140 140 140 140 140 140 
n200_02_simulated.txt 2.5 140 140 140 140 140 140 140 140 140 140 
n200_03_simulated.txt 2.5 153 153 153 153 153 153 153 153 153 153 
n200_04_simulated.txt 2.5 133 133 133 133 133 133 133 133 133 133 
n200_05_simulated.txt 2.5 135 135 135 135 135 135 135 135 135 135 
n200_06_simulated.txt 2.5 141 141 141 141 141 141 141 141 141 141 
n200_07_simulated.txt 2.5 137 137 137 137 137 137 137 137 137 137 
n200_08_simulated.txt 2.5 145 145 145 145 145 145 145 145 145 145 
n200_09_simulated.txt 2.5 154 154 154 154 154 154 154 154 154 154 
n200_010_simulated.txt 2.5 144 144 144 144 144 144 144 144 144 144 
n125_01_simulated.txt 3.0 59 59 59 59 59 59 59 59 59 59 
n125_02_simulated.txt 3.0 72 72 72 72 72 72 72 72 72 72 
n125_03_simulated.txt 3.0 73 73 73 73 73 73 73 73 73 73 
n125_04_simulated.txt 3.0 63 63 63 63 63 63 63 63 63 63 
n125_05_simulated.txt 3.0 66 66 66 66 66 66 66 66 66 66 
n125_06_simulated.txt 3.0 63 63 63 63 63 63 63 63 63 63 
n125_07_simulated.txt 3.0 62 62 62 62 62 62 62 62 62 62 
n125_08_simulated.txt 3.0 65 65 65 65 65 65 65 65 65 65 
n125_09_simulated.txt 3.0 93 93 93 93 93 93 93 93 93 93 
n125_010_simulated.txt 3.0 84 84 84 84 84 84 84 84 84 84 
n150_01_simulated.txt 3.0 103 103 103 103 103 103 103 103 103 103 
n150_02_simulated.txt 3.0 104 104 104 104 104 104 104 104 104 104 
n150_03_simulated.txt 3.0 117 117 117 117 117 117 117 117 117 117 
n150_04_simulated.txt 3.0 110 110 110 110 110 110 110 110 110 110 
n150_05_simulated.txt 3.0 111 111 111 111 111 111 111 111 111 111 
n150_06_simulated.txt 3.0 107 107 107 107 107 107 107 107 107 107 
n150_07_simulated.txt 3.0 101 101 101 101 101 101 101 101 101 101 
n150_08_simulated.txt 3.0 119 119 119 119 119 119 119 119 119 119 
n150_09_simulated.txt 3.0 109 109 109 109 109 109 109 109 109 109 
n150_010_simulated.txt 3.0 97 97 97 97 97 97 97 97 97 97 
n175_01_simulated.txt 3.0 135 135 135 135 135 135 135 135 135 135 
n175_02_simulated.txt 3.0 125 125 125 125 125 125 125 125 125 125 
n175_03_simulated.txt 3.0 141 141 141 141 141 141 141 141 141 141 
n175_04_simulated.txt 3.0 125 125 125 125 125 125 125 125 125 125 
n175_05_simulated.txt 3.0 123 123 123 123 123 123 123 123 123 123 
n175_06_simulated.txt 3.0 114 114 114 114 114 114 114 114 114 114 
n175_07_simulated.txt 3.0 144 144 144 144 144 144 144 144 144 144 
n175_08_simulated.txt 3.0 124 124 124 124 124 124 124 124 124 124 
n175_09_simulated.txt 3.0 130 130 130 130 130 130 130 130 130 130 
n175_010_simulated.txt 3.0 125 125 125 125 125 125 125 125 125 125 
n200_01_simulated.txt 3.0 149 149 149 149 149 149 149 149 149 149 
n200_02_simulated.txt 3.0 149 149 149 149 149 149 149 149 149 149 
n200_03_simulated.txt 3.0 157 157 157 157 157 157 157 157 157 157 
n200_04_simulated.txt 3.0 149 149 149 149 149 149 149 149 149 149 
n200_05_simulated.txt 3.0 142 142 142 142 142 142 142 142 142 142 
n200_06_simulated.txt 3.0 147 147 147 147 147 147 147 147 147 147 
n200_07_simulated.txt 3.0 140 140 140 140 140 140 140 140 140 140 
n200_08_simulated.txt 3.0 152 152 152 152 152 152 152 152 152 152 
n200_09_simulated.txt 3.0 159 159 159 159 159 159 159 159 159 159 
n200_010_simulated.txt 3.0 148 148 148 148 148 148 148 148 148 148 
