36.0 33.0 8.22646480007e-05 9.917735352 
91.0 29.0 0.000129152176001 9.870847824 
157.0 38.0 0.000230577000001 9.769423 
247.0 20.0 1.22911200001e-05 9.98770888 
299.0 14.0 1.58800000002e-05 9.98412 
384.0 36.0 9.70542000008e-05 9.9029458 
420.0 49.0 8.30688000002e-05 9.9169312 
506.0 28.0 9.6744000001e-05 9.903256 
569.0 36.0 3.99755000007e-05 9.9600245 
616.0 18.0 4.60920960004e-05 9.953907904 
686.0 46.0 6.01061000004e-05 9.9398939 
764.0 20.0 3.19200000003e-05 9.96808 
824.0 40.0 0.000132783416001 9.867216584 
886.0 38.0 0.000100314984001 9.899685016 
891.0 43.0 9.78267600005e-05 9.90217324 
48.0 86.0 4.67612e-05 9.9532388 
104.0 116.0 4.96800000005e-05 9.95032 
157.0 97.0 0.0001271039 9.8728961 
216.0 81.0 0.000208992960002 9.79100704 
281.0 109.0 0.000275726420003 9.72427358 
378.0 96.0 6.54000000006e-05 9.9346 
414.0 91.0 6.54000000006e-05 9.9346 
517.0 90.0 3.695584e-05 9.96304416 
553.0 94.0 3.32000000003e-05 9.9668 
638.0 110.0 4.27495040004e-05 9.957250496 
682.0 99.0 7.7761500001e-05 9.9222385 
750.0 117.0 0.000188280000002 9.81172 
826.0 85.0 0.000180772576001 9.819227424 
917.0 96.0 8.7877764001e-05 9.912122236 
962.0 103.0 4.72951280003e-05 9.952704872 
14.0 171.0 6.82145600002e-05 9.93178544 
90.0 183.0 0.000108136472001 9.891863528 
173.0 160.0 4.92400000005e-05 9.95076 
225.0 148.0 0.000271590112003 9.728409888 
285.0 176.0 0.000334281920002 9.66571808 
367.0 171.0 4.46391840006e-05 9.955360816 
417.0 178.0 0.000126267740001 9.87373226 
481.0 172.0 0.000181423348001 9.818576652 
553.0 181.0 7.81794240005e-05 9.921820576 
642.0 154.0 0.000192960000002 9.80704 
699.0 182.0 0.000260372084002 9.739627916 
758.0 161.0 0.000373378112005 9.626621888 
818.0 157.0 0.000163784188001 9.836215812 
823.0 163.0 0.000271185184003 9.728814816 
950.0 166.0 3.47600000003e-05 9.96524 
17.0 246.0 0.000116822000001 9.883178 
94.0 232.0 0.000125277620001 9.87472238 
162.0 229.0 6.14575600003e-05 9.93854244 
214.0 248.0 0.000117818680001 9.88218132 
303.0 240.0 0.000353553120002 9.64644688 
349.0 249.0 0.00039979916 9.60020084 
439.0 229.0 0.000226018688002 9.773981312 
518.0 214.0 0.000247945760002 9.75205424 
580.0 222.0 0.000128353472001 9.871646528 
617.0 230.0 0.000245053104002 9.754946896 
690.0 231.0 4.90080000001e-05 9.950992 
779.0 244.0 9.6452044001e-05 9.903547956 
819.0 231.0 0.00010285958 9.89714042 
905.0 238.0 2.89655680001e-05 9.971034432 
955.0 252.0 6.40072000007e-05 9.9359928 
21.0 309.0 7.87028000007e-05 9.9212972 
106.0 311.0 6.61200000006e-05 9.93388 
168.0 291.0 0.000127748600001 9.8722514 
231.0 282.0 0.000219507300001 9.7804927 
291.0 307.0 0.000160659552002 9.839340448 
380.0 286.0 0.000538882800006 9.46111719999 
436.0 298.0 0.000668781472006 9.33121852799 
514.0 313.0 0.000523073100002 9.4769269 
575.0 283.0 0.000246960000002 9.75304 
625.0 291.0 0.000335712496004 9.664287504 
683.0 314.0 0.000478921512002 9.521078488 
762.0 296.0 0.0002773472 9.7226528 
836.0 305.0 0.000203471684001 9.796528316 
905.0 292.0 6.54400000006e-05 9.93456 
957.0 315.0 5.97618320004e-05 9.940238168 
23.0 376.0 9.44087400007e-05 9.90559126 
28.0 370.0 0.000107400760001 9.89259924 
174.0 379.0 0.000144216768002 9.855783232 
242.0 356.0 0.000158071760001 9.84192824 
298.0 362.0 0.000111480000001 9.88852 
377.0 383.0 0.000310280000003 9.68972 
419.0 353.0 0.000627535120001 9.37246488 
503.0 384.0 0.000436843960004 9.56315604 
554.0 378.0 0.000576264400008 9.42373559999 
636.0 385.0 3.23600000003e-05 9.96764 
716.0 349.0 0.000409043720001 9.59095628 
774.0 360.0 0.000462913540003 9.53708646 
839.0 360.0 0.000297921900002 9.7020781 
896.0 378.0 0.000130019764001 9.869980236 
974.0 347.0 4.35448320004e-05 9.956455168 
29.0 423.0 0.000195707872001 9.804292128 
97.0 435.0 0.000252695440003 9.74730456 
181.0 434.0 0.00039606424 9.60393576 
252.0 446.0 0.000543636208005 9.45636379199 
286.0 442.0 0.000410559008004 9.589440992 
360.0 438.0 0.000139190600001 9.8608094 
446.0 427.0 0.00175166793201 8.24833206799 
484.0 427.0 0.000540984760005 9.45901523999 
557.0 449.0 0.00116554240001 8.83445759999 
616.0 431.0 0.000604187120005 9.39581287999 
684.0 444.0 0.000413388820004 9.58661118 
759.0 438.0 0.000216520000002 9.78348 
845.0 421.0 0.000229756880003 9.77024312 
893.0 449.0 0.000237088256002 9.762911744 
953.0 419.0 0.000112852000001 9.887148 
46.0 515.0 4.57256000003e-05 9.9542744 
107.0 508.0 0.000180360000002 9.81964 
168.0 488.0 0.000247669980002 9.75233002 
242.0 489.0 0.000405002208004 9.594997792 
283.0 504.0 0.00153027572001 8.46972427999 
378.0 509.0 0.00111978329601 8.88021670399 
447.0 497.0 0.00230966806399 7.69033193601 
508.0 517.0 0.00206078903602 7.93921096398 
567.0 502.0 0.001198175832 8.801824168 
622.0 493.0 0.00119676306401 8.80323693599 
701.0 510.0 4.84864400003e-05 9.95151356 
783.0 517.0 3.36400000003e-05 9.96636 
819.0 515.0 0.000188271999999 9.811728 
889.0 509.0 0.000259467328003 9.740532672 
974.0 489.0 4.9229692e-05 9.950770308 
33.0 585.0 6.35025680007e-05 9.936497432 
103.0 580.0 0.000233947284001 9.766052716 
178.0 556.0 0.000628797572007 9.37120242799 
239.0 570.0 0.00157752276001 8.42247723999 
312.0 571.0 0.00181196544001 8.18803455999 
354.0 581.0 0.00187557218001 8.12442781999 
428.0 571.0 0.00337140466802 6.62859533198 
518.0 559.0 0.000744624919996 9.25537508 
577.0 573.0 0.00126490494 8.73509506 
633.0 561.0 0.00117706016 8.82293984 
696.0 556.0 0.000229200000002 9.7708 
782.0 585.0 0.000147760000001 9.85224 
827.0 563.0 0.000145290928 9.854709072 
911.0 581.0 0.000148894496 9.851105504 
949.0 577.0 1.72000000002e-05 9.9828 
52.0 644.0 9.38262120009e-05 9.906173788 
116.0 633.0 0.000135462488002 9.864537512 
156.0 617.0 0.000394552100004 9.6054479 
247.0 650.0 0.000903282800009 9.09671719999 
252.0 645.0 0.00111552646401 8.88447353599 
383.0 617.0 0.00228333862402 7.71666137598 
434.0 648.0 0.00316748746001 6.83251253999 
503.0 627.0 0.00154367838801 8.45632161199 
569.0 649.0 0.000179570880002 9.82042912 
649.0 637.0 0.00138030838401 8.61969161599 
717.0 632.0 0.000713435080002 9.28656492 
775.0 647.0 0.000617623876006 9.38237612399 
836.0 631.0 0.000391615296004 9.608384704 
917.0 633.0 9.10285600008e-05 9.90897144 
981.0 620.0 6.53758000006e-05 9.9346242 
45.0 716.0 1.55600000002e-05 9.98444 
102.0 714.0 0.000384144800003 9.6158552 
181.0 681.0 0.000683652900002 9.3163471 
241.0 706.0 0.000752420640001 9.24757936 
284.0 692.0 0.000874625652006 9.12537434799 
378.0 681.0 0.00203842170002 7.96157829998 
422.0 687.0 0.00136914810001 8.63085189999 
493.0 695.0 0.00127948751601 8.72051248399 
565.0 700.0 0.000105635164001 9.894364836 
645.0 702.0 0.000774079340007 9.22592065999 
693.0 697.0 0.000545694784005 9.45430521599 
780.0 687.0 0.000664662864003 9.335337136 
846.0 703.0 0.000498314400003 9.5016856 
910.0 684.0 0.000209905476002 9.790094524 
967.0 698.0 6.42365000009e-05 9.9357635 
14.0 775.0 4.80517520004e-05 9.951948248 
109.0 774.0 0.000496185900005 9.50381409999 
158.0 756.0 0.000657567704005 9.34243229599 
226.0 749.0 0.000521988056005 9.478011944 
298.0 767.0 0.000445463748004 9.554536252 
355.0 782.0 0.000309197920001 9.69080208 
434.0 757.0 0.000528275776006 9.47172422399 
506.0 782.0 0.000269941756002 9.730058244 
573.0 778.0 0.000198965984002 9.801034016 
619.0 760.0 8.13600000008e-05 9.91864 
682.0 749.0 0.000734645944007 9.26535405599 
760.0 761.0 0.000570641520005 9.42935848 
837.0 764.0 0.000248700360002 9.75129964 
880.0 772.0 0.000415893800003 9.5841062 
954.0 785.0 0.000163904240002 9.83609576 
48.0 844.0 0.000161934984001 9.838065016 
111.0 824.0 0.000336569984003 9.663430016 
148.0 827.0 0.000392121440004 9.60787856 
230.0 818.0 4.85524960001e-05 9.951447504 
285.0 851.0 3.37200000003e-05 9.96628 
355.0 824.0 0.000281577792003 9.718422208 
418.0 850.0 0.000209429304001 9.790570696 
489.0 849.0 0.000178320000002 9.82168 
571.0 816.0 0.000216127168002 9.783872832 
649.0 851.0 0.000237324000003 9.762676 
697.0 815.0 0.000507247636003 9.492752364 
759.0 830.0 0.000316395576002 9.683604424 
840.0 831.0 0.000160832784001 9.839167216 
894.0 838.0 0.000270810624001 9.729189376 
972.0 826.0 0.000148890304001 9.851109696 
16.0 904.0 6.45698240006e-05 9.935430176 
93.0 893.0 0.000188011400002 9.8119886 
147.0 906.0 0.000259603504 9.740396496 
232.0 916.0 1.69200000002e-05 9.98308 
314.0 887.0 0.000148000600002 9.8519994 
361.0 902.0 0.000214770560002 9.78522944 
422.0 907.0 0.000183706700001 9.8162933 
513.0 914.0 6.47560360003e-05 9.935243964 
557.0 884.0 0.00014643008 9.85356992 
621.0 897.0 0.000145283900001 9.8547161 
681.0 901.0 0.000188570848002 9.811429152 
749.0 882.0 8.21116640007e-05 9.917888336 
827.0 886.0 0.000133437312001 9.866562688 
917.0 898.0 0.000125367508001 9.874632492 
973.0 893.0 6.24999200005e-05 9.93750008 
43.0 962.0 6.06524680004e-05 9.939347532 
93.0 951.0 0.000108659360001 9.89134064 
155.0 966.0 0.000131184512001 9.868815488 
238.0 980.0 1.54513440003e-05 9.984548656 
315.0 964.0 8.37020800007e-05 9.91629792 
369.0 959.0 0.000129247476001 9.870752524 
417.0 965.0 7.75075080007e-05 9.922492492 
506.0 961.0 9.91429400008e-05 9.90085706 
555.0 976.0 6.63995520007e-05 9.933600448 
637.0 963.0 0.000129854544001 9.870145456 
694.0 970.0 0.000113454320001 9.88654568 
752.0 982.0 4.56826400003e-05 9.95431736 
837.0 951.0 4.84957000006e-05 9.9515043 
891.0 947.0 3.21200000003e-05 9.96788 
960.0 953.0 8.05239440004e-05 9.919476056 
454.0 20.0 0.000109947152001 9.890052848 
862.0 499.0 0.000231443676002 9.768556324 
506.0 200.0 0.000232103872002 9.767896128 
729.0 632.0 0.000525152608007 9.47484739199 
266.0 323.0 0.000156628400001 9.8433716 
9.0 542.0 6.08782080009e-05 9.939121792 
171.0 448.0 0.000283378560001 9.71662144 
111.0 46.0 0.000177675156002 9.822324844 
442.0 38.0 0.000107223020001 9.89277698 
292.0 505.0 0.00108119417601 8.91880582399 
403.0 730.0 0.000526157760006 9.47384223999 
464.0 262.0 0.000444806736003 9.555193264 
924.0 979.0 2.73391280003e-05 9.972660872 
144.0 18.0 9.07463320005e-05 9.909253668 
776.0 103.0 0.000300545664002 9.699454336 
801.0 414.0 0.00026055392 9.73944608 
531.0 889.0 4.36993600006e-05 9.95630064 
655.0 676.0 0.00105799104001 8.94200895999 
554.0 36.0 4.75200000005e-05 9.95248 
411.0 445.0 0.00145302000001 8.54697999999 
609.0 622.0 0.00132792330001 8.67207669999 
531.0 253.0 0.000375564628004 9.624435372 
392.0 862.0 0.000205669548002 9.794330452 
463.0 644.0 0.00110565457601 8.89434542399 
765.0 848.0 0.000253459332002 9.746540668 
