25.0 19.0 0.000120467640001 9.87953236 
81.0 34.0 0.000131186552001 9.868813448 
136.0 16.0 6.75542000003e-05 9.9324458 
197.0 43.0 9.28875640005e-05 9.907112436 
264.0 14.0 4.97372000006e-05 9.9502628 
334.0 18.0 0.000194473400002 9.8055266 
385.0 16.0 7.90280000006e-05 9.920972 
451.0 28.0 0.000290540400002 9.7094596 
487.0 22.0 9.45548480011e-05 9.905445152 
557.0 31.0 0.000133366464001 9.866633536 
634.0 14.0 0.000117014700001 9.8829853 
690.0 34.0 0.000147250872002 9.852749128 
749.0 12.0 0.000100173600001 9.8998264 
796.0 20.0 0.000185901280002 9.81409872 
862.0 43.0 0.000114853240001 9.88514676 
913.0 20.0 0.000108364440001 9.89163556 
978.0 20.0 4.61755000001e-05 9.9538245 
27.0 75.0 0.000114760908001 9.885239092 
76.0 75.0 0.0001247012 9.8752988 
148.0 100.0 6.80000000007e-05 9.932 
193.0 88.0 0.00015906888 9.84093112 
279.0 95.0 6.40808160007e-05 9.935919184 
337.0 81.0 0.000157475012001 9.842524988 
380.0 71.0 0.000336309880003 9.66369012 
432.0 86.0 0.000506222160001 9.49377784 
482.0 77.0 0.000488538668005 9.511461332 
567.0 73.0 9.37681400007e-05 9.90623186 
609.0 84.0 0.000369128044003 9.630871956 
685.0 96.0 0.000427500728003 9.572499272 
725.0 80.0 0.000138275104002 9.861724896 
787.0 104.0 8.22516800006e-05 9.91774832 
845.0 83.0 0.000350496032002 9.649503968 
916.0 80.0 0.000262566800003 9.7374332 
967.0 90.0 9.45445640007e-05 9.905455436 
13.0 145.0 6.77649920001e-05 9.932235008 
75.0 152.0 6.21676400002e-05 9.93783236 
129.0 139.0 8.25660800004e-05 9.91743392 
220.0 162.0 0.000179220940003 9.82077906 
272.0 138.0 0.000267020888002 9.732979112 
310.0 150.0 0.000319541200003 9.6804588 
392.0 160.0 0.000520510248005 9.47948975199 
446.0 133.0 0.000679022080001 9.32097792 
490.0 150.0 0.000517226672004 9.482773328 
559.0 146.0 0.000443937472004 9.556062528 
630.0 140.0 0.000610771308004 9.389228692 
673.0 154.0 0.000330911420002 9.66908858 
739.0 160.0 0.000278073600002 9.7219264 
783.0 150.0 0.000311555700003 9.6884443 
849.0 157.0 0.000452719272006 9.54728072799 
917.0 152.0 0.000177748396002 9.822251604 
973.0 140.0 9.77460400007e-05 9.90225396 
26.0 223.0 0.000147570456 9.852429544 
72.0 209.0 0.000209038256002 9.790961744 
131.0 213.0 0.000264792472002 9.735207528 
204.0 215.0 0.000233897900003 9.7661021 
247.0 188.0 0.000311240144004 9.688759856 
311.0 193.0 0.000441087584005 9.55891241599 
370.0 200.0 0.000711461520007 9.28853847999 
448.0 195.0 0.000741419880008 9.25858011999 
483.0 213.0 0.00088180592 9.11819408 
543.0 193.0 0.000359175596003 9.640824404 
620.0 191.0 0.000778170180007 9.22182981999 
667.0 199.0 0.000516788240005 9.48321176 
741.0 197.0 0.000248791040002 9.75120896 
802.0 202.0 0.000648442400008 9.35155759999 
864.0 192.0 0.000228582800002 9.7714172 
926.0 190.0 0.000158969620002 9.84103038 
963.0 216.0 0.000141387776002 9.858612224 
36.0 275.0 0.000197447000002 9.802553 
89.0 248.0 0.000190023952001 9.809976048 
144.0 265.0 0.000397817696004 9.602182304 
218.0 272.0 0.000487472848003 9.512527152 
271.0 277.0 0.000263810736003 9.736189264 
331.0 255.0 0.000411434120003 9.58856588 
380.0 256.0 0.000602360480006 9.39763951999 
426.0 247.0 0.000645738496007 9.35426150399 
504.0 271.0 0.00093100283601 9.06899716399 
550.0 265.0 0.000647497500006 9.35250249999 
614.0 264.0 0.000767545200001 9.2324548 
672.0 250.0 0.000414089200004 9.5859108 
719.0 275.0 0.000427649536004 9.572350464 
778.0 270.0 0.00077909600001 9.22090399999 
841.0 258.0 0.000491765632004 9.508234368 
902.0 280.0 0.000321932400003 9.6780676 
954.0 259.0 0.000208280572002 9.791719428 
29.0 318.0 9.32200920008e-05 9.906779908 
76.0 330.0 0.000184454244002 9.815545756 
155.0 324.0 0.000291238720003 9.70876128 
196.0 317.0 0.000515635500004 9.4843645 
269.0 331.0 0.000643528500007 9.35647149999 
324.0 340.0 0.000743082840007 9.25691715999 
399.0 319.0 0.000743627440008 9.25637255999 
425.0 331.0 0.000275676000003 9.724324 
498.0 310.0 0.000437885820004 9.56211418 
560.0 320.0 0.00166676268001 8.33323731999 
614.0 334.0 0.00188267946402 8.11732053598 
681.0 327.0 0.000834913788007 9.16508621199 
734.0 332.0 0.000869371176006 9.13062882399 
800.0 332.0 0.000575260560006 9.42473943999 
860.0 324.0 0.000227040000002 9.77296 
894.0 332.0 0.000263289360001 9.73671064 
961.0 319.0 0.000353361232004 9.646638768 
29.0 367.0 0.000195123832002 9.804876168 
89.0 378.0 0.000342480840005 9.65751916 
156.0 367.0 0.000431070000005 9.56893 
196.0 397.0 0.000470124000001 9.529876 
262.0 388.0 0.000313133312003 9.686866688 
315.0 378.0 0.000782448040001 9.21755196 
388.0 387.0 0.00305150740802 6.94849259198 
433.0 375.0 0.000264880000003 9.73512 
500.0 365.0 0.00106495926001 8.93504073999 
569.0 393.0 0.001874826012 8.125173988 
633.0 373.0 0.00137846150401 8.62153849599 
659.0 396.0 0.000936633376001 9.063366624 
719.0 379.0 0.000973861080008 9.02613891999 
799.0 399.0 0.000293608612003 9.706391388 
835.0 389.0 0.000149282632001 9.850717368 
928.0 396.0 0.000227567408002 9.772432592 
958.0 369.0 0.000227550500002 9.7724495 
705.0 402.0 0.000522561280002 9.47743872 
91.0 447.0 0.000210233752002 9.789766248 
152.0 436.0 0.000334087008003 9.665912992 
208.0 445.0 0.000702915000007 9.29708499999 
252.0 449.0 0.000513024912003 9.486975088 
322.0 432.0 0.00251317612402 7.48682387598 
368.0 451.0 0.00355295878401 6.44704121599 
432.0 436.0 0.00454034810002 5.45965189998 
490.0 447.0 0.003733807188 6.266192812 
561.0 430.0 0.00353362872002 6.46637127998 
605.0 458.0 0.00149925056001 8.50074943999 
671.0 444.0 0.000643720000006 9.35627999999 
718.0 427.0 0.00110482496801 8.89517503199 
786.0 451.0 0.000568666428005 9.431333572 
858.0 442.0 0.000366993320001 9.63300668 
909.0 443.0 0.000230882312003 9.769117688 
970.0 428.0 7.77361920007e-05 9.922263808 
15.0 509.0 4.51543400002e-05 9.95484566 
86.0 503.0 6.33237960007e-05 9.936676204 
135.0 487.0 0.000214154960002 9.78584504 
212.0 488.0 0.000413307400002 9.5866926 
273.0 490.0 0.00149742954802 8.50257045198 
339.0 509.0 0.00288765806001 7.11234193999 
395.0 491.0 0.00244060355202 7.55939644798 
439.0 492.0 0.00346557652002 6.53442347998 
505.0 494.0 0.00310253662402 6.89746337598 
560.0 509.0 0.00122418944001 8.77581055999 
626.0 488.0 0.000346667904003 9.653332096 
669.0 504.0 0.000122658976001 9.877341024 
729.0 499.0 0.000476190164002 9.523809836 
788.0 512.0 0.000455347200003 9.5446528 
837.0 483.0 0.000162801500001 9.8371985 
923.0 503.0 0.000178045552001 9.821954448 
963.0 494.0 0.000217685812002 9.782314188 
21.0 552.0 4.50069079999e-05 9.954993092 
78.0 564.0 0.000100240000001 9.89976 
130.0 544.0 0.000149768780002 9.85023122 
199.0 556.0 0.000225364448002 9.774635552 
276.0 573.0 0.00136679840001 8.63320159999 
312.0 561.0 0.00222221341202 7.77778658798 
396.0 568.0 0.000293122040003 9.70687796 
426.0 541.0 0.000242080000002 9.75792 
513.0 552.0 0.001545264384 8.454735616 
561.0 564.0 0.00166177305602 8.33822694398 
600.0 552.0 0.000699922624008 9.30007737599 
668.0 558.0 0.000666338960003 9.33366104 
746.0 575.0 0.000678485496006 9.32151450399 
805.0 552.0 7.62312800004e-05 9.92376872 
841.0 563.0 0.000326355680003 9.67364432 
927.0 546.0 0.000106768460001 9.89323154 
986.0 562.0 9.79830040006e-05 9.902016996 
12.0 619.0 9.93966000008e-05 9.9006034 
74.0 628.0 0.000110958815999 9.889041184 
155.0 619.0 0.000349611080003 9.65038892 
218.0 604.0 0.000115207688001 9.884792312 
274.0 629.0 0.00128240556801 8.71759443199 
316.0 625.0 0.001834990752 8.165009248 
397.0 620.0 7.63830800003e-05 9.92361692 
456.0 612.0 0.000436532592006 9.56346740799 
507.0 626.0 0.00159698534402 8.40301465598 
567.0 605.0 0.00212133090002 7.87866909998 
610.0 634.0 0.00124670008001 8.75329991999 
671.0 627.0 0.000848029000008 9.15197099999 
727.0 609.0 0.000627330032003 9.372669968 
798.0 625.0 0.000545983672007 9.45401632799 
862.0 623.0 0.000336473600004 9.6635264 
916.0 624.0 0.000168849964001 9.831150036 
981.0 620.0 0.00011255048 9.88744952 
46.0 671.0 7.68367600009e-05 9.92316324 
77.0 668.0 0.000137878212002 9.862121788 
162.0 670.0 0.000423840560004 9.57615944 
204.0 674.0 0.000793152300009 9.20684769999 
271.0 665.0 0.00125413086001 8.74586913999 
329.0 678.0 0.00154342949602 8.45657050398 
377.0 667.0 0.000603926320006 9.39607367999 
448.0 675.0 0.000365389468003 9.634610532 
498.0 673.0 0.000800266680004 9.19973332 
570.0 687.0 0.00102627384001 8.97372615999 
609.0 693.0 0.000647769604007 9.35223039599 
674.0 666.0 0.000916078879998 9.08392112 
727.0 688.0 0.000518144480005 9.48185552 
794.0 659.0 0.000361530240003 9.63846976 
837.0 665.0 0.000282718856003 9.717281144 
898.0 662.0 0.000174548612002 9.825451388 
979.0 684.0 4.77240000006e-05 9.952276 
24.0 738.0 6.47806960008e-05 9.935219304 
89.0 741.0 0.000164743088002 9.835256912 
137.0 730.0 6.60000000006e-05 9.934 
206.0 728.0 0.000686982080001 9.31301792 
250.0 721.0 0.00108030798801 8.91969201199 
327.0 746.0 0.000179720000002 9.82028 
376.0 718.0 0.000766167516008 9.23383248399 
457.0 722.0 0.000345521312003 9.654478688 
490.0 729.0 0.000398024800003 9.6019752 
566.0 746.0 0.000727772796005 9.27222720399 
602.0 747.0 0.000898338808005 9.101661192 
688.0 744.0 0.000775311360002 9.22468864 
719.0 730.0 0.000747952888007 9.25204711199 
809.0 749.0 0.000114720000001 9.88528 
839.0 728.0 0.000384968780003 9.61503122 
909.0 738.0 0.000113160000001 9.88684 
970.0 751.0 8.13084800008e-05 9.91869152 
575.0 682.0 0.00150008726801 8.49991273199 
102.0 777.0 0.000225793248002 9.774206752 
149.0 779.0 0.000401730000002 9.59827 
204.0 795.0 0.000702680420004 9.29731958 
251.0 782.0 0.000985072056008 9.01492794399 
314.0 798.0 0.000250408656001 9.749591344 
388.0 785.0 0.000445972900003 9.5540271 
430.0 789.0 0.000306120432002 9.693879568 
513.0 802.0 0.000148378480001 9.85162152 
576.0 786.0 0.000577436800006 9.42256319999 
618.0 808.0 0.000569566940001 9.43043306 
687.0 797.0 0.000758193520007 9.24180647999 
728.0 782.0 0.000592920592002 9.407079408 
789.0 787.0 0.0005609188 9.4390812 
869.0 783.0 0.000162826672 9.837173328 
907.0 793.0 0.000198296768002 9.801703232 
972.0 799.0 0.000115779412001 9.884220588 
13.0 854.0 0.000148063200001 9.8519368 
86.0 868.0 0.000313377832002 9.686622168 
137.0 839.0 0.000350303920004 9.64969608 
201.0 842.0 0.000623850400005 9.3761496 
269.0 867.0 0.000353004772003 9.646995228 
310.0 843.0 0.000232486640002 9.76751336 
372.0 863.0 0.000400786880002 9.59921312 
426.0 855.0 0.000349308304003 9.650691696 
508.0 849.0 6.50000000006e-05 9.935 
574.0 840.0 0.000161153920001 9.83884608 
609.0 855.0 0.000218545400001 9.7814546 
666.0 853.0 0.000445131192004 9.554868808 
745.0 861.0 0.000269494700002 9.7305053 
782.0 845.0 0.000191124280002 9.80887572 
842.0 844.0 0.000469324888005 9.530675112 
902.0 858.0 0.000382087712003 9.617912288 
977.0 855.0 8.17601400003e-05 9.91823986 
23.0 898.0 0.00012704064 9.87295936 
80.0 903.0 0.000223842952 9.776157048 
131.0 920.0 0.000300023920003 9.69997608 
207.0 922.0 0.000201340008002 9.798659992 
281.0 915.0 0.000125383264001 9.874616736 
306.0 915.0 0.000204458016001 9.795541984 
367.0 911.0 0.000250727636 9.749272364 
427.0 922.0 0.000173638600002 9.8263614 
509.0 914.0 6.22891440002e-05 9.937710856 
565.0 902.0 0.000134244848001 9.865755152 
610.0 928.0 0.000213081080001 9.78691892 
684.0 912.0 0.000285037280001 9.71496272 
729.0 919.0 0.000141464768001 9.858535232 
776.0 927.0 0.000165115836002 9.834884164 
860.0 898.0 0.000312962240003 9.68703776 
928.0 928.0 0.000260912288002 9.739087712 
956.0 913.0 0.000146998296002 9.853001704 
20.0 956.0 6.51550520005e-05 9.934844948 
74.0 982.0 0.000118746224001 9.881253776 
132.0 987.0 6.58301200005e-05 9.93416988 
189.0 958.0 0.000126988080001 9.87301192 
265.0 975.0 0.000129164944001 9.870835056 
330.0 974.0 0.000124246524001 9.875753476 
372.0 962.0 0.000140102608001 9.859897392 
428.0 966.0 5.83572160008e-05 9.941642784 
513.0 975.0 6.27640440003e-05 9.937235956 
572.0 953.0 0.000142543600001 9.8574564 
629.0 978.0 7.81662640005e-05 9.921833736 
677.0 981.0 9.72884000006e-05 9.9027116 
732.0 973.0 9.8787700001e-05 9.9012123 
804.0 956.0 0.000120343500002 9.8796565 
867.0 967.0 0.000178085400001 9.8219146 
915.0 988.0 9.38747400009e-05 9.90612526 
966.0 969.0 9.49308800007e-05 9.90506912 
41.0 441.0 0.000176520768002 9.823479232 
702.0 549.0 0.000245716080002 9.75428392 
214.0 869.0 0.000418498496005 9.581501504 
459.0 54.0 0.000267489044003 9.732510956 
353.0 6.0 0.000178484744001 9.821515256 
872.0 994.0 0.000100565888001 9.899434112 
931.0 254.0 0.000227612000003 9.772388 
370.0 3.0 0.000161294960001 9.83870504 
940.0 915.0 0.000161837952001 9.838162048 
40.0 338.0 0.000144929552001 9.855070448 
603.0 717.0 0.000549666364005 9.45033363599 
