13.0 39.0 6.82529280001e-05 9.931747072 
94.0 35.0 4.81090240002e-05 9.951890976 
133.0 23.0 8.19263200006e-05 9.91807368 
191.0 12.0 0.000145672180002 9.85432782 
247.0 14.0 9.36966000009e-05 9.9063034 
314.0 20.0 0.000144348104001 9.855651896 
365.0 25.0 0.000114627400001 9.8853726 
406.0 42.0 0.000110499200001 9.8895008 
458.0 32.0 0.000149088612001 9.850911388 
520.0 23.0 0.000111193344001 9.888806656 
589.0 37.0 9.27897000011e-05 9.9072103 
643.0 31.0 0.000102266456001 9.897733544 
687.0 35.0 0.000113591000001 9.886409 
743.0 42.0 0.000129814060001 9.87018594 
846.0 15.0 0.000131622384001 9.868377616 
919.0 28.0 0.000115319248001 9.884680752 
972.0 40.0 8.73911360008e-05 9.912608864 
12.0 82.0 0.000100372096001 9.899627904 
79.0 73.0 0.000187527040002 9.81247296 
127.0 92.0 0.000231565640001 9.76843436 
194.0 76.0 0.000266616576001 9.733383424 
234.0 94.0 0.000127517376001 9.872482624 
310.0 85.0 0.000222089964002 9.777910036 
371.0 82.0 0.000216196328002 9.783803672 
404.0 76.0 0.000267239616001 9.732760384 
481.0 79.0 0.000211408520002 9.78859148 
515.0 84.0 0.000226551352002 9.773448648 
569.0 82.0 0.000289823280002 9.71017672 
624.0 70.0 0.000260518160003 9.73948184 
702.0 80.0 0.000296946656002 9.703053344 
755.0 97.0 0.000230862740001 9.76913726 
795.0 75.0 0.000182556800002 9.8174432 
872.0 73.0 0.000232648500002 9.7673515 
914.0 92.0 0.000249908176002 9.750091824 
975.0 90.0 8.52598400009e-05 9.91474016 
43.0 151.0 0.000116345648001 9.883654352 
88.0 139.0 0.000271308868003 9.728691132 
125.0 135.0 0.000288161040003 9.71183896 
201.0 149.0 0.000481490280005 9.51850971999 
242.0 146.0 0.000428803068005 9.571196932 
311.0 149.0 0.000337603836003 9.662396164 
345.0 127.0 0.000296742092003 9.703257908 
424.0 144.0 0.000272864320004 9.72713568 
479.0 124.0 0.000178705500001 9.8212945 
524.0 123.0 0.000445258400003 9.5547416 
571.0 153.0 0.000512469980004 9.48753002 
622.0 154.0 0.00044315648 9.55684352 
698.0 129.0 0.000219562800001 9.7804372 
753.0 130.0 0.000447970696004 9.552029304 
813.0 149.0 0.000373032000003 9.626968 
845.0 151.0 0.000357520000004 9.64248 
922.0 125.0 0.000227655680003 9.77234432 
969.0 130.0 9.81360960006e-05 9.901863904 
40.0 187.0 0.000194570824002 9.805429176 
181.0 189.0 0.000664711824006 9.33528817599 
242.0 208.0 0.000642675512003 9.357324488 
297.0 194.0 0.000525303240004 9.47469676 
360.0 195.0 0.00095542318401 9.04457681599 
401.0 203.0 0.000273263680002 9.72673632 
466.0 190.0 0.000466456308005 9.53354369199 
535.0 200.0 0.000607608168005 9.392391832 
583.0 177.0 0.000569751500006 9.43024849999 
648.0 192.0 0.000515558780001 9.48444122 
684.0 206.0 0.000779982624008 9.22001737599 
766.0 207.0 0.000665762816006 9.33423718399 
815.0 191.0 0.000649452280001 9.35054772 
860.0 196.0 0.000479518840004 9.52048116 
908.0 204.0 0.000501712088003 9.498287912 
961.0 193.0 0.000206257760003 9.79374224 
33.0 266.0 0.000111772960001 9.88822704 
83.0 237.0 0.000336074208003 9.663925792 
150.0 259.0 0.000545082444007 9.45491755599 
209.0 236.0 0.000476521112005 9.523478888 
266.0 237.0 0.000542963700005 9.4570363 
299.0 235.0 0.00105115428401 8.94884571599 
372.0 265.0 0.00112746572001 8.87253427999 
425.0 255.0 0.000742114400007 9.25788559999 
471.0 266.0 0.00108729016001 8.91270983999 
537.0 247.0 0.000917777008008 9.08222299199 
598.0 247.0 0.00104937080001 8.95062919999 
624.0 250.0 0.000906141092005 9.09385890799 
689.0 250.0 0.00127602740001 8.72397259999 
737.0 257.0 0.00114342260001 8.85657739999 
789.0 256.0 0.000857510592009 9.14248940799 
853.0 248.0 0.000807515392008 9.19248460799 
919.0 233.0 0.000246317600001 9.7536824 
978.0 234.0 0.000215186912002 9.784813088 
17.0 295.0 7.82480920009e-05 9.921751908 
71.0 320.0 0.000183403040001 9.81659696 
138.0 301.0 0.000341799100003 9.6582009 
206.0 310.0 0.000643285264002 9.356714736 
252.0 293.0 0.000475960000005 9.52404 
307.0 289.0 0.000353162844004 9.646837156 
371.0 293.0 0.000942361952009 9.05763804799 
409.0 305.0 0.00135266208 8.64733792 
512.0 313.0 0.000568398368002 9.431601632 
569.0 294.0 0.00128834756802 8.71165243198 
637.0 321.0 0.00246928170402 7.53071829598 
710.0 293.0 0.00192730332802 8.07269667198 
737.0 297.0 0.00149413379602 8.50586620398 
815.0 306.0 0.000852850140008 9.14714985999 
857.0 299.0 0.000559094996006 9.44090500399 
932.0 315.0 0.000283369600003 9.7166304 
982.0 308.0 0.000100763788001 9.899236212 
19.0 362.0 5.91280800007e-05 9.94087192 
97.0 357.0 0.000172954000002 9.827046 
143.0 354.0 0.000259136740002 9.74086326 
209.0 375.0 0.000759438140008 9.24056185999 
238.0 355.0 0.000766213208008 9.23378679199 
318.0 377.0 0.000131310160001 9.86868984 
349.0 361.0 0.000647584224007 9.35241577599 
411.0 359.0 0.00141096081601 8.58903918399 
455.0 372.0 0.00100251152801 8.99748847199 
514.0 361.0 0.000766614640004 9.23338536 
583.0 350.0 0.00270971614002 7.29028385998 
635.0 345.0 0.00302362736002 6.97637263998 
695.0 352.0 0.00197294748403 8.02705251597 
744.0 355.0 0.00159198196001 8.40801803999 
809.0 352.0 0.000757252480008 9.24274751999 
850.0 369.0 0.000498373640004 9.50162636 
922.0 351.0 0.000150849232001 9.849150768 
975.0 369.0 9.76114800008e-05 9.90238852 
38.0 409.0 0.000101992012 9.898007988 
84.0 424.0 0.000266182616003 9.733817384 
123.0 404.0 0.000256603240003 9.74339676 
209.0 403.0 0.000726259200007 9.27374079999 
245.0 432.0 0.00122960928 8.77039072 
300.0 419.0 0.00102324376001 8.97675623999 
377.0 411.0 0.00120485700001 8.79514299999 
426.0 418.0 0.00166601669201 8.33398330799 
471.0 414.0 0.00341528424003 6.58471575997 
512.0 420.0 0.00249391713202 7.50608286798 
599.0 407.0 0.00446626128001 5.53373871999 
648.0 423.0 0.00308135467202 6.91864532798 
697.0 409.0 0.00126732292001 8.73267707999 
757.0 424.0 0.000507226100005 9.49277389999 
816.0 413.0 0.000193513048001 9.806486952 
872.0 422.0 0.000177125804002 9.822874196 
928.0 413.0 8.35200000008e-05 9.91648 
956.0 402.0 7.67223000008e-05 9.9232777 
43.0 464.0 0.000138013360001 9.86198664 
72.0 487.0 0.000180876096 9.819123904 
124.0 469.0 0.000301721672003 9.698278328 
207.0 469.0 0.00103546428001 8.96453571999 
266.0 486.0 0.00138486400001 8.61513599999 
297.0 488.0 0.00115072192001 8.84927807999 
376.0 457.0 0.00117786651201 8.82213348799 
424.0 479.0 0.00302387832802 6.97612167198 
479.0 458.0 0.00537269590004 4.62730409996 
520.0 467.0 0.00170672986001 8.29327013999 
598.0 459.0 0.00255752127201 7.44247872799 
640.0 464.0 0.00239605434802 7.60394565198 
690.0 465.0 0.000983520924 9.016479076 
738.0 474.0 0.000731525660004 9.26847434 
814.0 478.0 0.000408662048004 9.591337952 
861.0 487.0 0.000349517568004 9.650482432 
917.0 486.0 0.000191981940002 9.80801806 
971.0 472.0 5.04291200001e-05 9.94957088 
25.0 527.0 0.000126921096001 9.873078904 
71.0 532.0 0.000139964720001 9.86003528 
149.0 530.0 0.000307850120002 9.69214988 
188.0 538.0 0.000808048296009 9.19195170399 
248.0 531.0 0.00102750700001 8.97249299999 
304.0 532.0 0.00245335334002 7.54664665998 
375.0 514.0 0.00185465139202 8.14534860798 
423.0 536.0 0.00413192196003 5.86807803997 
481.0 527.0 0.00510246320002 4.89753679998 
522.0 541.0 0.00380779930002 6.19220069998 
580.0 535.0 0.00126372000001 8.73627999999 
623.0 540.0 0.00109494334401 8.90505665599 
686.0 528.0 0.000747219232006 9.25278076799 
739.0 517.0 0.000814191120007 9.18580887999 
804.0 512.0 0.000565916800006 9.43408319999 
862.0 522.0 0.000414156608003 9.585843392 
908.0 525.0 0.000222994900002 9.7770051 
976.0 519.0 8.19142400005e-05 9.91808576 
18.0 569.0 7.89458600003e-05 9.92105414 
76.0 590.0 0.000237604436002 9.762395564 
153.0 570.0 0.000501756340005 9.49824366 
205.0 597.0 0.000734737100005 9.26526289999 
236.0 590.0 0.000663111000005 9.33688899999 
314.0 568.0 0.00156678720002 8.43321279998 
352.0 566.0 0.00173747970402 8.26252029598 
404.0 567.0 0.00102013787601 8.97986212399 
461.0 587.0 0.00464167028003 5.35832971997 
513.0 591.0 0.00550846368001 4.49153631999 
587.0 585.0 0.00218287245602 7.81712754398 
632.0 588.0 0.00156734436401 8.43265563599 
699.0 587.0 0.000721532320007 9.27846767999 
737.0 575.0 0.000767914720005 9.23208527999 
792.0 570.0 0.000390925656004 9.609074344 
872.0 567.0 0.000220656040002 9.77934396 
904.0 589.0 0.000260509648002 9.739490352 
964.0 587.0 6.24150000007e-05 9.937585 
31.0 624.0 8.03785520003e-05 9.919621448 
92.0 629.0 0.000244144992001 9.755855008 
123.0 638.0 0.000589597920005 9.41040208 
191.0 632.0 0.000357526976001 9.642473024 
247.0 628.0 0.000458679904004 9.541320096 
315.0 628.0 0.00200545352802 7.99454647198 
351.0 637.0 0.00213844266401 7.86155733599 
408.0 652.0 0.00257664050801 7.42335949199 
460.0 639.0 0.00409711764803 5.90288235197 
526.0 624.0 0.00374616944802 6.25383055198 
580.0 640.0 0.00170289366401 8.29710633599 
637.0 645.0 0.00176584600001 8.23415399999 
704.0 644.0 0.00136169676001 8.63830323999 
753.0 645.0 0.00109148672001 8.90851327999 
796.0 624.0 0.000757334808008 9.24266519199 
873.0 624.0 0.000310285268003 9.689714732 
924.0 642.0 0.000228804500001 9.7711955 
956.0 623.0 0.000125629680001 9.87437032 
43.0 709.0 7.59911160005e-05 9.924008884 
84.0 697.0 0.000260909600002 9.7390904 
130.0 688.0 0.000603596500006 9.39640349999 
184.0 681.0 0.000851483488001 9.148516512 
249.0 693.0 0.00124175942401 8.75824057599 
319.0 699.0 0.001846223376 8.153776624 
370.0 684.0 0.000722157568007 9.27784243199 
417.0 688.0 0.00202109900002 7.97890099998 
461.0 680.0 0.00228507752002 7.71492247998 
533.0 701.0 0.00157658260002 8.42341739998 
591.0 708.0 0.00124584072 8.75415928 
645.0 681.0 0.00181302047202 8.18697952798 
701.0 688.0 0.00113360334001 8.86639665999 
765.0 688.0 0.0012677608 8.7322392 
798.0 689.0 0.000735132276006 9.26486772399 
868.0 683.0 0.000374790848004 9.625209152 
929.0 683.0 0.000125898252001 9.874101748 
973.0 687.0 0.000110368488001 9.889631512 
28.0 752.0 0.000109364812001 9.890635188 
77.0 738.0 0.000359556140002 9.64044386 
138.0 743.0 0.000663167680005 9.33683231999 
183.0 766.0 0.000244086944002 9.755913056 
259.0 737.0 0.00126398308801 8.73601691199 
299.0 746.0 0.000752297488008 9.24770251199 
362.0 764.0 0.00133698493601 8.66301506399 
415.0 760.0 0.00105565672001 8.94434327999 
467.0 734.0 0.000977294720002 9.02270528 
517.0 737.0 0.00114135210001 8.85864789999 
596.0 762.0 0.000990868860005 9.00913114 
642.0 740.0 0.000946072500006 9.05392749999 
682.0 763.0 0.000363039680004 9.63696032 
739.0 761.0 0.000680584120008 9.31941587999 
820.0 744.0 0.00090543619201 9.09456380799 
855.0 758.0 0.000474979528005 9.525020472 
925.0 749.0 3.22000000003e-05 9.9678 
974.0 765.0 7.68512000003e-05 9.9231488 
24.0 789.0 0.000113864200001 9.8861358 
80.0 801.0 0.000308418712003 9.691581288 
153.0 814.0 0.000360499632001 9.639500368 
196.0 807.0 0.000288149820001 9.71185018 
233.0 799.0 0.000251805440003 9.74819456 
315.0 789.0 0.000657739152003 9.342260848 
368.0 805.0 0.000777420440008 9.22257955999 
426.0 812.0 0.000789168000005 9.210832 
458.0 814.0 0.000674354400007 9.32564559999 
534.0 811.0 0.000283515800002 9.7164842 
584.0 798.0 0.000485926240003 9.51407376 
627.0 802.0 0.000753029016005 9.24697098399 
704.0 809.0 0.000359315200003 9.6406848 
739.0 817.0 0.000425144000004 9.574856 
790.0 789.0 0.000726025240008 9.27397475999 
849.0 816.0 0.000683049000007 9.31695099999 
908.0 808.0 0.000148804868001 9.851195132 
976.0 803.0 8.1157540001e-05 9.91884246 
33.0 877.0 0.000143230900001 9.8567691 
98.0 858.0 0.000341364568002 9.658635432 
144.0 855.0 0.000212373280002 9.78762672 
207.0 854.0 0.000289658480002 9.71034152 
235.0 848.0 0.000356015340003 9.64398466 
309.0 867.0 0.000633702720004 9.36629728 
376.0 852.0 0.000743111200008 9.25688879999 
413.0 863.0 0.000394972720004 9.60502728 
464.0 847.0 0.000522131500005 9.47786849999 
527.0 853.0 0.000387637440002 9.61236256 
574.0 844.0 0.000263041280004 9.73695872 
654.0 871.0 0.000339870040004 9.66012996 
690.0 846.0 0.000258147580002 9.74185242 
741.0 861.0 0.000321996008004 9.678003992 
817.0 850.0 0.000546593800002 9.4534062 
852.0 851.0 0.000370816520004 9.62918348 
902.0 853.0 0.000243338088002 9.756661912 
958.0 870.0 0.000164336640001 9.83566336 
35.0 921.0 0.000105327360001 9.89467264 
87.0 912.0 0.000247160500003 9.7528395 
138.0 907.0 0.000284265612003 9.715734388 
196.0 900.0 0.000225453844001 9.774546156 
241.0 904.0 0.000417916228003 9.582083772 
358.0 916.0 0.000417424800003 9.5825752 
411.0 902.0 0.0002059364 9.7940636 
487.0 932.0 0.000121368872001 9.878631128 
536.0 920.0 0.000178914080002 9.82108592 
582.0 929.0 0.000206433504002 9.793566496 
653.0 929.0 0.00012426184 9.87573816 
679.0 904.0 0.000125494780001 9.87450522 
742.0 923.0 0.000209788380002 9.79021162 
803.0 928.0 0.000348808320001 9.65119168 
849.0 910.0 0.000372006720004 9.62799328 
916.0 905.0 0.000186542000001 9.813458 
967.0 925.0 0.000123491196001 9.876508804 
31.0 985.0 4.87481600001e-05 9.95125184 
83.0 963.0 0.000100894752001 9.899105248 
130.0 962.0 0.000143460620001 9.85653938 
205.0 983.0 6.02219800002e-05 9.93977802 
248.0 969.0 0.000176655816001 9.823344184 
314.0 981.0 9.55403800009e-05 9.90445962 
373.0 981.0 0.000111224200001 9.8887758 
411.0 964.0 0.000160651904001 9.839348096 
456.0 971.0 0.000114851120001 9.88514888 
516.0 962.0 0.000143342992001 9.856657008 
580.0 983.0 0.000133480580001 9.86651942 
628.0 971.0 8.04652800011e-05 9.91953472 
702.0 981.0 9.89684200007e-05 9.90103158 
756.0 978.0 6.42404960003e-05 9.935759504 
815.0 986.0 0.000158392480001 9.84160752 
877.0 985.0 7.68799680009e-05 9.923120032 
923.0 977.0 0.000130136304001 9.869863696 
967.0 970.0 4.31157000002e-05 9.9568843 
304.0 912.0 0.000235513392002 9.764486608 
369.0 951.0 0.000192077280001 9.80792272 
462.0 314.0 0.00107051511601 8.92948488399 
728.0 55.0 0.000218410000002 9.78159 
511.0 992.0 6.28510400002e-05 9.93714896 
811.0 6.0 8.01861120008e-05 9.919813888 
328.0 847.0 0.000519376592005 9.48062340799 
870.0 935.0 0.000206346096002 9.793653904 
445.0 843.0 0.000513017888004 9.486982112 
424.0 225.0 0.000377659560004 9.62234044 
891.0 931.0 0.000109549120001 9.89045088 
586.0 114.0 0.000470987712004 9.529012288 
360.0 606.0 0.00143944412001 8.56055587999 
535.0 439.0 0.00416028766402 5.83971233598 
119.0 193.0 0.000388782912004 9.611217088 
83.0 165.0 0.000194344320002 9.80565568 
738.0 317.0 0.00187166108802 8.12833891198 
869.0 268.0 0.000433082440005 9.56691755999 
456.0 897.0 0.000218541384003 9.781458616 
590.0 879.0 0.000245384240001 9.75461576 
783.0 394.0 0.000393409856004 9.606590144 
320.0 337.0 0.000129057632 9.870942368 
545.0 387.0 0.00172157904002 8.27842095998 
828.0 562.0 0.000396638544003 9.603361456 
163.0 433.0 0.000313335104002 9.686664896 
326.0 471.0 0.00157391100002 8.42608899998 
272.0 59.0 0.00011915424 9.88084576 
94.0 273.0 0.000270197440003 9.72980256 
873.0 141.0 0.000437927744004 9.562072256 
653.0 124.0 0.000362317468004 9.637682532 
932.0 271.0 0.000248133544002 9.751866456 
207.0 729.0 0.000549806304006 9.45019369599 
392.0 151.0 0.000244197860003 9.75580214 
