29.0 18.0 7.90422400003e-05 9.92095776 
69.0 37.0 7.87057280005e-05 9.921294272 
111.0 24.0 0.000142650432002 9.857349568 
166.0 33.0 7.73432000006e-05 9.9226568 
218.0 37.0 0.000129767112001 9.870232888 
264.0 30.0 0.000129561768001 9.870438232 
330.0 14.0 0.000146235112001 9.853764888 
386.0 19.0 0.000118217160001 9.88178284 
427.0 14.0 0.000147973956001 9.852026044 
461.0 33.0 0.000145898776002 9.854101224 
532.0 33.0 9.86959200008e-05 9.90130408 
589.0 10.0 0.000134656772001 9.865343228 
624.0 13.0 0.000112046832001 9.887953168 
681.0 38.0 0.000148578600001 9.8514214 
728.0 18.0 8.14965640003e-05 9.918503436 
777.0 36.0 0.000167112528001 9.832887472 
814.0 23.0 0.000107533880001 9.89246612 
865.0 37.0 9.52406440006e-05 9.904759356 
938.0 36.0 0.000125633632002 9.874366368 
975.0 13.0 6.06106800005e-05 9.93938932 
37.0 60.0 0.000116128016001 9.883871984 
61.0 74.0 0.000158572000002 9.841428 
119.0 71.0 0.000219520096002 9.780479904 
163.0 62.0 0.000215313844001 9.784686156 
212.0 61.0 0.000356690384003 9.643309616 
285.0 70.0 0.000206195600001 9.7938044 
323.0 76.0 0.000147755568001 9.852244432 
375.0 71.0 0.000333065344003 9.666934656 
438.0 78.0 0.000258274648002 9.741725352 
460.0 66.0 0.000200224496002 9.799775504 
511.0 62.0 0.000233261488002 9.766738512 
569.0 87.0 0.000278505400002 9.7214946 
612.0 71.0 0.000318246840003 9.68175316 
660.0 80.0 0.000274983040002 9.72501696 
713.0 82.0 0.000263018440002 9.73698156 
765.0 89.0 0.000227009888002 9.772990112 
817.0 74.0 0.000189607420001 9.81039258 
885.0 61.0 0.000232804736002 9.767195264 
939.0 68.0 0.000242512640002 9.75748736 
984.0 77.0 0.000195883112002 9.804116888 
34.0 121.0 0.000143339280002 9.85666072 
66.0 129.0 0.000275290920003 9.72470908 
110.0 117.0 0.000363301832004 9.636698168 
160.0 110.0 0.000367506380004 9.63249362 
222.0 133.0 0.000418325120003 9.58167488 
288.0 126.0 0.000287886848003 9.712113152 
312.0 131.0 0.000236007800003 9.7639922 
388.0 122.0 0.000435395856004 9.564604144 
415.0 139.0 0.000653076960004 9.34692304 
468.0 129.0 0.000362515440001 9.63748456 
512.0 128.0 0.000340123512004 9.659876488 
588.0 120.0 0.000452420632004 9.547579368 
614.0 112.0 0.000452521488005 9.547478512 
669.0 121.0 0.000487263360005 9.51273664 
725.0 121.0 0.000455332160004 9.54466784 
779.0 117.0 0.000536447500004 9.4635525 
822.0 121.0 0.000398241800004 9.6017582 
868.0 128.0 0.000510288600004 9.4897114 
931.0 122.0 0.000383139584003 9.616860416 
970.0 111.0 0.000141585128001 9.858414872 
30.0 162.0 0.000133358692001 9.866641308 
70.0 166.0 0.000362236496002 9.637763504 
111.0 176.0 0.000417580180003 9.58241982 
171.0 174.0 0.000359073560003 9.64092644 
213.0 184.0 0.000357476800003 9.6425232 
263.0 186.0 0.000533836128006 9.46616387199 
318.0 170.0 0.000353225024003 9.646774976 
369.0 165.0 0.000497756800004 9.5022432 
431.0 174.0 0.000579785240006 9.42021475999 
463.0 163.0 0.000591736352006 9.40826364799 
531.0 179.0 0.000262777248001 9.737222752 
567.0 178.0 0.000276273000002 9.723727 
637.0 165.0 0.000674481296006 9.32551870399 
669.0 177.0 0.000800483448005 9.19951655199 
714.0 174.0 0.000800064116008 9.19993588399 
767.0 176.0 0.000847817792007 9.15218220799 
818.0 163.0 0.000658439728006 9.34156027199 
887.0 166.0 0.000528557560006 9.47144243999 
910.0 185.0 0.000340525840003 9.65947416 
960.0 172.0 0.000328842000003 9.671158 
39.0 230.0 0.000230199452002 9.769800548 
67.0 224.0 0.000187279608002 9.812720392 
113.0 229.0 0.000692370624007 9.30762937599 
162.0 218.0 0.000576605800002 9.4233942 
218.0 216.0 0.000458475384005 9.541524616 
281.0 234.0 0.000744869184006 9.25513081599 
338.0 228.0 0.000725300544006 9.27469945599 
371.0 231.0 0.000354199440003 9.64580056 
439.0 211.0 0.000889358760005 9.11064123999 
478.0 214.0 0.000703913248007 9.29608675199 
514.0 224.0 0.000588610320005 9.41138968 
579.0 237.0 0.000848734720007 9.15126527999 
628.0 227.0 0.00117040185601 8.82959814399 
661.0 239.0 0.00147545784801 8.52454215199 
717.0 212.0 0.00124819465601 8.75180534399 
773.0 224.0 0.000929224160006 9.07077583999 
812.0 218.0 0.000680947640006 9.31905235999 
879.0 222.0 0.000280167860002 9.71983214 
920.0 217.0 0.000315907896004 9.684092104 
961.0 228.0 0.000144823308001 9.855176692 
24.0 279.0 0.000128727720001 9.87127228 
65.0 262.0 0.000244859376002 9.755140624 
135.0 270.0 0.000771945356008 9.22805464399 
165.0 279.0 0.000742961600008 9.25703839999 
235.0 277.0 0.000393649960004 9.60635004 
285.0 286.0 0.000521781668005 9.47821833199 
333.0 286.0 0.000863361120002 9.13663888 
375.0 276.0 0.000594772112005 9.405227888 
434.0 262.0 0.000730290948005 9.26970905199 
461.0 280.0 0.00126325667201 8.73674332799 
517.0 263.0 0.00117323952001 8.82676047999 
588.0 260.0 0.00168191652002 8.31808347998 
620.0 284.0 0.00178858940002 8.21141059998 
675.0 272.0 0.00124530435201 8.75469564799 
712.0 275.0 0.000836391996008 9.16360800399 
781.0 263.0 0.000282080000003 9.71792 
813.0 271.0 0.000822393908007 9.17760609199 
889.0 289.0 0.000470972000004 9.529028 
932.0 262.0 0.000272148976002 9.727851024 
982.0 269.0 9.93361200011e-05 9.90066388 
34.0 338.0 0.000144347664001 9.855652336 
66.0 324.0 0.000174889600002 9.8251104 
128.0 321.0 0.000672833812007 9.32716618799 
174.0 326.0 0.00098758680001 9.01241319999 
236.0 326.0 0.000462489680004 9.53751032 
272.0 326.0 0.000409963780004 9.59003622 
326.0 330.0 0.000655109240006 9.34489075999 
372.0 337.0 0.00138499034001 8.61500965999 
413.0 324.0 0.00106409348001 8.93590651999 
489.0 321.0 0.00146052920001 8.53947079999 
514.0 322.0 0.00238427011602 7.61572988398 
575.0 329.0 0.00230092192001 7.69907807999 
615.0 331.0 0.00168657068002 8.31342931998 
683.0 324.0 0.00167270879602 8.32729120398 
726.0 334.0 0.00159354502001 8.40645497999 
770.0 323.0 0.000841138220005 9.15886177999 
837.0 325.0 0.000602842356003 9.397157644 
869.0 312.0 0.000418493784004 9.581506216 
933.0 332.0 0.000272269440002 9.72773056 
965.0 327.0 0.000142327392001 9.857672608 
37.0 383.0 0.000110022304001 9.889977696 
78.0 388.0 0.000218704776001 9.781295224 
131.0 375.0 0.000429204528004 9.570795472 
184.0 360.0 0.000875405836008 9.12459416399 
227.0 365.0 0.00108463152001 8.91536847999 
288.0 375.0 0.000867876264008 9.13212373599 
319.0 370.0 0.00139008344801 8.60991655199 
384.0 369.0 0.000523738640005 9.47626135999 
439.0 365.0 0.00151042765601 8.48957234399 
466.0 375.0 0.00281334082002 7.18665917998 
533.0 363.0 0.00278220378002 7.21779621998 
589.0 380.0 0.00292527892002 7.07472107998 
616.0 373.0 0.00386454963202 6.13545036798 
682.0 387.0 0.00231970768001 7.68029231999 
728.0 374.0 0.00177662162002 8.22337837998 
780.0 379.0 0.000917030784009 9.08296921599 
816.0 376.0 0.000361353400003 9.6386466 
875.0 366.0 0.000315177500003 9.6848225 
910.0 365.0 0.000265109100003 9.7348909 
960.0 389.0 0.000139392384001 9.860607616 
30.0 414.0 0.000132246348001 9.867753652 
67.0 427.0 0.000244852640002 9.75514736 
125.0 411.0 0.000497663212004 9.502336788 
165.0 439.0 0.000274855000002 9.725145 
217.0 428.0 0.000951434368008 9.04856563199 
283.0 413.0 0.00186609828401 8.13390171599 
320.0 418.0 0.00145131350401 8.54868649599 
360.0 411.0 0.00193017520001 8.06982479999 
438.0 417.0 0.00208613296002 7.91386703998 
468.0 415.0 0.00203040746001 7.96959253999 
518.0 434.0 0.00563498336002 4.36501663998 
576.0 419.0 0.00523026068003 4.76973931997 
634.0 437.0 0.00316059302402 6.83940697598 
664.0 422.0 0.00193542000002 8.06457999998 
734.0 413.0 0.00159893312801 8.40106687199 
765.0 429.0 0.00103482040401 8.96517959599 
825.0 439.0 0.000805901200008 9.19409879999 
872.0 412.0 0.000679051124008 9.32094887599 
922.0 416.0 0.000435493968003 9.564506032 
987.0 438.0 6.19611720004e-05 9.938038828 
31.0 466.0 8.54070080003e-05 9.914592992 
67.0 464.0 0.000314625520002 9.68537448 
135.0 474.0 0.000499098200003 9.5009018 
165.0 472.0 0.000874891920006 9.12510807999 
215.0 464.0 0.00127271431201 8.72728568799 
266.0 468.0 0.00195338691602 8.04661308398 
330.0 484.0 0.00108695556801 8.91304443199 
385.0 465.0 0.00268607399202 7.31392600798 
410.0 471.0 0.00264582494401 7.35417505599 
466.0 469.0 0.00405031689203 5.94968310797 
535.0 463.0 0.00429424405602 5.70575594398 
583.0 462.0 0.00298872291202 7.01127708798 
638.0 478.0 0.00154856796001 8.45143203999 
683.0 484.0 0.00159869286802 8.40130713198 
728.0 468.0 0.00138838601601 8.61161398399 
784.0 484.0 0.000657521472006 9.34247852799 
817.0 460.0 0.000821549120012 9.17845087999 
862.0 462.0 0.000582171540002 9.41782846 
912.0 464.0 0.000408619456004 9.591380544 
962.0 462.0 0.000124936448001 9.875063552 
16.0 522.0 0.000102146460001 9.89785354 
87.0 510.0 0.000296920000003 9.70308 
122.0 526.0 0.000524105408004 9.475894592 
168.0 520.0 0.000967955380008 9.03204461999 
216.0 519.0 0.00125984000401 8.74015999599 
265.0 511.0 0.000659495268005 9.340504732 
332.0 513.0 0.00204229028002 7.95770971998 
371.0 534.0 0.00218741200002 7.81258799998 
420.0 528.0 0.00639370640002 3.60629359998 
476.0 528.0 0.00534570480003 4.65429519997 
528.0 511.0 0.00678680446004 3.21319553996 
576.0 536.0 0.00283373318402 7.16626681598 
623.0 521.0 0.00176777903201 8.23222096799 
676.0 516.0 0.001220962992 8.779037008 
713.0 528.0 0.000955550436014 9.04444956399 
768.0 531.0 0.000661694360004 9.33830564 
816.0 538.0 0.000574454584005 9.425545416 
886.0 534.0 0.000348308160002 9.65169184 
915.0 535.0 0.000260014588002 9.739985412 
965.0 517.0 0.000164803184002 9.835196816 
25.0 577.0 0.000101237440001 9.89876256 
62.0 574.0 0.000202809344001 9.797190656 
128.0 576.0 0.000547862880005 9.45213712 
168.0 581.0 0.00116586659201 8.83413340799 
230.0 573.0 0.000775008908007 9.22499109199 
284.0 574.0 0.000926612680009 9.07338731999 
325.0 573.0 0.00202939248002 7.97060751998 
383.0 561.0 0.00400682188801 5.99317811199 
423.0 570.0 0.00427293133602 5.72706866398 
462.0 575.0 0.00496076660003 5.03923339997 
533.0 566.0 0.00544950496003 4.55049503997 
565.0 580.0 0.00275705420002 7.24294579998 
632.0 575.0 0.00178081502402 8.21918497598 
686.0 566.0 0.00153299424802 8.46700575198 
738.0 587.0 0.000721076880006 9.27892311999 
773.0 576.0 0.000711573984004 9.288426016 
823.0 562.0 0.000445494056005 9.554505944 
875.0 588.0 0.000280535616002 9.719464384 
934.0 564.0 0.000173479424 9.826520576 
983.0 589.0 9.6714224001e-05 9.903285776 
38.0 632.0 0.000145874832001 9.854125168 
87.0 613.0 0.000255843200002 9.7441568 
136.0 629.0 0.000586267264005 9.413732736 
172.0 635.0 0.000556750780005 9.44324921999 
210.0 615.0 0.00103739711201 8.96260288799 
271.0 626.0 0.00141972064001 8.58027935999 
315.0 629.0 0.00168661876001 8.31338123999 
383.0 638.0 0.00311237982002 6.88762017998 
418.0 635.0 0.00223703400003 7.76296599997 
484.0 626.0 0.00218601769602 7.81398230398 
535.0 622.0 0.00194385328 8.05614672 
575.0 620.0 0.00213161568001 7.86838431999 
610.0 614.0 0.00159708594402 8.40291405598 
689.0 631.0 0.000675226580006 9.32477341999 
725.0 627.0 0.000830221376008 9.16977862399 
775.0 629.0 0.000496555716005 9.503444284 
832.0 624.0 0.000370938700004 9.6290613 
868.0 620.0 0.000341216604002 9.658783396 
932.0 630.0 0.000208881652001 9.791118348 
978.0 626.0 8.5557200001e-05 9.9144428 
33.0 687.0 0.000110927720001 9.88907228 
87.0 680.0 0.000479006352004 9.520993648 
114.0 671.0 0.000742497344007 9.25750265599 
187.0 683.0 0.001047084908 8.952915092 
214.0 674.0 0.00105302583201 8.94697416799 
285.0 679.0 0.00122171520001 8.77828479999 
315.0 668.0 0.00168276750402 8.31723249598 
387.0 670.0 0.00192656577601 8.07343422399 
428.0 678.0 0.00186241122002 8.13758877998 
478.0 682.0 0.00100844172801 8.99155827199 
535.0 664.0 0.00168487910402 8.31512089598 
579.0 685.0 0.00219521070001 7.80478929999 
610.0 670.0 0.00145723070001 8.54276929999 
687.0 686.0 0.000820143020006 9.17985697999 
730.0 685.0 0.000807983304007 9.19201669599 
763.0 663.0 0.000873836880008 9.12616311999 
837.0 681.0 0.000421627200004 9.5783728 
878.0 686.0 0.000357232640003 9.64276736 
922.0 664.0 0.000240981296002 9.759018704 
989.0 663.0 0.000112724912001 9.887275088 
34.0 717.0 0.000126116576001 9.873883424 
72.0 724.0 0.000423372784003 9.576627216 
134.0 736.0 0.000908719696009 9.09128030399 
169.0 717.0 0.000158892456002 9.841107544 
222.0 721.0 0.000918229556009 9.08177044399 
262.0 729.0 0.000736272224007 9.26372777599 
338.0 739.0 0.00091170460001 9.08829539999 
361.0 723.0 0.000750925100007 9.24907489999 
410.0 738.0 0.00119285300801 8.80714699199 
470.0 726.0 0.000631336000007 9.36866399999 
536.0 718.0 0.000594401088005 9.40559891199 
584.0 711.0 0.000858783200009 9.14121679999 
626.0 711.0 0.00142490508001 8.57509491999 
670.0 713.0 0.00103468189601 8.96531810399 
732.0 718.0 0.000870618848005 9.12938115199 
765.0 732.0 0.000746159136009 9.25384086399 
832.0 724.0 0.000304065888001 9.695934112 
870.0 721.0 0.000337997332002 9.662002668 
923.0 720.0 0.000340352564004 9.659647436 
976.0 733.0 8.9608320001e-05 9.91039168 
27.0 783.0 0.000110136368001 9.889863632 
72.0 775.0 0.000594971860006 9.40502813999 
110.0 760.0 0.000575910840005 9.42408915999 
183.0 763.0 0.000504245312005 9.495754688 
235.0 773.0 0.000594417180006 9.40558281999 
263.0 780.0 0.000670298176007 9.32970182399 
332.0 785.0 0.000295920000003 9.70408 
371.0 781.0 0.000581633160006 9.41836683999 
430.0 782.0 0.000521367168005 9.478632832 
469.0 770.0 0.000438275900003 9.5617241 
536.0 780.0 0.000621422544006 9.37857745599 
579.0 760.0 0.00128943250001 8.71056749999 
624.0 780.0 0.000310245052003 9.689754948 
666.0 777.0 0.000689322608007 9.31067739199 
713.0 777.0 0.000593313140006 9.40668685999 
774.0 780.0 0.000745020736008 9.25497926399 
810.0 767.0 0.000419540000004 9.58046 
880.0 777.0 0.000369788520004 9.63021148 
929.0 770.0 0.000209746544002 9.790253456 
960.0 783.0 0.000156561872001 9.843438128 
20.0 823.0 0.000148772960001 9.85122704 
73.0 836.0 0.000444661600004 9.5553384 
128.0 811.0 0.000670237076006 9.32976292399 
182.0 819.0 0.000475163000005 9.524837 
210.0 811.0 0.000474542400004 9.5254576 
279.0 827.0 0.000570770000005 9.42922999999 
324.0 812.0 0.000355872008004 9.644127992 
386.0 836.0 0.000310036000003 9.689964 
435.0 826.0 0.000427014360004 9.57298564 
476.0 831.0 0.000510215640004 9.48978436 
536.0 823.0 0.000685482112001 9.314517888 
570.0 816.0 0.000520665956005 9.479334044 
615.0 814.0 0.000567580064006 9.43241993599 
685.0 836.0 0.000570562352006 9.42943764799 
710.0 815.0 0.000645730320007 9.35426967999 
763.0 810.0 0.000472982400005 9.5270176 
820.0 837.0 0.000381894140003 9.61810586 
869.0 835.0 0.000269215280002 9.73078472 
927.0 810.0 0.000158290416001 9.841709584 
961.0 828.0 0.000157811392001 9.842188608 
35.0 864.0 0.000268367040002 9.73163296 
76.0 865.0 0.000241846664003 9.758153336 
111.0 876.0 0.000424102032001 9.575897968 
183.0 872.0 0.000227573600002 9.7724264 
230.0 864.0 0.000390942528005 9.609057472 
274.0 864.0 0.000396295792004 9.603704208 
316.0 888.0 0.000380922560003 9.61907744 
377.0 877.0 0.000279404140002 9.72059586 
426.0 864.0 0.000428277236005 9.571722764 
485.0 869.0 0.000606070660006 9.39392933999 
524.0 882.0 0.000507313000005 9.492687 
560.0 877.0 0.000448501696005 9.551498304 
624.0 889.0 0.000348516344002 9.651483656 
681.0 882.0 0.000295739640002 9.70426036 
726.0 878.0 0.000384817100002 9.6151829 
788.0 886.0 0.000273308432001 9.726691568 
829.0 867.0 0.000364481224004 9.635518776 
877.0 871.0 0.000355816800004 9.6441832 
929.0 880.0 0.000245092500001 9.7549075 
963.0 883.0 9.37258200007e-05 9.90627418 
13.0 933.0 6.74643400003e-05 9.93253566 
74.0 931.0 0.000297752928003 9.702247072 
126.0 936.0 0.000245492000003 9.754508 
181.0 915.0 0.000227883216002 9.772116784 
218.0 932.0 0.000275847360002 9.72415264 
274.0 915.0 0.000340041700003 9.6599583 
332.0 918.0 0.000216465280001 9.78353472 
380.0 919.0 0.000277173456003 9.722826544 
415.0 918.0 0.000126060000001 9.87394 
462.0 927.0 0.000198677580001 9.80132242 
530.0 918.0 0.000195983504002 9.804016496 
577.0 915.0 0.000230563972003 9.769436028 
615.0 934.0 0.000281922240002 9.71807776 
668.0 916.0 0.000156289220001 9.84371078 
739.0 934.0 0.000364474688003 9.635525312 
775.0 936.0 0.000214439520002 9.78556048 
816.0 932.0 0.000240411600002 9.7595884 
878.0 912.0 0.000295870120003 9.70412988 
912.0 933.0 0.000181819480001 9.81818052 
973.0 914.0 6.18785120002e-05 9.938121488 
11.0 969.0 6.72138400006e-05 9.93278616 
69.0 989.0 0.000135996280001 9.86400372 
122.0 971.0 9.60388000012e-05 9.9039612 
174.0 980.0 0.000126901880002 9.87309812 
231.0 969.0 0.000162346984001 9.837653016 
275.0 969.0 0.000180000000001 9.82 
331.0 961.0 8.48573680009e-05 9.915142632 
362.0 984.0 0.000112831184001 9.887168816 
413.0 988.0 0.000133258032001 9.866741968 
480.0 980.0 7.99434400008e-05 9.92005656 
536.0 969.0 6.17646800005e-05 9.93823532 
583.0 986.0 0.000115164740001 9.88483526 
630.0 971.0 0.000149072000001 9.850928 
662.0 981.0 8.13198640009e-05 9.918680136 
730.0 980.0 1.61200000002e-05 9.98388 
765.0 987.0 9.55578200007e-05 9.90444218 
814.0 961.0 0.000184396088001 9.815603912 
867.0 983.0 0.000134071480001 9.86592852 
935.0 981.0 6.18267960008e-05 9.938173204 
972.0 965.0 6.55223040006e-05 9.934477696 
