37.0 24.0 8.4584384001e-05 9.915415616 
75.0 38.0 3.37200000003e-05 9.96628 
183.0 38.0 4.78469880002e-05 9.952153012 
345.0 58.0 0.000107633200001 9.8923668 
370.0 27.0 6.07593600001e-05 9.93924064 
479.0 57.0 1.11285119997e-05 9.988871488 
551.0 3.0 4.61781000003e-05 9.9538219 
604.0 25.0 9.50909440008e-05 9.904909056 
711.0 69.0 0.000164057420002 9.83594258 
778.0 5.0 4.84566000006e-05 9.9515434 
802.0 62.0 9.70013720003e-05 9.902998628 
965.0 21.0 4.65481600006e-05 9.95345184 
26.0 95.0 9.11054600005e-05 9.90889454 
94.0 132.0 5.06000000005e-05 9.9494 
179.0 140.0 0.000113649716001 9.886350284 
283.0 86.0 0.000144886276001 9.855113724 
296.0 124.0 0.000214487616002 9.785512384 
386.0 75.0 7.54264560005e-05 9.924573544 
449.0 75.0 6.61200000006e-05 9.93388 
559.0 114.0 5.06288000005e-05 9.9493712 
622.0 87.0 0.000154029616002 9.845970384 
668.0 123.0 0.000320428100002 9.6795719 
752.0 135.0 0.000313472444002 9.686527556 
818.0 121.0 0.00014924416 9.85075584 
918.0 112.0 5.70206960005e-05 9.942979304 
920.0 115.0 6.49600000006e-05 9.93504 
21.0 189.0 4.97439839999e-05 9.950256016 
72.0 160.0 5.06000000005e-05 9.9494 
173.0 161.0 0.000144767200002 9.8552328 
246.0 182.0 0.000252899612003 9.747100388 
290.0 213.0 9.59600000009e-05 9.90404 
377.0 159.0 8.21686880004e-05 9.917831312 
434.0 177.0 7.94512320004e-05 9.920548768 
430.0 180.0 3.29200000003e-05 9.96708 
611.0 172.0 0.000101684920001 9.89831508 
698.0 207.0 0.000624248200007 9.37575179999 
717.0 163.0 0.000496934032 9.503065968 
793.0 143.0 0.000268450976003 9.731549024 
985.0 187.0 8.52113920007e-05 9.914788608 
28.0 261.0 0.000132692848001 9.867307152 
78.0 268.0 0.000107698384001 9.892301616 
197.0 229.0 0.000184729400002 9.8152706 
246.0 236.0 0.000235395824002 9.764604176 
288.0 279.0 8.66359200018e-05 9.91336408 
402.0 225.0 0.000160158208002 9.839841792 
439.0 266.0 0.000248977024002 9.751022976 
511.0 274.0 2.66114559999e-05 9.973388544 
602.0 249.0 0.000375049744004 9.624950256 
700.0 276.0 0.000713606920003 9.28639308 
750.0 255.0 0.000474312656004 9.525687344 
785.0 217.0 1.67600000002e-05 9.98324 
894.0 282.0 0.000130535036001 9.869464964 
972.0 225.0 8.06903040006e-05 9.919309696 
9.0 306.0 3.28800000003e-05 9.96712 
93.0 300.0 0.000196766856002 9.803233144 
197.0 342.0 8.4784160001e-05 9.91521584 
256.0 342.0 7.63131200006e-05 9.92368688 
294.0 307.0 8.25200000008e-05 9.91748 
408.0 290.0 0.000235064452001 9.764935548 
465.0 340.0 0.000268764192001 9.731235808 
526.0 305.0 0.000329040000003 9.67096 
590.0 315.0 0.000630988768009 9.36901123199 
653.0 289.0 0.000894829280005 9.10517071999 
775.0 300.0 0.000296717744002 9.703282256 
812.0 329.0 9.13667200011e-05 9.90863328 
915.0 291.0 0.000168777884002 9.831222116 
939.0 301.0 0.000109788056001 9.890211944 
920.0 303.0 0.000109192640001 9.89080736 
121.0 367.0 0.000317020120001 9.68297988 
192.0 400.0 0.000430935816003 9.569064184 
269.0 368.0 0.000333878560002 9.66612144 
346.0 416.0 0.000202869124002 9.797130876 
425.0 416.0 0.000926024128012 9.07397587199 
445.0 382.0 0.000341675824005 9.65832417599 
525.0 418.0 0.00154709920001 8.45290079999 
581.0 383.0 0.000514913248005 9.48508675199 
646.0 360.0 0.000406343624004 9.593656376 
762.0 373.0 6.31600000006e-05 9.93684 
835.0 399.0 6.78439400009e-05 9.93215606 
857.0 390.0 5.73488600003e-05 9.94265114 
59.0 465.0 6.46265760003e-05 9.935373424 
141.0 444.0 0.000258637960001 9.74136204 
188.0 467.0 0.000385213344003 9.614786656 
253.0 446.0 0.000772882112007 9.22711788799 
311.0 498.0 0.000752932544007 9.24706745599 
362.0 436.0 0.000199624968001 9.800375032 
540.0 467.0 0.00107230222801 8.92769777199 
711.0 485.0 0.000391743664004 9.608256336 
732.0 428.0 4.74963200004e-05 9.95250368 
853.0 499.0 0.000233682560002 9.76631744 
869.0 483.0 0.000138973536001 9.861026464 
876.0 485.0 0.000139303200001 9.8606968 
31.0 30.0 8.3015000001e-05 9.916985 
114.0 516.0 0.000148811444002 9.851188556 
195.0 519.0 7.98400000008e-05 9.92016 
285.0 517.0 0.000551131000005 9.44886899999 
346.0 544.0 0.000849181284002 9.150818716 
408.0 529.0 0.0009175104 9.0824896 
500.0 527.0 0.00102243597201 8.97756402799 
640.0 502.0 0.00106556800001 8.93443199999 
693.0 548.0 0.000917312300008 9.08268769999 
716.0 509.0 0.000843558400006 9.15644159999 
889.0 515.0 0.000151548480001 9.84845152 
947.0 530.0 4.65203160005e-05 9.953479684 
19.0 631.0 4.666736e-05 9.95333264 
98.0 586.0 6.47389600007e-05 9.93526104 
183.0 621.0 0.000184091400001 9.8159086 
252.0 598.0 9.9840000001e-05 9.90016 
321.0 580.0 1.58000000002e-05 9.9842 
402.0 629.0 0.000119115512001 9.880884488 
467.0 590.0 0.000489935104006 9.51006489599 
570.0 595.0 0.000210600000002 9.7894 
785.0 633.0 0.000215600000002 9.7844 
843.0 636.0 0.000167464920001 9.83253508 
872.0 606.0 0.000166611964001 9.833388036 
938.0 610.0 0.000129600256001 9.870399744 
61.0 655.0 0.000101364184001 9.898635816 
129.0 670.0 0.000168086556002 9.831913444 
212.0 664.0 0.000215519964002 9.784480036 
239.0 654.0 0.000175925820002 9.82407418 
287.0 688.0 0.000152211156001 9.847788844 
387.0 644.0 4.27888000005e-05 9.9572112 
488.0 709.0 3.25200000003e-05 9.96748 
537.0 705.0 0.000416289984005 9.583710016 
575.0 653.0 0.000357031708003 9.642968292 
685.0 674.0 0.000231745380003 9.76825462 
763.0 649.0 0.000458480160006 9.54151983999 
796.0 692.0 0.000339605760002 9.66039424 
908.0 678.0 0.000185739304002 9.814260696 
988.0 670.0 4.99736000003e-05 9.9500264 
105.0 778.0 0.000180119156001 9.819880844 
160.0 716.0 0.000114693632001 9.885306368 
234.0 739.0 0.000128765520001 9.87123448 
356.0 722.0 0.000113600000001 9.8864 
377.0 737.0 3.50871439995e-05 9.964912856 
470.0 741.0 3.66436959999e-05 9.963356304 
546.0 781.0 0.000155452992001 9.844547008 
609.0 717.0 0.000468851312004 9.531148688 
644.0 769.0 0.000275939772001 9.724060228 
742.0 722.0 0.000299222312003 9.700777688 
816.0 761.0 0.000297826816003 9.702173184 
924.0 769.0 1.62000000002e-05 9.9838 
964.0 717.0 4.90043400005e-05 9.95099566 
160.0 822.0 0.000178318224002 9.821681776 
165.0 827.0 0.000226661988001 9.773338012 
230.0 855.0 0.000179680000002 9.82032 
324.0 794.0 3.45024640003e-05 9.965497536 
470.0 820.0 6.69856000008e-05 9.9330144 
511.0 814.0 3.44800000003e-05 9.96552 
583.0 837.0 0.000100373240001 9.89962676 
678.0 800.0 0.000215502128001 9.784497872 
716.0 838.0 0.0001786032 9.8213968 
853.0 792.0 0.00022545784 9.77454216 
883.0 853.0 0.000196401924 9.803598076 
33.0 910.0 1.68400000002e-05 9.98316 
203.0 871.0 0.000192819840002 9.80718016 
338.0 904.0 1.61957120003e-05 9.983804288 
362.0 906.0 3.33600000003e-05 9.96664 
479.0 900.0 1.62800000002e-05 9.98372 
536.0 894.0 1.52800000002e-05 9.98472 
577.0 867.0 4.45949440002e-05 9.955405056 
680.0 895.0 0.000141843260002 9.85815674 
749.0 927.0 9.85731600012e-05 9.90142684 
828.0 907.0 6.61200000006e-05 9.93388 
896.0 909.0 0.000163333420002 9.83666658 
937.0 911.0 0.00013773568 9.86226432 
26.0 938.0 2.66227719999e-05 9.973377228 
87.0 973.0 6.79707200007e-05 9.93202928 
143.0 970.0 1.68000000002e-05 9.9832 
261.0 962.0 0.000101492180001 9.89850782 
308.0 987.0 4.4643712e-05 9.955356288 
402.0 963.0 1.64675279999e-05 9.983532472 
465.0 962.0 1.47171200003e-05 9.98528288 
570.0 964.0 3.30535680001e-05 9.966946432 
581.0 962.0 1.61600000002e-05 9.98384 
644.0 992.0 3.12283039999e-05 9.968771696 
756.0 964.0 4.20544720001e-05 9.957945528 
871.0 987.0 8.74847200008e-05 9.91251528 
947.0 998.0 4.89664960005e-05 9.951033504 
235.0 889.0 7.90686199997e-05 9.92093138 
660.0 349.0 0.000648680860006 9.35131913999 
911.0 7.0 9.34928000005e-05 9.9065072 
256.0 699.0 7.73430560005e-05 9.922656944 
54.0 757.0 4.43628640005e-05 9.955637136 
102.0 900.0 9.97060000001e-05 9.900294 
102.0 830.0 0.000191466352001 9.808533648 
837.0 959.0 8.69958800015e-05 9.91300412 
985.0 859.0 5.05736000001e-05 9.9494264 
402.0 801.0 8.09402080008e-05 9.919059792 
301.0 846.0 1.66400000002e-05 9.98336 
516.0 625.0 0.000274520688003 9.725479312 
699.0 607.0 0.000551647876002 9.448352124 
794.0 516.0 0.000303635420003 9.69636458 
922.0 349.0 0.000113720000001 9.88628 
912.0 219.0 0.000150598824001 9.849401176 
881.0 57.0 9.731604e-05 9.90268396 
247.0 47.0 9.05684920011e-05 9.909431508 
583.0 465.0 0.00119524979201 8.80475020799 
465.0 468.0 0.001088315912 8.911684088 
456.0 545.0 0.000742591199996 9.2574088 
