250.0 250.0
228.0 232.0 0.780653920015 10019.34608 
168.0 248.0 0.244120000006 10555.88 
293.0 157.0 0.0918675200011 10708.13248 
185.0 310.0 0.659517200009 10140.4828 
167.0 342.0 0.256912320006 10543.08768 
180.0 322.0 0.416672000007 10383.328 
213.0 432.0 0.125372480002 10674.62752 
280.0 198.0 0.140065320002 10659.93468 
323.0 298.0 0.434021520007 10365.97848 
250.0 196.0 0.396555840009 10403.44416 
155.0 221.0 0.649921600015 10150.0784 
145.0 222.0 0.254331800006 10545.6682 
190.0 337.0 0.182655120004 10617.34488 
58.0 154.0 0.304753600004 10495.2464 
154.0 213.0 0.623635400015 10176.3646 
209.0 411.0 0.0166400000004 10783.36 
131.0 305.0 0.59837032001 10201.62968 
33.0 263.0 0.582943480007 10217.05652 
205.0 193.0 1.22339200002 9576.60799998 
371.0 159.0 0.161320000004 10638.68 
343.0 120.0 0.195922800001 10604.0772 
317.0 59.0 0.0335600000009 10766.44 
28.0 286.0 0.582943480007 10217.05652
264.0 390.0 0.463364400004 10336.6356 
89.0 94.0 0.0980600000015 10701.94 
226.0 209.0 0.692016880017 10107.98312 
328.0 325.0 0.0869560800019 10713.04392 
168.0 150.0 0.434963920009 10365.03608 
409.0 210.0 0.236890680004 10563.10932 
395.0 151.0 0.132537600003 10667.4624 
170.0 331.0 0.262995760007 10537.00424 
214.0 178.0 0.753411040019 10046.58896 
150.0 223.0 0.331459120008 10468.54088 
66.0 49.0 0.0952953600015 10704.70464 
370.0 105.0 0.266676560002 10533.32344 
392.0 55.0 0.181293280001 10618.70672 
189.0 117.0 0.145165800004 10654.8342 
406.0 198.0 0.118133440002 10681.86656 
24.0 100.0 0.0557112800013 10744.28872 
170.0 270.0 0.452017120008 10347.98288 
135.0 479.0 0.0166000000004 10783.4 
284.0 375.0 0.163865600003 10636.1344 
314.0 472.0 0.140727200002 10659.2728 
414.0 475.0 0.099606080002 10700.39392 
76.0 326.0 0.292212640002 10507.78736 
199.0 83.0 0.251464600003 10548.5354 
237.0 92.0 0.0734474000013 10726.5526 
234.0 288.0 0.566984000009 10233.016 
294.0 5.0 0.0826826000008 10717.3174 
149.0 177.0 0.808674400011 9991.32559999 
328.0 304.0 0.394767240009 10405.23276 
296.0 257.0 0.109732800001 10690.2672 
458.0 229.0 0.169998320002 10630.00168 
478.0 99.0 0.582943480007 10217.05652 
16.0 125.0 0.175902400002 10624.0976 
228.0 108.0 0.167239440004 10632.76056 
239.0 24.0 0.0166800000004 10783.32 
21.0 337.0 0.184948800001 10615.0512 
136.0 193.0 0.324153400008 10475.8466 
139.0 308.0 0.302752800007 10497.2472 
304.0 456.0 0.130042640003 10669.95736 
155.0 491.0 0.0173304000001 10782.6696 
398.0 381.0 0.711995800016 10088.0042 
460.0 490.0 0.0774096400007 10722.59036 
112.0 156.0 0.372268000004 10427.732 
227.0 401.0 0.261629600005 10538.3704 
377.0 108.0 0.185560000003 10614.44 
164.0 212.0 0.353270880008 10446.72912 
333.0 118.0 0.105105000001 10694.895 
294.0 263.0 0.565213400003 10234.7866 
351.0 251.0 0.616188480009 10183.81152 
258.0 201.0 0.711995800016 10088.0042 
437.0 46.0 0.0770135200011 10722.98648 
373.0 425.0 0.0481600000013 10751.84 
109.0 53.0 0.0768136800011 10723.18632 
277.0 497.0 0.130006720002 10669.99328 
465.0 396.0 0.711995800016 10088.0042 
266.0 341.0 0.147480000004 10652.52 
52.0 193.0 0.582943480007 10217.05652 
160.0 261.0 0.40016568001 10399.83432 
22.0 361.0 0.0503766400006 10749.62336 
355.0 253.0 0.267935360006 10532.06464 
380.0 412.0 0.0481600000013 10751.84 
63.0 449.0 0.582943480007 10217.05652 
198.0 135.0 0.66112340001 10138.8766 
278.0 378.0 0.163971640003 10636.02836 
320.0 58.0 0.0252888000001 10774.7112 
408.0 451.0 0.1669288 10633.0712 
90.0 112.0 0.210216000004 10589.784 
427.0 132.0 0.0873564800012 10712.64352 
239.0 123.0 0.0822000000022 10717.8 
389.0 251.0 0.267296320004 10532.70368 
137.0 312.0 0.377629160009 10422.37084 
265.0 447.0 0.455410000005 10344.59 
450.0 280.0 0.0323600000009 10767.64 
355.0 110.0 0.163497120003 10636.50288 
465.0 258.0 0.0548224000007 10745.1776 
201.0 34.0 0.0804592000009 10719.5408 
122.0 88.0 0.0627200000017 10737.28 
145.0 367.0 0.160510000002 10639.49 
