250.0 250.0
221.0 238.0 0.865443600022 9934.55639998 
267.0 265.0 0.476559680012 10323.44032 
270.0 187.0 0.703020800018 10096.9792 
244.0 264.0 0.518779040013 10281.22096 
313.0 130.0 0.198188280003 10601.81172 
185.0 149.0 0.41021216001 10389.78784 
343.0 268.0 0.0806400000021 10719.36 
166.0 55.0 0.191813600003 10608.1864 
156.0 144.0 0.197520000004 10602.48 
201.0 43.0 0.169592000003 10630.408 
385.0 232.0 0.596278400014 10203.7216 
215.0 141.0 0.295880000008 10504.12 
465.0 174.0 0.163539640004 10636.46036 
96.0 140.0 0.181741440002 10618.25856 
494.0 178.0 0.138476800002 10661.5232 
400.0 293.0 0.344633120005 10455.36688 
48.0 44.0 0.110169000001 10689.831 
276.0 166.0 0.801956920021 9998.04307998 
468.0 231.0 0.438410000005 10361.59 
192.0 241.0 1.09065800001 9709.34199999 
488.0 329.0 0.132172640002 10667.82736 
141.0 193.0 0.157904000003 10642.096 
400.0 79.0 0.711995800016 10088.0042 
366.0 81.0 0.105655840002 10694.34416 
467.0 318.0 0.113455720002 10686.54428 
217.0 266.0 0.826676800015 9973.32319999 
389.0 270.0 0.484004000009 10315.996 
441.0 169.0 0.143745 10656.255 
192.0 104.0 0.277732800005 10522.2672 
200.0 42.0 0.168678400003 10631.3216 
163.0 209.0 0.468224600009 10331.7754 
88.0 77.0 0.167460400003 10632.5396 
161.0 117.0 0.563378240007 10236.62176 
471.0 281.0 0.310213600005 10489.7864 
415.0 311.0 0.332052680006 10467.94732 
334.0 347.0 0.671710800009 10128.2892 
346.0 109.0 0.208548000004 10591.452 
351.0 205.0 0.728369240018 10071.63076 
357.0 328.0 0.735150080012 10064.84992 
341.0 54.0 0.137096000002 10662.904 
175.0 177.0 0.261068800006 10538.9312 
358.0 222.0 0.790400880019 10009.59912 
308.0 205.0 1.46189184002 9338.10815998 
404.0 325.0 0.323931120007 10476.06888 
178.0 286.0 0.474622120007 10325.37788 
146.0 257.0 0.338467800005 10461.5322 
342.0 204.0 0.905383280011 9894.61671999 
218.0 253.0 0.637888000016 10162.112 
287.0 65.0 0.166220000002 10633.78 
454.0 431.0 0.0867454400016 10713.25456 
321.0 153.0 0.846093640016 9953.90635998 
423.0 346.0 0.240782080005 10559.21792 
343.0 378.0 0.306463840006 10493.53616 
127.0 85.0 0.343819200005 10456.1808 
390.0 218.0 0.540440000013 10259.56 
98.0 99.0 0.186383600004 10613.6164 
495.0 279.0 0.228941080004 10571.05892 
348.0 297.0 0.463472000012 10336.528 
12.0 190.0 0.0823683200007 10717.63168 
251.0 63.0 0.212552160005 10587.44784 
376.0 132.0 0.101606000002 10698.394 
92.0 77.0 0.176224160003 10623.77584 
152.0 296.0 0.187744480004 10612.25552 
169.0 367.0 0.0332400000009 10766.76 
77.0 291.0 0.0170800000004 10782.92 
203.0 412.0 0.057591 10742.409 
27.0 353.0 0.711995800016 10088.0042 
270.0 313.0 0.581441200014 10218.5588 
221.0 93.0 0.318880000006 10481.12 
535.0 260.0 0.0734157200008 10726.58428 
113.0 158.0 0.139365080003 10660.63492 
257.0 93.0 0.377128000004 10422.872 
246.0 376.0 0.0158000000004 10784.2 
309.0 310.0 1.40670552002 9393.29447998 
326.0 371.0 0.233899200005 10566.1008 
384.0 199.0 0.41631392001 10383.68608 
120.0 347.0 0.0575694400003 10742.43056 
186.0 184.0 0.77468840001 10025.3116 
270.0 265.0 0.737275000011 10062.725 
428.0 474.0 0.0175600000005 10782.44 
102.0 230.0 0.253931200002 10546.0688 
63.0 191.0 0.195754080003 10604.24592 
483.0 87.0 0.711995800016 10088.0042
396.0 333.0 0.295110720007 10504.88928 
476.0 228.0 0.172173400004 10627.8266 
144.0 148.0 0.481139200009 10318.8608 
238.0 97.0 0.266297760006 10533.70224 
399.0 168.0 0.0658800000017 10734.12 
97.0 452.0 0.711995800016 10088.0042 
61.0 241.0 0.0556124800002 10744.38752 
461.0 458.0 0.119346400002 10680.6536 
158.0 268.0 0.364871600008 10435.1284 
278.0 42.0 0.0792176000016 10720.7824 
264.0 199.0 1.55618964002 9243.81035998 
435.0 416.0 0.261242200002 10538.7578 
424.0 264.0 0.67307400001 10126.926 
399.0 379.0 0.422434880003 10377.56512 
205.0 119.0 0.323776160005 10476.22384 
385.0 234.0 0.851308800011 9948.69119999 
20.0 416.0 0.851308800011 9948.69119999 
