250.0 250.0
211.0 145.0 0.766168240019 10033.83176 
322.0 220.0 0.179600000005 10620.4 
330.0 140.0 0.427687360004 10372.31264 
155.0 316.0 0.997141200016 9802.85879998 
179.0 316.0 0.477896880011 10322.10312 
184.0 277.0 1.83731004003 8962.68995997 
227.0 348.0 0.360481200007 10439.5188 
153.0 277.0 0.634213280016 10165.78672 
386.0 120.0 0.161613120002 10638.38688 
397.0 117.0 0.0320800000008 10767.92 
142.0 318.0 0.311328720007 10488.67128 
152.0 185.0 0.289060000007 10510.94 
163.0 126.0 0.528100000013 10271.9 
220.0 337.0 0.395033240005 10404.96676 
446.0 123.0 0.178581920004 10621.41808 
273.0 325.0 0.432100240006 10367.89976 
224.0 112.0 0.463026880008 10336.97312 
336.0 278.0 0.396176000001 10403.824 
203.0 232.0 2.37992636003 8420.07363997 
72.0 267.0 0.267431840004 10532.56816 
144.0 237.0 1.01053936002 9789.46063998 
207.0 138.0 0.684031600017 10115.9684 
406.0 119.0 0.143049600002 10656.9504 
138.0 239.0 0.591173760014 10208.82624 
315.0 316.0 0.166103400004 10633.8966 
189.0 258.0 1.05589140003 9744.10859997 
69.0 361.0 0.362654400005 10437.3456 
191.0 329.0 0.642415040014 10157.58496 
54.0 310.0 0.280968160006 10519.03184 
207.0 114.0 0.275480000007 10524.52 
136.0 173.0 0.262256400006 10537.7436 
494.0 92.0 0.108939600001 10691.0604 
239.0 102.0 0.448218760011 10351.78124 
499.0 172.0 0.0713256400015 10728.67436 
178.0 447.0 0.0321600000008 10767.84 
148.0 47.0 0.582943480007 10217.05652 
213.0 194.0 0.261200000007 10538.8 
128.0 293.0 0.982469920021 9817.53007998 
88.0 400.0 0.180606880002 10619.39312 
415.0 210.0 0.426208960005 10373.79104 
46.0 442.0 0.116298080002 10683.70192 
226.0 264.0 1.10362656003 9696.37343997 
160.0 229.0 1.02425400003 9775.74599997 
354.0 145.0 0.166832640004 10633.16736 
390.0 142.0 0.110226400002 10689.7736 
254.0 294.0 0.850668000014 9949.33199999 
428.0 337.0 0.176624520001 10623.37548 
215.0 381.0 0.223678240004 10576.32176 
189.0 128.0 0.268020000006 10531.98 
214.0 35.0 0.154398160002 10645.60184 
485.0 147.0 0.238272760003 10561.72724 
289.0 140.0 0.172111600004 10627.8884 
233.0 76.0 0.191967400005 10608.0326 
113.0 91.0 0.105291920002 10694.70808 
127.0 169.0 0.272211200007 10527.7888 
240.0 84.0 0.307572200004 10492.4278 
207.0 154.0 0.884057440015 9915.94255999 
291.0 117.0 0.208144000004 10591.856 
54.0 184.0 0.0330800000009 10766.92 
247.0 395.0 0.114144000002 10685.856 
56.0 301.0 0.267281320005 10532.71868 
101.0 327.0 0.709112720009 10090.88728 
230.0 189.0 1.65005344002 9149.94655998 
204.0 119.0 0.407115920007 10392.88408 
12.0 191.0 0.03913596 10760.86404 
346.0 186.0 0.446496000006 10353.504 
162.0 250.0 0.886796800023 9913.20319998 
91.0 256.0 0.226566560003 10573.43344 
116.0 134.0 0.250313200004 10549.6868 
47.0 396.0 0.153861040003 10646.13896 
394.0 56.0 0.0154400000004 10784.56 
171.0 263.0 1.48171888003 9318.28111997 
407.0 49.0 0.01108592 10788.91408 
378.0 314.0 0.302673600004 10497.3264 
71.0 146.0 0.0360852799997 10763.91472 
93.0 91.0 0.110876320002 10689.12368 
119.0 324.0 0.278883400006 10521.1166 
498.0 286.0 0.278883400006 10800.0
120.0 255.0 0.473186800007 10326.8132 
197.0 477.0 0.07247376 10727.52624 
334.0 477.0 0.0408218000001 10759.1782 
227.0 257.0 1.25986088002 9540.13911998 
61.0 258.0 0.131708480003 10668.29152 
216.0 56.0 0.222860000004 10577.14 
39.0 290.0 0.129582160003 10670.41784 
162.0 488.0 0.0614006400005 10738.59936 
316.0 157.0 0.416010000007 10383.99 
456.0 181.0 0.346974640004 10453.02536 
247.0 43.0 0.116292400002 10683.7076 
266.0 150.0 1.01307224002 9786.92775998 
156.0 182.0 0.532529800006 10267.4702 
166.0 384.0 0.0784000000012 10721.6 
413.0 252.0 0.582943480007 10217.05652 
320.0 434.0 0.0333200000009 10766.68 
54.0 286.0 0.114589600002 10685.4104 
363.0 207.0 0.247736000005 10552.264 
467.0 341.0 0.0635757200012 10736.42428 
352.0 299.0 0.165415040004 10634.58496 
353.0 217.0 0.194880000005 10605.12 
377.0 438.0 0.0650592000003 10734.9408 
