250.0 250.0
359.0 260.0 0.80906884 9990.93116 
336.0 370.0 0.154548000003 10645.452 
328.0 210.0 0.36588000001 10434.12 
379.0 168.0 0.218271440005 10581.72856 
255.0 426.0 0.305493560004 10494.50644 
424.0 395.0 0.0647200000017 10735.28 
262.0 445.0 0.143049560003 10656.95044 
213.0 159.0 0.774247360002 10025.75264 
430.0 335.0 0.0511200000013 10748.88 
181.0 136.0 0.582943480007 10217.05652 
84.0 118.0 0.382331920004 10417.66808 
357.0 484.0 0.0169600000004 10783.04 
262.0 469.0 0.155017600002 10644.9824 
259.0 70.0 0.119827600002 10680.1724 
448.0 284.0 0.285462600006 10514.5374 
229.0 488.0 0.0635700000006 10736.43 
478.0 159.0 0.0173600000005 10782.64 
60.0 90.0 0.131019200002 10668.9808 
371.0 525.0 0.0403139199996 10759.68608 
115.0 45.0 0.0303610000004 10769.639 
81.0 87.0 0.141580400003 10658.4196 
203.0 88.0 0.0322000000008 10767.8 
30.0 109.0 0.138392720002 10661.60728 
179.0 490.0 0.80906884 9990.93116 
391.0 429.0 0.0447984 10755.2016 
227.0 391.0 0.563244520013 10236.75548 
306.0 361.0 0.153220320002 10646.77968 
189.0 157.0 0.362651200009 10437.3488 
131.0 52.0 0.0162000000004 10783.8 
265.0 123.0 0.0660000000017 10734.0 
111.0 204.0 0.582943480007 10217.05652 
14.0 261.0 0.108733600002 10691.2664 
186.0 391.0 0.114130000002 10685.87 
378.0 167.0 0.188253400003 10611.7466 
349.0 96.0 0.136267520002 10663.73248 
101.0 237.0 0.122944320002 10677.05568 
105.0 281.0 0.265371480002 10534.62852 
283.0 402.0 0.256130400005 10543.8696 
411.0 238.0 0.584752640011 10215.24736 
113.0 385.0 0.0324800000009 10767.52 
158.0 331.0 0.267152000006 10532.848 
458.0 431.0 0.192156800001 10607.8432 
388.0 269.0 0.441397440008 10358.60256 
74.0 321.0 0.0501600000013 10749.84 
464.0 320.0 0.242291200005 10557.7088 
233.0 76.0 0.126175960002 10673.82404 
257.0 220.0 0.0567970800008 10743.20292 
354.0 126.0 0.47768512001 10322.31488 
210.0 275.0 1.02471700001 9775.28299999 
352.0 324.0 0.0735136400016 10726.48636 
248.0 210.0 0.0663340800011 10733.66592 
472.0 451.0 0.0999904000019 10700.0096 
487.0 380.0 0.120526400003 10679.4736 
209.0 154.0 0.394313120009 10405.68688 
63.0 144.0 0.0324800000009 10767.52 
55.0 278.0 0.268011440004 10531.98856 
58.0 435.0 0.582943480007 10217.05652 
273.0 90.0 0.0780900000021 10721.91 
179.0 203.0 0.198320000005 10601.68 
196.0 370.0 0.46790540001 10332.0946 
236.0 355.0 0.682428400017 10117.5716 
194.0 162.0 0.196320000005 10603.68 
328.0 173.0 0.394366080008 10405.63392 
345.0 171.0 0.406732800008 10393.2672 
250.0 408.0 0.338599600006 10461.4004 
75.0 407.0 0.0396249600001 10760.37504 
312.0 164.0 0.662688640002 10137.31136 
39.0 249.0 0.0939973600016 10706.00264 
342.0 365.0 0.155421120003 10644.57888 
129.0 126.0 0.560925120004 10239.07488 
311.0 388.0 0.103044960002 10696.95504 
475.0 100.0 0.0692664000004 10730.7336 
145.0 128.0 0.325457280007 10474.54272 
76.0 66.0 0.171699520003 10628.30048 
332.0 144.0 0.414888000009 10385.112 
233.0 325.0 1.42990520001 9370.09479999 
136.0 434.0 0.0725059200011 10727.49408 
217.0 374.0 0.752428920017 10047.57108 
212.0 255.0 0.340360440008 10459.63956 
444.0 253.0 0.179769120004 10620.23088 
438.0 272.0 0.500828440008 10299.17156 
156.0 154.0 0.500851600011 10299.1484 
319.0 358.0 0.112200160002 10687.79984 
388.0 188.0 0.193980480004 10606.01952 
145.0 298.0 0.0982000000026 10701.8 
395.0 148.0 0.209388360004 10590.61164 
216.0 337.0 0.63516516001 10164.83484 
400.0 91.0 0.116469720002 10683.53028 
286.0 99.0 0.0995946000018 10700.4054 
402.0 154.0 0.197643440003 10602.35656 
306.0 325.0 0.0993200000026 10700.68 
393.0 257.0 0.133440000003 10666.56 
491.0 338.0 0.168540000003 10631.46 
496.0 481.0 0.0641740800011 10735.82592 
196.0 139.0 0.364658360009 10435.34164 
175.0 413.0 0.191088800003 10608.9112 
491.0 71.0 0.582943480007 10217.05652 
229.0 387.0 0.606696000009 10193.304 
323.0 314.0 0.115360000003 10684.64 
447.0 330.0 0.352068400005 10447.9316 
