250.0 250.0
228.0 242.0 0.153138240001 10646.86176 
283.0 173.0 0.0173200000005 10782.68 
170.0 244.0 0.129466480002 10670.53352 
204.0 195.0 0.257861800004 10542.1382 
208.0 199.0 0.222447200003 10577.5528 
262.0 353.0 0.222447200003 10577.5528 
121.0 157.0 0.222447200003 10577.5528 
195.0 313.0 0.0176000000005 10782.4 
204.0 136.0 0.0982906800012 10701.70932 
325.0 272.0 0.0982906800012 10701.70932 
197.0 307.0 0.0162800000004 10783.72 
393.0 294.0 0.0162800000004 10783.72 
182.0 315.0 0.0118448000001 10788.1552 
266.0 149.0 0.0236417999998 10776.3582 
331.0 253.0 0.0236417999998 10776.3582 
119.0 53.0 0.0261294000003 10773.8706 
416.0 270.0 0.0261294000003 10773.8706 
69.0 240.0 0.0261294000003 10773.8706 
444.0 211.0 0.0236799999998 10776.32 
430.0 183.0 0.0160000000004 10784.0 
