250.0 250.0
198.0 147.0 0.114440000003 10685.56 
217.0 249.0 0.1316604 10668.3396 
184.0 207.0 0.197900800003 10602.0992 
201.0 91.0 0.0609444 10739.0556 
312.0 178.0 0.0833470000012 10716.653 
186.0 108.0 0.137306000001 10662.694 
279.0 213.0 0.1654816 10634.5184 
266.0 272.0 0.0714992000015 10728.5008 
137.0 106.0 0.241710600004 10558.2894 
168.0 111.0 0.199086720002 10600.91328 
324.0 227.0 0.154808800002 10645.1912 
134.0 65.0 0.225459200002 10574.5408 
212.0 310.0 0.0166800000004 10783.32 
153.0 231.0 0.0169200000004 10783.08 
107.0 70.0 0.0923203200015 10707.67968 
183.0 337.0 0.0345276000001 10765.4724 
130.0 197.0 0.0930907200008 10706.90928 
158.0 228.0 0.0169200000004 10783.08 
219.0 209.0 0.0862599200006 10713.74008 
75.0 68.0 0.116871200002 10683.1288 
