250.0 250.0
147.0 220.0 0.306550400005 10493.4496 
114.0 255.0 0.165863120003 10634.13688 
178.0 181.0 0.165863120003 10634.13688 
302.0 246.0 0.122162400001 10677.8376 
330.0 327.0 0.0624772799999 10737.52272 
70.0 207.0 0.0172400000004 10782.76 
107.0 288.0 0.208541280003 10591.45872 
305.0 387.0 0.0511799199996 10748.82008 
195.0 254.0 0.441089520002 10358.91048 
211.0 461.0 0.441089520002 10358.91048 
76.0 325.0 0.0773948000008 10722.6052 
140.0 241.0 0.368144800005 10431.8552 
39.0 222.0 0.0290666400003 10770.93336 
255.0 97.0 0.0290666400003 10770.93336 
123.0 478.0 0.0173200000005 10782.68 
274.0 347.0 0.0322000000008 10767.8 
291.0 199.0 0.0786528000007 10721.3472 
188.0 116.0 0.0169200000004 10783.08 
135.0 495.0 0.0161595599997 10783.84044 
177.0 70.0 0.0463100399996 10753.68996 
