250.0 250.0
185.0 167.0 0.130512320001 10669.48768 
125.0 250.0 0.130512320001 10800.0 
238.0 192.0 0.246033280002 10553.96672 
129.0 206.0 0.0161600000004 10783.84 
305.0 93.0 0.0161600000004 10800.0 
239.0 214.0 0.0798320000014 10720.168 
293.0 313.0 0.0798320000014 10720.168  
138.0 350.0 0.124286000002 10675.714 
197.0 155.0 0.124286000002 10675.714 
166.0 96.0 0.0317200000008 10768.28 
151.0 101.0 0.0399100000011 10760.09 
373.0 385.0 0.0159200000004 10784.08 
125.0 173.0 0.0259368000003 10774.0632 
450.0 368.0 0.0572069600005 10742.79304 
421.0 420.0 0.0801816800004 10719.81832 
443.0 323.0 0.0332000000009 10766.8 
186.0 77.0 0.0688121200007 10731.18788 
340.0 29.0 0.0688121200007 10731.18788
452.0 334.0 0.0120463199999 10787.95368 
186.0 311.0 0.0120463199999 10787.95368
