250.0 250.0
191.0 341.0 0.0194883999999 10780.5116 
254.0 180.0 0.0996400000026 10700.36 
335.0 168.0 0.320005760006 10479.99424 
227.0 278.0 0.0311835999998 10768.8164 
86.0 286.0 0.0214264400003 10778.57356 
303.0 186.0 0.375762680005 10424.23732 
349.0 157.0 0.146973960004 10653.02604 
177.0 353.0 0.0339636000003 10766.0364 
97.0 260.0 0.0165200000004 10783.48 
216.0 348.0 0.0332000000009 10766.8 
337.0 74.0 0.104185200001 10695.8148 
257.0 395.0 0.104185200001 10695.8148
354.0 282.0 0.104185200001 10695.8148 
251.0 88.0 0.236537840004 10563.46216 
304.0 123.0 0.236537840004 10563.46216 
294.0 238.0 0.0418991999998 10758.1008 
364.0 213.0 0.154337040003 10645.66296 
39.0 373.0 0.0634356000003 10736.5644 
231.0 441.0 0.0634356000003 10736.5644
80.0 415.0 0.0160800000004 10783.92 
