250.0 250.0
252.0 251.0 0.00850420000034 10791.4958 
217.0 200.0 0.234553040002 10565.44696 
272.0 188.0 0.126038360002 10673.96164 
372.0 207.0 0.226700480005 10573.29952 
400.0 197.0 0.215896920003 10584.10308 
362.0 309.0 0.0833600000022 10716.64 
292.0 205.0 0.147160000004 10652.84 
276.0 176.0 0.0425669200003 10757.43308 
364.0 386.0 0.0152400000004 10784.76 
441.0 228.0 0.0871567200005 10712.84328 
378.0 219.0 0.129187080003 10670.81292 
189.0 152.0 0.107772640001 10692.22736 
475.0 294.0 0.087804800001 10712.1952 
119.0 186.0 0.087804800001 10712.1952 
400.0 330.0 0.265853600002 10534.1464 
389.0 372.0 0.0201320400002 10779.86796 
330.0 247.0 0.522006880004 10277.99312 
437.0 330.0 0.196709320003 10603.29068 
423.0 297.0 0.168243280004 10631.75672 
442.0 346.0 0.175936000004 10624.064 
510.0 422.0 0.175936000004 10624.064 
335.0 253.0 0.188940880005 10611.05912 
272.0 425.0 0.188940880005 10611.05912 
362.0 230.0 0.298580280004 10501.41972 
314.0 107.0 0.298580280004 10501.41972 
