250.0 250.0
192.0 175.0 0.143984440002 10656.01556 
83.0 200.0 0.0166000000004 10783.4 
115.0 87.0 0.0726510000009 10727.349 
235.0 131.0 0.0172800000004 10782.72 
183.0 196.0 0.082232800002 10717.7672 
234.0 307.0 0.0671238 10732.8762 
96.0 111.0 0.0158000000004 10784.2 
330.0 193.0 0.0429763200012 10757.02368 
316.0 189.0 0.0474000000013 10752.6 
198.0 210.0 0.342410920005 10457.58908 
89.0 124.0 0.0615079600008 10738.49204 
37.0 173.0 0.0555269999999 10744.473 
194.0 261.0 0.380394360001 10419.60564 
92.0 154.0 0.0324400000009 10767.56 
15.0 54.0  0.380394360001 10419.60564 
202.0 124.0 0.0893532800007 10710.64672 
225.0 368.0 0.0326800000009 10767.32 
195.0 362.0 0.0396211200006 10760.37888 
347.0 235.0 0.0718766000003 10728.1234 
378.0 346.0 0.0162400000004 10783.76 
387.0 397.0 0.0516756800002 10748.32432 
217.0 387.0 0.0314230000005 10768.577 
421.0 456.0  0.380394360001 10419.60564 
156.0 471.0  0.380394360001 10419.60564 
344.0 155.0 0.0549856000002 10745.0144 
