250.0 250.0
172.0 241.0 0.0175200000005 10782.48 
216.0 328.0 0.0166800000004 10783.32 
115.0 337.0 0.0166800000004 10783.32 
59.0 242.0 0.0156400000004 10784.36 
286.0 423.0 0.0156400000004 10784.36 
305.0 469.0 0.0465602800002 10753.43972 
364.0 362.0 0.0334312000005 10766.5688 
140.0 414.0 0.0334312000005 10766.5688 
295.0 234.0 0.288819840002 10511.18016 
454.0 318.0 0.0174879999998 10782.512 
338.0 245.0 0.135701200002 10664.2988 
219.0 449.0 0.135701200002 10664.2988
382.0 349.0 0.0639674400016 10736.03256 
361.0 375.0 0.0255800000003 10774.42 
326.0 254.0 0.125706040003 10674.29396 
277.0 196.0 0.171513280003 10628.48672 
140.0 203.0 0.0519993600001 10748.00064 
454.0 378.0 0.0174000000005 10782.6 
431.0 310.0 0.0160000000004 10784.0 
248.0 345.0 0.0302408399998 10769.75916 
359.0 364.0 0.0480000000013 10752.0 
265.0 161.0 0.0630882800007 10736.91172 
500.0 373.0 0.0459533999999 10754.0466 
382.0 182.0 0.0459533999999 10754.0466 
356.0 68.0 0.0459533999999 10754.0466 
