250.0 250.0
186.0 214.0 0.567386320011 10232.61368 
155.0 170.0 0.644227440006 10155.77256 
138.0 147.0 0.287783280004 10512.21672 
120.0 117.0 0.261357760005 10538.64224 
199.0 237.0 0.395442000009 10404.558 
15.0 174.0 0.395442000009 10404.558
285.0 195.0 0.0854912000008 10714.5088 
30.0 166.0 0.0854912000008 10714.5088 
114.0 76.0 0.210530000004 10589.47 
228.0 265.0 0.214932680005 10585.06732 
374.0 127.0 0.214932680005 10585.06732 
104.0 256.0 0.0932717600009 10706.72824 
92.0 165.0 0.0683765600009 10731.62344 
312.0 130.0 0.0683765600009 10731.62344 
116.0 220.0 0.0512000000013 10748.8 
192.0 98.0 0.0512000000013 10748.8 
233.0 193.0 0.472569440009 10327.43056 
203.0 163.0 0.400162720009 10399.83728 
117.0 149.0 0.216012000005 10583.988 
94.0 28.0 0.120114560002 10679.88544 
118.0 27.0 0.115645600001 10684.3544 
189.0 198.0 0.483712400012 10316.2876 
219.0 219.0 0.659427920002 10140.57208 
141.0 296.0 0.0170400000004 10782.96 
89.0 203.0 0.0864148800005 10713.58512 
