250.0 250.0
259.0 174.0 0.0325259999997 10767.474 
203.0 86.0 0.0332000000009 10766.8 
321.0 129.0 0.0574200000001 10742.58 
150.0 143.0 0.0336800000009 10766.32 
400.0 153.0 0.0158800000004 10784.12 
226.0 184.0 0.0779488000006 10722.0512 
326.0 92.0 0.0779488000006 10722.0512 
136.0 127.0 0.0328448000005 10767.1552 
278.0 270.0 0.0286953599996 10771.30464 
323.0 223.0 0.166452320002 10633.54768 
345.0 276.0 0.193637920002 10606.36208 
292.0 193.0 0.0828400000022 10717.16 
133.0 104.0 0.0550068000002 10744.9932 
338.0 334.0 0.102621840001 10697.37816 
425.0 331.0 0.102621840001 10697.37816 
362.0 167.0 0.0158400000004 10784.16 
45.0 125.0 0.0158400000004 10784.16 
214.0 228.0 0.0929648000012 10707.0352 
320.0 219.0 0.0825184000014 10717.4816 
237.0 58.0 0.0736140800007 10726.38592 
413.0 162.0 0.0119100000003 10788.09 
449.0 236.0 0.0119100000003 10788.09
279.0 368.0 0.102621840001 10697.37816 
37.0 19.0 0.049364800001 10750.6352 
195.0 66.0 0.049364800001 10750.6352 
