250.0 250.0
233.0 134.0 0.660716800005 10139.2832 
208.0 45.0 0.166445440003 10633.55456 
222.0 80.0 0.428381840007 10371.61816 
228.0 58.0 0.0501200000013 10749.88 
309.0 3.0 0.0846938800014 10715.30612 
176.0 72.0 0.215170320005 10584.82968 
322.0 41.0 0.208248000003 10591.752 
183.0 165.0 0.459194560005 10340.80544 
300.0 296.0 0.0959968000013 10704.0032 
157.0 190.0 0.203361440002 10596.63856 
356.0 98.0 0.0834800000022 10716.52 
191.0 106.0 0.454734080006 10345.26592 
263.0 178.0 0.247800000007 10552.2 
424.0 114.0 0.0844983600006 10715.50164 
274.0 345.0 0.0169600000004 10783.04 
314.0 184.0 0.0530780400003 10746.92196 
111.0 169.0 0.117366720002 10682.63328 
101.0 47.0 0.117366720002 10682.63328 
48.0 233.0 0.117366720002 10682.63328 
4.0 163.0 0.247800000007 10552.2
2.0 275.0 0.247800000007 10552.2
127.0 114.0 0.0339600000009 10766.04 
317.0 145.0 0.247800000007 10552.2
378.0 276.0 0.247800000007 10552.2 
267.0 361.0 0.0136527999999 10786.3472 
446.0 183.0 0.0455109600001 10754.48904 
286.0 252.0 0.0789600000006 10721.04 
410.0 85.0 0.0770982000007 10722.9018 
245.0 290.0 0.0514000000001 10748.6 
255.0 426.0 0.0514000000001 10748.6
359.0 36.0 0.171352320003 10628.64768 
181.0 27.0 0.119348400001 10680.6516 
439.0 254.0 0.119348400001 10680.6516 
174.0 106.0 0.263262080006 10536.73792 
350.0 87.0 0.0930099200014 10706.99008 
499.0 70.0 0.119348400001 10680.6516 
258.0 55.0 0.106373880002 10693.62612 
162.0 83.0 0.196865200004 10603.1348 
375.0 167.0 0.119348400001 10680.6516 
448.0 141.0 0.0834286400014 10716.57136 
458.0 364.0 0.119348400001 10680.6516 
335.0 363.0 0.0166800000004 10783.32 
101.0 200.0 0.126474880001 10673.52512 
166.0 386.0 0.0458890000001 10754.111 
206.0 361.0 0.0168400000004 10783.16 
218.0 236.0 0.0262127999997 10773.7872 
437.0 164.0 0.0483200000013 10751.68 
239.0 161.0 0.347594200005 10452.4058 
361.0 408.0 0.0533926799998 10746.60732 
307.0 467.0 0.347594200005 10452.4058 
