250.0 250.0
169.0 241.0 0.265779200006 10534.2208 
166.0 270.0 0.56012800001 10239.872 
262.0 178.0 0.46044040001 10339.5596 
177.0 144.0 0.44714400001 10352.856 
93.0 146.0 0.265629560004 10534.37044 
262.0 80.0 0.0801476000007 10719.8524 
248.0 184.0 0.670106000006 10129.894 
74.0 247.0 0.0172400000004 10782.76 
236.0 278.0 0.628795200014 10171.2048 
176.0 90.0 0.262051560004 10537.94844 
326.0 265.0 0.0904173600014 10709.58264 
96.0 318.0 0.169106400004 10630.8936 
196.0 240.0 1.14903648001 9650.96351999 
78.0 109.0 0.118695440002 10681.30456 
265.0 227.0 0.54982640001 10250.1736 
91.0 59.0 0.0155200000004 10784.48 
107.0 15.0 0.0920480000012 10707.952 
174.0 199.0 0.654567400007 10145.4326 
14.0 0.0 0.0182248000004 10781.7752 
29.0 303.0 0.0427533600001 10757.24664 
31.0 16.0 0.0174400000005 10782.56 
256.0 124.0 0.119504320002 10680.49568 
34.0 141.0 0.151822720002 10648.17728 
187.0 140.0 0.250766000004 10549.234 
315.0 237.0 0.275892000006 10524.108 
151.0 410.0 0.0495600000013 10750.44 
243.0 128.0 0.369156080007 10430.84392 
25.0 162.0 0.369156080007 10430.84392 
324.0 283.0 0.127276800002 10672.7232 
161.0 37.0 0.175271680001 10624.72832 
163.0 406.0 0.0329600000009 10767.04 
345.0 172.0 0.0329600000009 10767.04 
153.0 418.0 0.0454742400006 10754.52576 
278.0 285.0 0.392821680008 10407.17832 
89.0 149.0 0.210982400004 10589.0176 
127.0 177.0 0.464080760006 10335.91924 
133.0 464.0 0.0950440000012 10704.956 
54.0 461.0 0.464080760006 10335.91924 
259.0 286.0 0.372964400009 10427.0356 
177.0 443.0 0.0676650000008 10732.335 
94.0 390.0 0.059555000001 10740.445 
79.0 360.0 0.170289360002 10629.71064 
205.0 159.0 0.443806240005 10356.19376 
57.0 268.0 0.0170400000004 10782.96 
52.0 272.0 0.0277391600001 10772.26084 
129.0 294.0 0.370553000004 10429.447 
287.0 281.0 0.422213200008 10377.7868 
218.0 366.0 0.0731145600006 10726.88544 
245.0 331.0 0.192509200002 10607.4908 
124.0 336.0 0.249018080004 10550.98192 
