250.0 250.0
242.0 246.0 0.305404800008 10494.5952 
203.0 238.0 0.378918840004 10421.08116 
290.0 171.0 0.314025000007 10485.975 
291.0 195.0 0.370970000008 10429.03 
213.0 134.0 0.252768520004 10547.23148 
299.0 292.0 0.163354320002 10636.64568 
326.0 205.0 0.332244000006 10467.756 
135.0 151.0 0.287859680002 10512.14032 
293.0 271.0 0.163429600003 10636.5704 
324.0 174.0 0.121318200003 10678.6818 
275.0 178.0 0.290459080006 10509.54092 
145.0 55.0 0.0827179600005 10717.28204 
165.0 348.0 0.218702280004 10581.29772 
259.0 156.0 0.124208600003 10675.7914 
71.0 310.0 0.280804400005 10519.1956 
243.0 183.0 0.196680000005 10603.32 
181.0 412.0 0.196680000005 10603.32 
41.0 276.0 0.107602720002 10692.39728 
133.0 305.0 0.178256160004 10621.74384 
297.0 80.0 0.178256160004 10621.74384 
311.0 264.0 0.270643200006 10529.3568 
266.0 285.0 0.149261320003 10650.73868 
181.0 191.0 0.164828360003 10635.17164 
124.0 184.0 0.160940800002 10639.0592 
237.0 126.0 0.205571600004 10594.4284 
359.0 204.0 0.123415600002 10676.5844 
466.0 189.0 0.0159526400001 10784.04736 
239.0 159.0 0.163425120004 10636.57488 
114.0 95.0 0.197513280002 10602.48672 
364.0 89.0 0.0164400000004 10783.56 
378.0 219.0 0.137264000002 10662.736 
76.0 419.0 0.159313600003 10640.6864 
178.0 246.0 0.148646680004 10651.35332 
409.0 87.0 0.04157676 10758.42324 
202.0 79.0 0.106761840001 10693.23816 
417.0 45.0 0.106761840001 10693.23816 
299.0 229.0 0.603881520008 10196.11848 
262.0 247.0 0.340324000009 10459.676 
448.0 177.0 0.0164800000004 10783.52 
140.0 285.0 0.163520000004 10636.48 
443.0 262.0 0.0163200000004 10783.68 
80.0 371.0 0.391444920005 10408.55508 
190.0 162.0 0.353620000002 10446.38 
36.0 267.0 0.125969120001 10674.03088 
110.0 328.0 0.590628320005 10209.37168 
46.0 381.0 0.056869040001 10743.13096 
477.0 279.0 0.0317423999996 10768.2576 
170.0 222.0 0.172374600003 10627.6254 
366.0 321.0 0.172374600003 10627.6254 
52.0 380.0 0.140941600002 10659.0584 
