250.0 250.0
200.0 146.0 0.0957876800016 10704.21232 
120.0 90.0 0.350664640007 10449.33536 
80.0 148.0 0.0973600000026 10702.64 
92.0 94.0 0.318812480007 10481.18752 
55.0 261.0 0.0680227200008 10731.97728 
48.0 130.0 0.384833600007 10415.1664 
210.0 161.0 0.0828369200017 10717.16308 
200.0 167.0 0.210720000006 10589.28 
146.0 152.0 0.812871320006 9987.12867999 
100.0 139.0 0.731447400008 10068.5526 
89.0 285.0 0.0978400000026 10702.16 
27.0 132.0 0.155255600002 10644.7444 
283.0 186.0 0.446336000007 10353.664 
90.0 62.0 0.0829430400011 10717.05696 
252.0 229.0 0.292594200005 10507.4058 
330.0 247.0 0.540030400007 10259.9696 
350.0 230.0 0.0653600000017 10734.64 
105.0 245.0 0.540030400007 10259.9696 
296.0 277.0 0.319640000007 10480.36 
19.0 60.0 0.0717530400011 10728.24696 
274.0 52.0 0.0156000000004 10784.4 
280.0 273.0 0.410984680009 10389.01532 
13.0 94.0 0.132110280002 10667.88972 
46.0 296.0 0.106442000002 10693.558 
304.0 314.0 0.179691640003 10620.30836 
274.0 235.0 0.424559000008 10375.441 
254.0 41.0 0.0159275999999 10784.0724 
235.0 159.0 0.269645120003 10530.35488 
351.0 308.0 0.148192000003 10651.808 
326.0 380.0 0.540030400007 10259.9696 
420.0 276.0 0.261801760002 10538.19824 
97.0 132.0 0.511149240012 10288.85076 
65.0 368.0 0.0594800000006 10740.52 
160.0 376.0 0.0334000000009 10766.6 
366.0 468.0 0.540030400007 10259.9696 
367.0 283.0 0.354864400003 10445.1356 
477.0 230.0 0.0542003600006 10745.79964 
81.0 132.0 0.321065600009 10478.9344 
40.0 100.0 0.250026600003 10549.9734 
147.0 455.0 0.0333200000009 10766.68 
479.0 365.0 0.540030400007 10259.9696 
175.0 433.0 0.149891600001 10650.1084 
355.0 497.0 0.540030400007 10259.9696 
469.0 257.0 0.172364080002 10627.63592 
83.0 342.0 0.176704600002 10623.2954 
38.0 286.0 0.0817838400007 10718.21616 
124.0 462.0 0.117204720001 10682.79528 
426.0 485.0 0.540030400007 10259.9696 
136.0 487.0 0.0437432000005 10756.2568 
65.0 291.0 0.0830096000019 10716.9904 
