250.0 250.0
249.0 256.0 0.304660160008 10495.33984 
287.0 155.0 0.289315600003 10510.6844 
393.0 180.0 0.163085880001 10636.91412 
357.0 151.0 0.0650000000017 10735.0 
247.0 341.0 0.105831200002 10694.1688 
314.0 214.0 0.197231600004 10602.7684 
212.0 220.0 0.632435680009 10167.56432 
142.0 248.0 0.104193120002 10695.80688 
361.0 115.0 0.0753896000006 10724.6104 
310.0 263.0 0.205782000004 10594.218 
317.0 54.0 0.0285912 10771.4088 
261.0 211.0 0.430215280009 10369.78472 
295.0 242.0 0.463528280006 10336.47172 
206.0 302.0 0.144216800003 10655.7832 
369.0 281.0 0.144216800003 10655.7832 
195.0 84.0 0.430215280009 10369.78472
209.0 201.0 0.381388400009 10418.6116 
252.0 194.0 0.552217600008 10247.7824 
264.0 155.0 0.120271080002 10679.72892 
339.0 340.0 0.099586320001 10700.41368 
210.0 371.0 0.430215280009 10369.78472 
424.0 38.0 0.430215280009 10369.78472 
253.0 228.0 0.474775480012 10325.22452 
329.0 210.0 0.137921600003 10662.0784 
454.0 285.0 0.430215280009 10369.78472 
160.0 210.0 0.398937280005 10401.06272 
91.0 319.0 0.430215280009 10369.78472 
126.0 199.0 0.129703360003 10670.29664 
158.0 23.0 0.430215280009 10369.78472 
47.0 378.0 0.129703360003 10670.29664 
338.0 156.0 0.165733360001 10634.26664 
146.0 198.0 0.151844680003 10648.15532 
448.0 110.0 0.129703360003 10670.29664 
447.0 190.0 0.124144960002 10675.85504 
230.0 282.0 0.173909600002 10626.0904 
258.0 157.0 0.188290000004 10611.71 
427.0 188.0 0.0944896000014 10705.5104 
284.0 65.0 0.0167200000004 10783.28 
213.0 312.0 0.140296920003 10659.70308 
182.0 442.0 0.129703360003 10670.29664 
319.0 287.0 0.218589600004 10581.4104 
320.0 293.0 0.200779280004 10599.22072 
186.0 199.0 0.334503600006 10465.4964 
387.0 419.0 0.129703360003 10670.29664 
263.0 259.0 0.252150000007 10547.85 
130.0 469.0 0.129703360003 10670.29664 
167.0 158.0 0.112236000002 10687.764 
243.0 189.0 0.45615628001 10343.84372 
37.0 287.0 0.129703360003 10670.29664 
433.0 399.0 0.129703360003 10670.29664 
