250.0 250.0
179.0 174.0 0.312418240007 10487.58176 
105.0 257.0 0.129181680002 10670.81832 
236.0 353.0 0.0828800000022 10717.12 
203.0 375.0 0.349345600004 10450.6544 
293.0 182.0 0.0970773600006 10702.92264 
99.0 344.0 0.335517440003 10464.48256 
311.0 356.0 0.335517440003 10464.48256 
112.0 169.0 0.0808129600016 10719.18704 
184.0 175.0 0.292203280006 10507.79672 
305.0 258.0 0.091631120001 10708.36888 
256.0 376.0 0.184195520002 10615.80448 
97.0 437.0 0.140756000002 10659.244 
253.0 440.0 0.0576715200008 10742.32848 
306.0 472.0 0.0244298400004 10775.57016 
356.0 206.0 0.0647200000017 10735.28 
154.0 286.0 0.185558400002 10614.4416 
361.0 141.0 0.173678040003 10626.32196 
40.0 193.0 0.173678040003 10626.32196 
272.0 88.0 0.163989000001 10636.011 
425.0 472.0 0.0633424000008 10736.6576 
222.0 292.0 0.281659200006 10518.3408 
96.0 135.0 0.123167320002 10676.83268 
456.0 71.0 0.0271096800003 10772.89032 
41.0 374.0 0.0434628000008 10756.5372 
102.0 57.0 0.0164800000004 10783.52 
132.0 467.0 0.159559840002 10640.44016 
17.0 288.0 0.212950600003 10587.0494 
416.0 381.0 0.0336400000009 10766.36 
148.0 378.0 0.164760000004 10635.24 
169.0 212.0 0.578862400006 10221.1376 
448.0 175.0 0.0152400000004 10784.76 
150.0 412.0 0.137228800002 10662.7712 
151.0 280.0 0.0772466000019 10722.7534 
372.0 117.0 0.140385320003 10659.61468 
153.0 425.0 0.211730320003 10588.26968 
191.0 225.0 0.558602800013 10241.3972 
50.0 372.0 0.240607200003 10559.3928 
337.0 117.0 0.122342480003 10677.65752 
306.0 128.0 0.173287920003 10626.71208 
298.0 240.0 0.13082368 10669.17632 
338.0 122.0 0.191900600002 10608.0994 
409.0 291.0 0.216497080003 10583.50292 
185.0 273.0 0.387161400005 10412.8386 
99.0 393.0 0.221147680005 10578.85232 
97.0 59.0 0.00871792000006 10791.28208 
287.0 179.0 0.0334000000009 10766.6 
180.0 101.0 0.0456816800001 10754.31832 
483.0 200.0 0.0358139999998 10764.186 
217.0 155.0 0.109702440002 10690.29756 
133.0 414.0 0.097573480002 10702.42652 
238.0 226.0 0.368061600008 10431.9384 
380.0 285.0 0.130264000003 10669.736 
152.0 166.0 0.358535800005 10441.4642 
453.0 81.0 0.0339600000009 10766.04 
108.0 188.0 0.245046400002 10554.9536 
325.0 447.0 0.0164400000004 10783.56 
320.0 88.0 0.178340800004 10621.6592 
472.0 31.0 0.0727748400004 10727.22516 
162.0 362.0 0.104770000001 10695.23 
391.0 465.0 0.0511600000013 10748.84 
221.0 432.0 0.212950600003 10587.0494 
305.0 132.0 0.131040000003 10668.96 
442.0 397.0 0.0656924800012 10734.30752 
80.0 260.0 0.212950600003 10587.0494 
431.0 378.0 0.0336400000009 10766.36 
213.0 246.0 0.595004200007 10204.9958 
95.0 343.0 0.125653760003 10674.34624 
401.0 488.0 0.0357504400004 10764.24956 
447.0 256.0 0.0855192000005 10714.4808 
144.0 10.0 0.212950600003 10587.0494 
282.0 53.0 0.0781550000013 10721.845 
374.0 247.0 0.211203600002 10588.7964 
419.0 444.0 0.107649760001 10692.35024 
221.0 126.0 0.0162800000004 10783.72 
227.0 192.0 0.278083120004 10521.91688 
