250.0 250.0
245.0 148.0 0.148280000004 10651.72 
177.0 153.0 0.198760000005 10601.24 
244.0 145.0 0.0241436000001 10775.8564 
293.0 216.0 1.75985160001 9040.14839999 
393.0 238.0 0.576697320015 10223.30268 
242.0 46.0 0.0167600000004 10783.24 
293.0 86.0 0.292870000007 10507.13 
149.0 48.0 0.183459200003 10616.5408 
371.0 278.0 0.325234280008 10474.76572 
175.0 126.0 0.321159680007 10478.84032 
62.0 68.0 0.213701480001 10586.29852 
415.0 273.0 0.455137600008 10344.8624 
93.0 200.0 0.133627840002 10666.37216 
112.0 160.0 0.288333840005 10511.66616 
370.0 76.0 0.0822017600013 10717.79824 
448.0 254.0 0.115553200001 10684.4468 
430.0 310.0 0.133220640001 10666.77936 
178.0 65.0 0.261432800003 10538.5672 
321.0 70.0 0.267942000004 10532.058 
62.0 259.0 0.0169600000004 10783.04 
307.0 167.0 0.91912012001 9880.87987999 
395.0 347.0 0.91912012001 9880.87987999 
321.0 239.0 1.06979540001 9730.20459999 
371.0 261.0 1.26008256001 9539.91743999 
120.0 352.0 0.128291000002 10671.709 
337.0 128.0 0.121790400002 10678.2096 
467.0 350.0 0.0891740800009 10710.82592 
423.0 116.0 0.0855000000019 10714.5 
435.0 140.0 0.299832720004 10500.16728 
19.0 240.0 0.0459615999997 10754.0384 
479.0 467.0 0.0820071200005 10717.99288 
207.0 131.0 0.250401400005 10549.5986 
144.0 448.0 0.0820520000009 10717.948 
432.0 484.0 0.115480000001 10684.52 
270.0 125.0 0.654423960005 10145.57604 
109.0 328.0 0.099435200002 10700.5648 
112.0 26.0 0.152916240003 10647.08376 
171.0 379.0 0.144535680002 10655.46432 
356.0 467.0 0.0940200000006 10705.98 
309.0 282.0 0.91912012001 9880.87987999 
316.0 427.0 0.0686948000007 10731.3052 
500.0 58.0 0.91912012001 9880.87987999 
148.0 331.0 0.104074680002 10695.92532 
123.0 415.0 0.0498000000013 10750.2 
350.0 94.0 0.113120000002 10686.88 
283.0 430.0 0.0326000000009 10767.4 
418.0 245.0 0.335481280008 10464.51872 
157.0 158.0 0.351085000006 10448.915 
121.0 64.0 0.406712000007 10393.288 
384.0 205.0 0.79856520001 10001.4348 
80.0 18.0 0.103300640002 10696.69936 
406.0 466.0 0.21127704 10588.72296 
85.0 407.0 0.0349391999996 10765.0608 
161.0 321.0 0.0821600000022 10717.84 
384.0 192.0 0.269458000007 10530.542 
169.0 224.0 0.0327200000009 10767.28 
454.0 398.0 0.91912012001 9880.87987999 
81.0 252.0 0.91912012001 9880.87987999 
324.0 129.0 0.486955200007 10313.0448 
127.0 116.0 0.57388736001 10226.11264 
23.0 392.0 0.91912012001 9880.87987999 
76.0 141.0 0.120963200002 10679.0368 
240.0 16.0 0.0235310400001 10776.46896 
404.0 191.0 0.208194320005 10591.80568 
113.0 133.0 0.395817360007 10404.18264 
128.0 92.0 0.196068200003 10603.9318 
433.0 105.0 0.0928408000014 10707.1592 
73.0 102.0 0.214273080004 10585.72692 
371.0 423.0 0.0665600000017 10733.44 
174.0 463.0 0.058855000001 10741.145 
230.0 53.0 0.0486000000013 10751.4 
171.0 367.0 0.129441120002 10670.55888 
147.0 224.0 0.0487164800008 10751.28352 
210.0 212.0 0.0569875200002 10743.01248 
123.0 62.0 0.303858560007 10496.14144 
