250.0 250.0
178.0 203.0 0.889173920018 9910.82607998 
205.0 105.0 0.0568594000008 10743.1406 
208.0 187.0 0.337616000006 10462.384 
260.0 201.0 0.181873280002 10618.12672 
269.0 127.0 0.207132000001 10592.868 
384.0 161.0 0.226846960004 10573.15304 
97.0 143.0 0.155322240003 10644.67776 
413.0 262.0 0.105445440002 10694.55456 
243.0 236.0 0.439343400011 10360.6566 
403.0 239.0 0.0768751200003 10723.12488 
126.0 85.0 0.241753000003 10558.247 
246.0 195.0 0.468315680011 10331.68432 
143.0 129.0 0.477776240006 10322.22376 
309.0 327.0 0.0490400000013 10750.96 
55.0 171.0 0.179462560003 10620.53744 
155.0 256.0 0.477319440007 10322.68056 
328.0 296.0 0.147242000001 10652.758 
54.0 78.0 0.0334400000009 10766.56 
274.0 59.0 0.0930700000007 10706.93 
242.0 298.0 0.0618585600003 10738.14144 
107.0 235.0 0.312548000006 10487.452 
234.0 117.0 0.125378000002 10674.622 
178.0 175.0 1.11607688002 9683.92311998 
235.0 234.0 0.40886292001 10391.13708 
214.0 386.0 0.104790480002 10695.20952 
85.0 342.0 0.130986160003 10669.01384 
226.0 254.0 0.362090400009 10437.9096 
89.0 249.0 0.218038120004 10581.96188 
24.0 68.0 0.0580400000006 10741.96 
87.0 319.0 0.274885000001 10525.115 
67.0 214.0 0.178955040004 10621.04496 
380.0 150.0 0.200132800004 10599.8672 
315.0 96.0 0.243256080004 10556.74392 
70.0 34.0 0.114106000002 10685.894 
460.0 129.0 0.91912012001 9880.87987999 
370.0 15.0 0.91912012001 9880.87987999 
197.0 229.0 1.56113000001 9238.86999999 
408.0 132.0 0.110742000001 10689.258 
137.0 216.0 0.58792200001 10212.078 
78.0 398.0 0.0905638000009 10709.4362 
81.0 188.0 0.273997840004 10526.00216 
332.0 146.0 0.256661120004 10543.33888 
88.0 218.0 0.282874600005 10517.1254 
49.0 319.0 0.129390720003 10670.60928 
306.0 259.0 0.222377560001 10577.62244 
36.0 416.0 0.91912012001 9880.87987999 
174.0 192.0 0.660673280016 10139.32672 
191.0 349.0 0.107474400001 10692.5256 
206.0 30.0 0.0160000000004 10784.0 
59.0 55.0 0.0166400000004 10783.36 
361.0 158.0 0.204767800004 10595.2322 
184.0 391.0 0.0676922400007 10732.30776 
181.0 459.0 0.91912012001 9880.87987999 
119.0 41.0 0.161270400001 10638.7296 
175.0 150.0 0.471731040011 10328.26896 
351.0 332.0 0.104982000002 10695.018 
150.0 19.0 0.0927520000008 10707.248 
124.0 279.0 0.116240000003 10683.76 
73.0 153.0 0.0947964800018 10705.20352 
395.0 212.0 0.0666400000017 10733.36 
11.0 115.0 0.91912012001 9880.87987999 
181.0 303.0 0.114480000003 10685.52 
215.0 169.0 0.171493800003 10628.5062 
326.0 383.0 0.177644000001 10622.356 
131.0 201.0 0.55054704001 10249.45296 
256.0 430.0 0.91912012001 9880.87987999 
289.0 395.0 0.0500000000013 10750.0 
310.0 164.0 0.167680000004 10632.32 
464.0 46.0 0.167680000004 10632.32 
165.0 352.0 0.130578400001 10669.4216 
344.0 412.0 0.115381280002 10684.61872 
463.0 372.0 0.115381280002 10684.61872 
420.0 279.0 0.0899618400013 10710.03816 
328.0 391.0 0.0591334400016 10740.86656 
53.0 68.0 0.043016800001 10756.9832 
