filename U #1 #2 #3 #4 #5 #6 #7 #8 #9 #10
gr125_01_simulated.txt 2.0 31 32 34 32 33 32 33 33 32 33 
gr125_02_simulated.txt 2.0 8 12 7 8 7 8 9 11 8 8 
gr125_03_simulated.txt 2.0 28 31 28 26 29 27 28 28 26 31 
gr125_04_simulated.txt 2.0 13 14 14 14 12 15 14 14 13 14 
gr125_05_simulated.txt 2.0 30 30 32 31 31 32 31 31 30 33 
gr125_06_simulated.txt 2.0 29 29 30 31 30 30 27 30 29 30 
gr125_07_simulated.txt 2.0 32 31 30 31 31 32 31 33 36 33 
gr125_08_simulated.txt 2.0 13 12 17 13 12 12 11 14 11 14 
gr125_09_simulated.txt 2.0 18 19 18 9 16 18 23 19 17 25 
gr125_010_simulated.txt 2.0 24 27 26 23 22 22 29 20 26 27 
gr150_01_simulated.txt 2.0 21 22 22 20 19 17 21 18 19 20 
gr150_02_simulated.txt 2.0 31 26 27 30 31 29 25 31 26 25 
gr150_03_simulated.txt 2.0 26 24 25 22 25 22 23 26 25 23 
gr150_04_simulated.txt 2.0 10 10 9 9 10 12 11 11 10 10 
gr150_05_simulated.txt 2.0 22 23 24 24 23 27 23 24 27 23 
gr150_06_simulated.txt 2.0 22 25 25 22 25 23 23 24 26 25 
gr150_07_simulated.txt 2.0 32 31 23 26 29 28 29 27 31 32 
gr150_08_simulated.txt 2.0 14 14 17 15 15 15 18 16 16 16 
gr150_09_simulated.txt 2.0 23 26 22 23 23 23 27 23 24 19 
gr150_010_simulated.txt 2.0 11 14 14 12 12 12 13 12 12 13 
gr175_01_simulated.txt 2.0 34 30 35 32 39 35 34 36 32 34 
gr175_02_simulated.txt 2.0 42 41 38 38 37 40 42 40 39 41 
gr175_03_simulated.txt 2.0 50 49 48 47 48 49 49 49 49 49 
gr175_04_simulated.txt 2.0 32 33 32 29 30 29 30 32 30 30 
gr175_05_simulated.txt 2.0 52 50 46 42 50 49 53 52 49 48 
gr175_06_simulated.txt 2.0 40 44 43 38 41 40 43 39 44 39 
gr175_07_simulated.txt 2.0 30 30 29 29 33 31 29 31 32 31 
gr175_08_simulated.txt 2.0 48 47 42 45 45 50 44 47 46 48 
gr175_09_simulated.txt 2.0 47 50 44 49 48 48 49 48 45 42 
gr175_010_simulated.txt 2.0 45 45 49 46 51 50 49 43 52 51 
gr200_01_simulated.txt 2.0 62 67 58 68 65 68 66 67 66 63 
gr200_04_simulated.txt 2.0 55 54 54 54 59 55 58 58 55 54 
gr200_05_simulated.txt 2.0 72 75 71 74 73 74 75 74 73 72 
gr200_06_simulated.txt 2.0 67 72 73 73 74 75 73 74 72 73 
gr200_07_simulated.txt 2.0 71 69 68 72 73 71 71 67 72 68 
gr200_08_simulated.txt 2.0 63 60 63 59 58 64 63 62 64 61 
gr200_09_simulated.txt 2.0 74 76 70 70 73 75 79 76 69 69 
gr200_010_simulated.txt 2.0 49 49 53 57 53 53 56 53 54 48 
gr125_01_simulated.txt 5.0 29 27 28 28 28 27 27 26 28 27 
gr125_02_simulated.txt 5.0 6 7 6 6 7 6 5 7 8 5 
gr125_03_simulated.txt 5.0 21 20 22 20 20 23 23 23 20 23 
gr125_04_simulated.txt 5.0 10 9 13 9 10 14 11 12 9 11 
gr125_05_simulated.txt 5.0 27 25 26 27 25 23 22 23 25 24 
gr125_06_simulated.txt 5.0 21 21 26 17 25 29 25 26 25 27 
gr125_07_simulated.txt 5.0 24 26 23 23 26 22 25 24 25 25 
gr125_08_simulated.txt 5.0 7 9 6 6 8 6 9 6 6 8 
gr125_09_simulated.txt 5.0 17 13 20 11 13 21 19 22 21 20 
gr125_010_simulated.txt 5.0 24 21 26 22 23 25 23 24 24 24 
gr150_01_simulated.txt 5.0 10 10 13 10 10 9 10 10 11 11 
gr150_02_simulated.txt 5.0 23 20 26 24 23 20 24 20 23 20 
gr150_03_simulated.txt 5.0 18 15 19 17 15 15 18 20 14 18 
gr150_04_simulated.txt 5.0 6 5 5 6 6 8 8 5 5 7 
gr150_05_simulated.txt 5.0 18 19 19 17 21 19 18 21 20 21 
gr150_06_simulated.txt 5.0 20 17 19 15 15 18 16 17 19 13 
gr150_07_simulated.txt 5.0 30 29 26 20 26 21 22 24 20 25 
gr150_08_simulated.txt 5.0 14 13 13 11 13 13 13 14 14 12 
gr150_09_simulated.txt 5.0 16 20 19 17 15 21 19 17 17 16 
gr150_010_simulated.txt 5.0 10 11 11 12 10 11 9 12 9 11 
gr175_01_simulated.txt 5.0 27 27 28 29 28 26 28 31 27 28 
gr175_02_simulated.txt 5.0 30 34 33 32 35 34 32 33 32 30 
gr175_03_simulated.txt 5.0 39 44 37 40 42 42 40 38 40 39 
gr175_04_simulated.txt 5.0 25 25 24 27 25 28 20 28 25 25 
gr175_05_simulated.txt 5.0 43 41 43 35 48 41 39 41 47 43 
gr175_06_simulated.txt 5.0 36 39 31 29 35 35 32 32 34 35 
gr175_07_simulated.txt 5.0 27 25 26 25 24 24 26 25 22 22 
gr175_08_simulated.txt 5.0 42 41 39 42 42 44 37 40 40 43 
gr175_09_simulated.txt 5.0 40 38 36 40 43 41 37 41 41 37 
gr175_010_simulated.txt 5.0 43 37 40 41 42 38 38 42 39 40 
gr200_01_simulated.txt 5.0 56 53 59 56 52 57 57 56 58 56 
gr200_04_simulated.txt 5.0 47 47 53 51 52 47 46 47 46 51 
gr200_05_simulated.txt 5.0 66 68 66 64 67 68 70 65 67 68 
gr200_06_simulated.txt 5.0 63 66 63 69 65 67 69 62 68 63 
gr200_07_simulated.txt 5.0 66 60 63 60 65 65 63 63 69 62 
gr200_08_simulated.txt 5.0 56 55 56 59 57 56 58 53 57 58 
gr200_09_simulated.txt 5.0 65 61 62 62 58 61 61 67 64 66 
gr200_010_simulated.txt 5.0 44 41 47 49 42 48 41 43 39 42 
gr125_01_simulated.txt 10.0 22 21 21 21 20 22 21 22 20 21 
gr125_02_simulated.txt 10.0 10 10 10 10 10 10 10 10 10 10 
gr125_03_simulated.txt 10.0 23 21 22 21 22 21 17 21 22 22 
gr125_04_simulated.txt 10.0 14 14 14 14 15 15 13 14 15 14 
gr125_05_simulated.txt 10.0 18 23 21 23 18 20 19 18 18 18 
gr125_06_simulated.txt 10.0 18 14 23 17 17 19 23 19 20 17 
gr125_07_simulated.txt 10.0 20 22 19 20 23 22 19 20 19 20 
gr125_08_simulated.txt 10.0 11 11 12 11 12 12 13 12 11 13 
gr125_09_simulated.txt 10.0 13 12 16 16 14 15 16 14 17 18 
gr125_010_simulated.txt 10.0 20 19 20 21 19 21 22 21 21 20 
gr150_01_simulated.txt 10.0 10 10 11 9 6 12 6 9 9 10 
gr150_02_simulated.txt 10.0 15 17 16 17 17 17 17 17 14 14 
gr150_03_simulated.txt 10.0 15 16 15 13 14 14 15 14 14 11 
gr150_04_simulated.txt 10.0 8 8 8 8 8 7 6 7 6 6 
gr150_05_simulated.txt 10.0 21 24 21 15 16 15 19 22 17 20 
gr150_06_simulated.txt 10.0 13 12 19 19 18 17 19 19 19 19 
gr150_07_simulated.txt 10.0 25 24 18 26 21 26 25 26 20 20 
gr150_08_simulated.txt 10.0 8 9 10 8 9 10 11 12 9 11 
gr150_09_simulated.txt 10.0 14 16 17 15 13 14 18 12 16 14 
gr150_010_simulated.txt 10.0 8 9 9 8 9 8 10 9 9 7 
gr175_01_simulated.txt 10.0 23 24 26 25 26 25 24 26 27 24 
gr175_02_simulated.txt 10.0 27 30 29 24 27 27 25 24 28 24 
gr175_03_simulated.txt 10.0 32 29 34 30 33 31 33 31 32 31 
gr175_04_simulated.txt 10.0 19 20 16 19 21 18 18 21 20 19 
gr175_05_simulated.txt 10.0 34 32 31 34 36 36 28 30 35 30 
gr175_06_simulated.txt 10.0 28 25 26 28 20 18 30 21 24 23 
gr175_07_simulated.txt 10.0 18 16 13 17 14 15 19 19 16 18 
gr175_08_simulated.txt 10.0 32 34 31 29 31 33 32 31 33 30 
gr175_09_simulated.txt 10.0 34 33 34 32 34 33 33 32 32 33 
gr175_010_simulated.txt 10.0 32 34 29 31 30 28 30 31 33 25 
gr200_01_simulated.txt 10.0 46 46 47 47 46 50 42 41 44 46 
gr200_04_simulated.txt 10.0 43 38 37 35 35 38 38 38 36 40 
gr200_05_simulated.txt 10.0 58 55 58 54 58 51 56 57 56 56 
gr200_06_simulated.txt 10.0 55 52 55 59 58 58 54 54 53 58 
gr200_07_simulated.txt 10.0 51 56 53 53 55 51 52 53 53 54 
gr200_08_simulated.txt 10.0 42 43 42 45 40 45 45 44 42 39 
gr200_09_simulated.txt 10.0 50 50 49 48 49 49 50 51 47 43 
gr200_010_simulated.txt 10.0 36 36 30 34 39 34 33 38 35 36 
gr125_01_simulated.txt 15.0 19 21 21 18 20 20 21 21 21 22 
gr125_02_simulated.txt 15.0 10 10 10 10 10 10 10 10 10 10 
gr125_03_simulated.txt 15.0 20 19 23 20 19 23 20 19 21 20 
gr125_04_simulated.txt 15.0 15 15 12 15 14 12 13 12 15 13 
gr125_05_simulated.txt 15.0 15 24 13 15 16 15 15 17 16 15 
gr125_06_simulated.txt 15.0 16 21 15 17 17 11 17 17 19 12 
gr125_07_simulated.txt 15.0 21 19 20 18 21 20 18 21 19 21 
gr125_08_simulated.txt 15.0 9 11 10 12 11 14 5 10 12 13 
gr125_09_simulated.txt 15.0 16 13 16 14 14 12 14 12 13 15 
gr125_010_simulated.txt 15.0 21 18 20 20 18 18 16 20 20 17 
gr150_01_simulated.txt 15.0 9 7 8 7 9 6 6 9 10 6 
gr150_02_simulated.txt 15.0 14 16 13 11 14 16 12 11 10 10 
gr150_03_simulated.txt 15.0 17 11 13 12 15 13 9 13 11 13 
gr150_04_simulated.txt 15.0 8 8 7 7 7 7 7 7 7 7 
gr150_05_simulated.txt 15.0 16 18 17 15 14 17 14 17 9 17 
gr150_06_simulated.txt 15.0 17 15 18 14 18 19 17 20 17 18 
gr150_07_simulated.txt 15.0 23 20 19 21 24 20 20 25 25 22 
gr150_08_simulated.txt 15.0 9 9 11 9 9 9 9 7 9 9 
gr150_09_simulated.txt 15.0 12 12 13 13 13 12 11 14 11 12 
gr150_010_simulated.txt 15.0 8 6 6 8 9 8 9 8 8 8 
gr175_01_simulated.txt 15.0 18 21 18 26 22 22 22 22 21 20 
gr175_02_simulated.txt 15.0 20 19 26 26 25 24 19 24 23 23 
gr175_03_simulated.txt 15.0 22 24 23 29 25 24 24 27 24 26 
gr175_04_simulated.txt 15.0 14 14 14 13 14 13 14 15 14 13 
gr175_05_simulated.txt 15.0 27 30 30 25 27 36 27 23 21 30 
gr175_06_simulated.txt 15.0 22 21 20 20 17 19 22 22 20 20 
gr175_07_simulated.txt 15.0 14 15 19 14 11 13 12 12 13 15 
gr175_08_simulated.txt 15.0 27 25 28 21 27 25 25 26 25 24 
gr175_09_simulated.txt 15.0 32 31 32 32 31 31 30 29 31 30 
gr175_010_simulated.txt 15.0 21 25 28 20 27 23 23 23 24 20 
gr200_01_simulated.txt 15.0 38 34 44 39 37 42 37 41 41 36 
gr200_04_simulated.txt 15.0 30 29 33 31 31 34 33 32 29 27 
gr200_05_simulated.txt 15.0 48 45 47 47 51 47 47 51 52 47 
gr200_06_simulated.txt 15.0 42 44 42 48 42 44 48 45 43 49 
gr200_07_simulated.txt 15.0 48 46 45 49 46 46 45 48 46 47 
gr200_08_simulated.txt 15.0 32 36 37 33 36 32 35 31 35 35 
gr200_09_simulated.txt 15.0 42 43 40 43 37 40 40 38 46 42 
gr200_010_simulated.txt 15.0 32 29 33 29 30 29 28 29 29 28 
gr125_01_simulated.txt 20.0 20 21 21 20 20 20 19 19 19 19 
gr125_02_simulated.txt 20.0 10 10 10 10 10 10 10 10 9 10 
gr125_03_simulated.txt 20.0 19 21 17 15 18 16 17 17 17 14 
gr125_04_simulated.txt 20.0 14 14 15 15 14 15 13 14 14 14 
gr125_05_simulated.txt 20.0 12 14 12 12 11 13 10 13 14 13 
gr125_06_simulated.txt 20.0 16 16 15 13 14 14 12 13 10 16 
gr125_07_simulated.txt 20.0 17 17 19 23 19 18 18 17 21 19 
gr125_08_simulated.txt 20.0 13 10 13 6 14 14 8 13 14 13 
gr125_09_simulated.txt 20.0 16 16 9 13 15 15 9 9 14 14 
gr125_010_simulated.txt 20.0 17 18 17 17 18 18 18 22 20 17 
gr150_01_simulated.txt 20.0 8 10 9 8 8 10 8 10 8 8 
gr150_02_simulated.txt 20.0 13 12 12 12 12 10 11 12 13 10 
gr150_03_simulated.txt 20.0 17 9 13 11 13 11 10 15 8 10 
gr150_04_simulated.txt 20.0 8 6 6 6 8 7 6 7 8 7 
gr150_05_simulated.txt 20.0 16 16 16 15 16 15 16 16 15 15 
gr150_06_simulated.txt 20.0 19 17 13 14 15 14 13 15 8 14 
gr150_07_simulated.txt 20.0 24 21 19 20 16 20 17 20 18 20 
gr150_08_simulated.txt 20.0 8 7 6 7 9 7 6 7 9 7 
gr150_09_simulated.txt 20.0 11 11 13 13 10 12 15 15 9 12 
gr150_010_simulated.txt 20.0 7 9 5 6 6 9 8 6 5 6 
gr175_01_simulated.txt 20.0 17 18 13 20 19 16 15 19 26 19 
gr175_02_simulated.txt 20.0 21 26 23 20 20 22 16 17 22 21 
gr175_03_simulated.txt 20.0 23 20 25 19 21 29 28 25 20 28 
gr175_04_simulated.txt 20.0 12 17 13 15 8 10 15 13 12 11 
gr175_05_simulated.txt 20.0 20 19 20 22 18 19 16 23 23 21 
gr175_06_simulated.txt 20.0 16 19 17 17 17 17 16 17 15 17 
gr175_07_simulated.txt 20.0 13 17 13 15 14 12 15 12 13 12 
gr175_08_simulated.txt 20.0 20 20 25 21 21 16 26 21 18 22 
gr175_09_simulated.txt 20.0 28 27 35 33 27 27 28 33 28 34 
gr175_010_simulated.txt 20.0 17 18 18 21 25 19 27 18 19 19 
gr200_01_simulated.txt 20.0 34 28 36 37 33 35 32 35 34 35 
gr200_04_simulated.txt 20.0 27 23 26 26 26 28 30 26 27 18 
gr200_05_simulated.txt 20.0 41 41 39 38 40 42 47 39 40 43 
gr200_06_simulated.txt 20.0 37 44 38 43 37 34 40 38 39 43 
gr200_07_simulated.txt 20.0 42 41 39 39 44 38 36 45 38 39 
gr200_08_simulated.txt 20.0 29 26 28 31 27 30 24 30 25 30 
gr200_09_simulated.txt 20.0 30 33 41 41 37 43 36 37 35 32 
gr200_010_simulated.txt 20.0 25 25 25 29 33 22 22 26 28 26 
gr125_01_simulated.txt 25.0 20 21 20 18 19 18 19 19 20 20 
gr125_02_simulated.txt 25.0 10 10 10 10 10 10 10 10 10 10 
gr125_03_simulated.txt 25.0 16 17 17 18 18 20 18 19 20 15 
gr125_04_simulated.txt 25.0 15 14 13 14 14 14 13 14 13 15 
gr125_05_simulated.txt 25.0 9 9 9 12 16 11 12 10 10 11 
gr125_06_simulated.txt 25.0 7 10 14 15 10 11 8 14 9 9 
gr125_07_simulated.txt 25.0 15 17 18 20 17 19 16 16 17 17 
gr125_08_simulated.txt 25.0 13 13 13 11 13 13 13 13 14 13 
gr125_09_simulated.txt 25.0 8 4 15 13 12 15 14 11 9 15 
gr125_010_simulated.txt 25.0 15 17 18 13 15 17 16 17 15 18 
gr150_01_simulated.txt 25.0 8 9 6 8 8 8 9 8 9 9 
gr150_02_simulated.txt 25.0 8 14 15 9 9 14 10 12 11 15 
gr150_03_simulated.txt 25.0 14 10 15 10 15 10 14 11 16 11 
gr150_04_simulated.txt 25.0 7 7 5 8 7 8 8 8 6 7 
gr150_05_simulated.txt 25.0 16 16 12 17 15 16 16 16 15 15 
gr150_06_simulated.txt 25.0 4 4 5 5 7 4 5 15 5 7 
gr150_07_simulated.txt 25.0 13 14 12 17 10 11 16 11 9 14 
gr150_08_simulated.txt 25.0 2 6 6 7 6 6 6 5 7 8 
gr150_09_simulated.txt 25.0 11 10 11 12 12 10 11 11 10 12 
gr150_010_simulated.txt 25.0 5 5 7 5 6 5 5 6 6 10 
gr175_01_simulated.txt 25.0 17 15 21 14 18 16 20 18 15 13 
gr175_02_simulated.txt 25.0 20 14 19 18 17 19 21 18 22 20 
gr175_03_simulated.txt 25.0 25 24 17 14 14 21 18 14 12 23 
gr175_04_simulated.txt 25.0 14 14 11 13 12 14 14 7 10 8 
gr175_05_simulated.txt 25.0 17 20 17 20 16 15 15 19 18 22 
gr175_06_simulated.txt 25.0 16 19 8 14 16 14 14 15 16 15 
gr175_07_simulated.txt 25.0 9 10 15 13 15 14 12 12 14 12 
gr175_08_simulated.txt 25.0 14 25 12 19 22 22 16 17 18 16 
gr175_09_simulated.txt 25.0 22 27 27 33 30 30 29 29 26 29 
gr175_010_simulated.txt 25.0 15 24 23 15 16 13 17 20 16 18 
gr200_01_simulated.txt 25.0 33 28 24 28 34 34 28 31 32 27 
gr200_04_simulated.txt 25.0 24 21 23 27 26 22 19 19 26 25 
gr200_05_simulated.txt 25.0 37 32 34 33 40 36 37 29 30 33 
gr200_06_simulated.txt 25.0 47 33 37 33 38 37 31 37 31 36 
gr200_07_simulated.txt 25.0 43 38 35 34 32 33 32 34 33 36 
gr200_08_simulated.txt 25.0 25 25 26 24 27 28 28 24 29 25 
gr200_09_simulated.txt 25.0 31 35 26 32 33 39 35 28 27 25 
gr200_010_simulated.txt 25.0 27 23 22 21 25 28 22 27 26 25 
