filename V #1 #2 #3 #4 #5 #6 #7 #8 #9 #10
u25_01.txt 2.0 10 10 10 10 10 10 10 10 10 10 
u25_01.txt 5.0 11 11 11 11 11 11 11 11 11 11 
u25_01.txt 7.0 13 13 13 13 13 13 13 13 13 13 
u25_01.txt 10.0 13 13 13 13 13 13 13 13 13 13 
u25_01.txt 15.0 10 10 10 10 10 10 10 10 10 10 
u25_01.txt 20.0 13 13 13 13 13 13 13 13 13 13 
u25_02.txt 2.0 4 4 4 4 4 4 4 4 4 4 
u25_02.txt 5.0 3 3 3 3 3 3 3 3 3 3 
u25_02.txt 7.0 6 6 6 6 6 6 6 6 6 6 
u25_02.txt 10.0 6 6 6 6 6 6 6 6 6 6 
u25_02.txt 15.0 6 6 6 6 6 6 6 6 6 6 
u25_02.txt 20.0 6 6 6 6 6 6 6 6 6 6 
u25_03.txt 2.0 8 8 8 8 8 8 8 8 8 8 
u25_03.txt 5.0 8 8 8 8 8 8 8 8 8 8 
u25_03.txt 7.0 8 8 8 8 8 8 8 8 8 8 
u25_03.txt 10.0 5 5 5 5 5 5 5 5 5 5 
u25_03.txt 15.0 5 5 5 5 5 5 5 5 5 5 
u25_03.txt 20.0 5 5 5 5 5 5 5 5 5 5 
u25_04.txt 2.0 2 2 2 2 2 2 2 2 2 2 
u25_04.txt 5.0 5 5 5 5 5 5 5 5 5 5 
u25_04.txt 7.0 6 6 6 6 6 6 6 6 6 6 
u25_04.txt 10.0 5 5 5 5 5 5 5 5 5 5 
u25_04.txt 15.0 1 1 1 1 1 1 1 1 1 1 
u25_04.txt 20.0 2 2 2 2 2 2 2 2 2 2 
u25_05.txt 2.0 6 6 6 6 6 6 6 6 6 6 
u25_05.txt 5.0 5 5 5 5 5 5 5 5 5 5 
u25_05.txt 7.0 7 7 7 7 7 7 7 7 7 7 
u25_05.txt 10.0 7 7 7 7 7 7 7 7 7 7 
u25_05.txt 15.0 8 8 8 8 8 8 8 8 8 8 
u25_05.txt 20.0 7 7 7 7 7 7 7 7 7 7 
u25_06.txt 2.0 7 7 7 7 7 7 7 7 7 7 
u25_06.txt 5.0 6 6 6 6 6 6 6 6 6 6 
u25_06.txt 7.0 5 5 5 5 5 5 5 5 5 5 
u25_06.txt 10.0 4 4 4 4 4 4 4 4 4 4 
u25_06.txt 15.0 9 9 9 9 9 9 9 9 9 9 
u25_06.txt 20.0 6 6 6 6 6 6 6 6 6 6 
u25_07.txt 2.0 6 6 6 6 6 6 6 6 6 6 
u25_07.txt 5.0 7 7 7 7 7 7 7 7 7 7 
u25_07.txt 7.0 6 6 6 6 6 6 6 6 6 6 
u25_07.txt 10.0 6 6 6 6 6 6 6 6 6 6 
u25_07.txt 15.0 8 8 8 8 8 8 8 8 8 8 
u25_07.txt 20.0 6 6 6 6 6 6 6 6 6 6 
u25_08.txt 2.0 5 5 5 5 5 5 5 5 5 5 
u25_08.txt 5.0 5 5 5 5 5 5 5 5 5 5 
u25_08.txt 7.0 6 6 6 6 6 6 6 6 6 6 
u25_08.txt 10.0 6 6 6 6 6 6 6 6 6 6 
u25_08.txt 15.0 4 4 4 4 4 4 4 4 4 4 
u25_08.txt 20.0 4 4 4 4 4 4 4 4 4 4 
u25_09.txt 2.0 10 10 10 10 10 10 10 10 10 10 
u25_09.txt 5.0 13 13 13 13 13 13 13 13 13 13 
u25_09.txt 7.0 13 13 13 13 13 13 13 13 13 13 
u25_09.txt 10.0 9 9 9 9 9 9 9 9 9 9 
u25_09.txt 15.0 9 9 9 9 9 9 9 9 9 9 
u25_09.txt 20.0 8 8 8 8 8 8 8 8 8 8 
u25_10.txt 2.0 7 7 7 7 7 7 7 7 7 7 
u25_10.txt 5.0 4 4 4 4 4 4 4 4 4 4 
u25_10.txt 7.0 4 4 4 4 4 4 4 4 4 4 
u25_10.txt 10.0 4 4 4 4 4 4 4 4 4 4 
u25_10.txt 15.0 5 5 5 5 5 5 5 5 5 5 
u25_10.txt 20.0 5 5 5 5 5 5 5 5 5 5 
u50_01.txt 2.0 20 20 20 20 20 20 20 20 20 20 
u50_01.txt 5.0 22 22 22 22 22 22 22 22 22 22 
u50_01.txt 7.0 20 20 20 20 20 20 20 20 20 20 
u50_01.txt 10.0 21 21 21 21 21 21 21 21 21 21 
u50_01.txt 15.0 19 19 19 19 19 19 19 19 19 19 
u50_01.txt 20.0 20 20 20 20 20 20 20 20 20 20 
u50_02.txt 2.0 33 33 33 33 33 33 33 33 33 33 
u50_02.txt 5.0 28 28 28 28 28 28 28 28 28 28 
u50_02.txt 7.0 28 28 28 28 28 28 28 28 28 28 
u50_02.txt 10.0 30 30 30 30 30 30 30 30 30 30 
u50_02.txt 15.0 30 30 30 30 30 30 30 30 30 30 
u50_02.txt 20.0 28 28 28 28 28 28 28 28 28 28 
u50_03.txt 2.0 24 24 24 24 24 24 24 24 24 24 
u50_03.txt 5.0 26 26 26 26 26 26 26 26 26 26 
u50_03.txt 7.0 26 26 26 26 26 26 26 26 26 26 
u50_03.txt 10.0 27 27 27 27 27 27 27 27 27 27 
u50_03.txt 15.0 26 26 26 26 26 26 26 26 26 26 
u50_03.txt 20.0 26 26 26 26 26 26 26 26 26 26 
u50_04.txt 2.0 21 21 21 21 21 21 21 21 21 21 
u50_04.txt 5.0 18 18 18 18 18 18 18 18 18 18 
u50_04.txt 7.0 19 19 19 19 19 19 19 19 19 19 
u50_04.txt 10.0 19 19 19 19 19 19 19 19 19 19 
u50_04.txt 15.0 21 21 21 21 21 21 21 21 21 21 
u50_04.txt 20.0 19 19 19 19 19 19 19 19 19 19 
u50_05.txt 2.0 18 18 18 18 18 18 18 18 18 18 
u50_05.txt 5.0 19 19 19 19 19 19 19 19 19 19 
u50_05.txt 7.0 19 19 19 19 19 19 19 19 19 19 
u50_05.txt 10.0 19 19 19 19 19 19 19 19 19 19 
u50_05.txt 15.0 18 18 18 18 18 18 18 18 18 18 
u50_05.txt 20.0 18 18 18 18 18 18 18 18 18 18 
u50_06.txt 2.0 30 30 30 30 30 30 30 30 30 30 
u50_06.txt 5.0 30 30 30 30 30 30 30 30 30 30 
u50_06.txt 7.0 30 30 30 30 30 30 30 30 30 30 
u50_06.txt 10.0 30 30 30 30 30 30 30 30 30 30 
u50_06.txt 15.0 30 30 30 30 30 30 30 30 30 30 
u50_06.txt 20.0 29 29 29 29 29 29 29 29 29 29 
u50_07.txt 2.0 26 26 26 26 26 26 26 26 26 26 
u50_07.txt 5.0 22 22 22 22 22 22 22 22 22 22 
u50_07.txt 7.0 24 24 24 24 24 24 24 24 24 24 
u50_07.txt 10.0 23 23 23 23 23 23 23 23 23 23 
u50_07.txt 15.0 26 26 26 26 26 26 26 26 26 26 
u50_07.txt 20.0 25 25 25 25 25 25 25 25 25 25 
u50_08.txt 2.0 21 21 21 21 21 21 21 21 21 21 
u50_08.txt 5.0 23 23 23 23 23 23 23 23 23 23 
u50_08.txt 7.0 22 22 22 22 22 22 22 22 22 22 
u50_08.txt 10.0 22 22 22 22 22 22 22 22 22 22 
u50_08.txt 15.0 23 23 23 23 23 23 23 23 23 23 
u50_08.txt 20.0 22 22 22 22 22 22 22 22 22 22 
u50_09.txt 2.0 23 23 23 23 23 23 23 23 23 23 
u50_09.txt 5.0 19 19 19 19 19 19 19 19 19 19 
u50_09.txt 7.0 20 20 20 20 20 20 20 20 20 20 
u50_09.txt 10.0 21 21 21 21 21 21 21 21 21 21 
u50_09.txt 15.0 22 22 22 22 22 22 22 22 22 22 
u50_09.txt 20.0 21 21 21 21 21 21 21 21 21 21 
u50_10.txt 2.0 27 27 27 27 27 27 27 27 27 27 
u50_10.txt 5.0 26 26 26 26 26 26 26 26 26 26 
u50_10.txt 7.0 30 30 30 30 30 30 30 30 30 30 
u50_10.txt 10.0 29 29 29 29 29 29 29 29 29 29 
u50_10.txt 15.0 25 25 25 25 25 25 25 25 25 25 
u50_10.txt 20.0 28 28 28 28 28 28 28 28 28 28 
u75_01.txt 2.0 46 46 46 46 46 46 46 46 46 46 
u75_01.txt 5.0 44 44 44 44 44 44 44 44 44 44 
u75_01.txt 7.0 44 44 44 44 44 44 44 44 44 44 
u75_01.txt 10.0 43 43 43 43 43 43 43 43 43 43 
u75_01.txt 15.0 42 42 42 42 42 42 42 42 42 42 
u75_01.txt 20.0 43 43 43 43 43 43 43 43 43 43 
u75_02.txt 2.0 42 42 42 42 42 42 42 42 42 42 
u75_02.txt 5.0 43 43 43 43 43 43 43 43 43 43 
u75_02.txt 7.0 44 44 44 44 44 44 44 44 44 44 
u75_02.txt 10.0 44 44 44 44 44 44 44 44 44 44 
u75_02.txt 15.0 43 43 43 43 43 43 43 43 43 43 
u75_02.txt 20.0 44 44 44 44 44 44 44 44 44 44 
u75_03.txt 2.0 42 42 42 42 42 42 42 42 42 42 
u75_03.txt 5.0 41 41 41 41 41 41 41 41 41 41 
u75_03.txt 7.0 41 41 41 41 41 41 41 41 41 41 
u75_03.txt 10.0 41 41 41 41 41 41 41 41 41 41 
u75_03.txt 15.0 40 40 40 40 40 40 40 40 40 40 
u75_03.txt 20.0 41 41 41 41 41 41 41 41 41 41 
u75_04.txt 2.0 45 45 45 45 45 45 45 45 45 45 
u75_04.txt 5.0 49 49 49 49 49 49 49 49 49 49 
u75_04.txt 7.0 46 46 46 46 46 46 46 46 46 46 
u75_04.txt 10.0 44 44 44 44 44 44 44 44 44 44 
u75_04.txt 15.0 43 43 43 43 43 43 43 43 43 43 
u75_04.txt 20.0 46 46 46 46 46 46 46 46 46 46 
u75_05.txt 2.0 40 40 40 40 40 40 40 40 40 40 
u75_05.txt 5.0 39 39 39 39 39 39 39 39 39 39 
u75_05.txt 7.0 41 41 41 41 41 41 41 41 41 41 
u75_05.txt 10.0 42 42 42 42 42 42 42 42 42 42 
u75_05.txt 15.0 38 38 38 38 38 38 38 38 38 38 
u75_05.txt 20.0 40 40 40 40 40 40 40 40 40 40 
u75_06.txt 2.0 42 42 42 42 42 42 42 42 42 42 
u75_06.txt 5.0 42 42 42 42 42 42 42 42 42 42 
u75_06.txt 7.0 42 42 42 42 42 42 42 42 42 42 
u75_06.txt 10.0 39 39 39 39 39 39 39 39 39 39 
u75_06.txt 15.0 42 42 42 42 42 42 42 42 42 42 
u75_06.txt 20.0 43 43 43 43 43 43 43 43 43 43 
u75_07.txt 2.0 49 49 49 49 49 49 49 49 49 49 
u75_07.txt 5.0 45 45 45 45 45 45 45 45 45 45 
u75_07.txt 7.0 51 51 51 51 51 51 51 51 51 51 
u75_07.txt 10.0 49 49 49 49 49 49 49 49 49 49 
u75_07.txt 15.0 47 47 47 47 47 47 47 47 47 47 
u75_07.txt 20.0 48 48 48 48 48 48 48 48 48 48 
u75_08.txt 2.0 41 41 41 41 41 41 41 41 41 41 
u75_08.txt 5.0 43 43 43 43 43 43 43 43 43 43 
u75_08.txt 7.0 41 41 41 41 41 41 41 41 41 41 
u75_08.txt 10.0 43 43 43 43 43 43 43 43 43 43 
u75_08.txt 15.0 42 42 42 42 42 42 42 42 42 42 
u75_08.txt 20.0 40 40 40 40 40 40 40 40 40 40 
u75_09.txt 2.0 43 43 43 43 43 43 43 43 43 43 
u75_09.txt 5.0 43 43 43 43 43 43 43 43 43 43 
u75_09.txt 7.0 43 43 43 43 43 43 43 43 43 43 
u75_09.txt 10.0 43 43 43 43 43 43 43 43 43 43 
u75_09.txt 15.0 42 42 42 42 42 42 42 42 42 42 
u75_09.txt 20.0 41 41 41 41 41 41 41 41 41 41 
u75_10.txt 2.0 39 39 39 39 39 39 39 39 39 39 
u75_10.txt 5.0 37 37 37 37 37 37 37 37 37 37 
u75_10.txt 7.0 42 42 42 42 42 42 42 42 42 42 
u75_10.txt 10.0 40 40 40 40 40 40 40 40 40 40 
u75_10.txt 15.0 38 38 38 38 38 38 38 38 38 38 
u75_10.txt 20.0 39 39 39 39 39 39 39 39 39 39 
u100_01.txt 2.0 60 60 60 60 60 60 60 60 60 60 
u100_01.txt 5.0 61 61 61 61 61 61 61 61 61 61 
u100_01.txt 7.0 60 60 60 60 60 60 60 60 60 60 
u100_01.txt 10.0 58 58 58 58 58 58 58 58 58 58 
u100_01.txt 15.0 61 61 61 61 61 61 61 61 61 61 
u100_01.txt 20.0 59 59 59 59 59 59 59 59 59 59 
u100_02.txt 2.0 65 65 65 65 65 65 65 65 65 65 
u100_02.txt 5.0 64 64 64 64 64 64 64 64 64 64 
u100_02.txt 7.0 64 64 64 64 64 64 64 64 64 64 
u100_02.txt 10.0 64 64 64 64 64 64 64 64 64 64 
u100_02.txt 15.0 63 63 63 63 63 63 63 63 63 63 
u100_02.txt 20.0 64 64 64 64 64 64 64 64 64 64 
u100_03.txt 2.0 65 65 65 65 65 65 65 65 65 65 
u100_03.txt 5.0 60 60 60 60 60 60 60 60 60 60 
u100_03.txt 7.0 60 60 60 60 60 60 60 60 60 60 
u100_03.txt 10.0 59 59 59 59 59 59 59 59 59 59 
u100_03.txt 15.0 61 61 61 61 61 61 61 61 61 61 
u100_03.txt 20.0 61 61 61 61 61 61 61 61 61 61 
u100_04.txt 2.0 55 55 55 55 55 55 55 55 55 55 
u100_04.txt 5.0 54 54 54 54 54 54 54 54 54 54 
u100_04.txt 7.0 59 59 59 59 59 59 59 59 59 59 
u100_04.txt 10.0 54 54 54 54 54 54 54 54 54 54 
u100_04.txt 15.0 53 53 53 53 53 53 53 53 53 53 
u100_04.txt 20.0 57 57 57 57 57 57 57 57 57 57 
u100_05.txt 2.0 64 64 64 64 64 64 64 64 64 64 
u100_05.txt 5.0 63 63 63 63 63 63 63 63 63 63 
u100_05.txt 7.0 62 62 62 62 62 62 62 62 62 62 
u100_05.txt 10.0 61 61 61 61 61 61 61 61 61 61 
u100_05.txt 15.0 61 61 61 61 61 61 61 61 61 61 
u100_05.txt 20.0 62 62 62 62 62 62 62 62 62 62 
u100_06.txt 2.0 68 68 68 68 68 68 68 68 68 68 
u100_06.txt 5.0 69 69 69 69 69 69 69 69 69 69 
u100_06.txt 7.0 66 66 66 66 66 66 66 66 66 66 
u100_06.txt 10.0 69 69 69 69 69 69 69 69 69 69 
u100_06.txt 15.0 67 67 67 67 67 67 67 67 67 67 
u100_06.txt 20.0 68 68 68 68 68 68 68 68 68 68 
u100_07.txt 2.0 66 66 66 66 66 66 66 66 66 66 
u100_07.txt 5.0 67 67 67 67 67 67 67 67 67 67 
u100_07.txt 7.0 66 66 66 66 66 66 66 66 66 66 
u100_07.txt 10.0 65 65 65 65 65 65 65 65 65 65 
u100_07.txt 15.0 64 64 64 64 64 64 64 64 64 64 
u100_07.txt 20.0 64 64 64 64 64 64 64 64 64 64 
u100_08.txt 2.0 61 61 61 61 61 61 61 61 61 61 
u100_08.txt 5.0 64 64 64 64 64 64 64 64 64 64 
u100_08.txt 7.0 64 64 64 64 64 64 64 64 64 64 
u100_08.txt 10.0 63 63 63 63 63 63 63 63 63 63 
u100_08.txt 15.0 64 64 64 64 64 64 64 64 64 64 
u100_08.txt 20.0 62 62 62 62 62 62 62 62 62 62 
u100_09.txt 2.0 52 52 52 52 52 52 52 52 52 52 
u100_09.txt 5.0 56 56 56 56 56 56 56 56 56 56 
u100_09.txt 7.0 52 52 52 52 52 52 52 52 52 52 
u100_09.txt 10.0 56 56 56 56 56 56 56 56 56 56 
u100_09.txt 15.0 54 54 54 54 54 54 54 54 54 54 
u100_09.txt 20.0 54 54 54 54 54 54 54 54 54 54 
u100_10.txt 2.0 59 59 59 59 59 59 59 59 59 59 
u100_10.txt 5.0 60 60 60 60 60 60 60 60 60 60 
u100_10.txt 7.0 57 57 57 57 57 57 57 57 57 57 
u100_10.txt 10.0 61 61 61 61 61 61 61 61 61 61 
u100_10.txt 15.0 60 60 60 60 60 60 60 60 60 60 
u100_10.txt 20.0 60 60 60 60 60 60 60 60 60 60 
