filename #1 #2 #3 #4 #5 #6 #7 #8 #9 #10
n20_01.txt 0 0 0 0 0 0 0 0 0 0 
n20_02.txt 0 0 0 0 0 0 0 0 0 0 
n20_03.txt 0 0 0 0 0 0 0 0 0 0 
n20_04.txt 1 1 1 1 1 1 1 1 1 1 
n20_05.txt 2 2 2 2 2 2 2 2 2 2 
n25_01.txt 0 0 0 0 0 0 0 0 0 0 
n25_02.txt 2 2 2 2 2 2 2 2 2 2 
n25_03.txt 6 6 6 6 6 6 6 6 6 6 
n25_04.txt 0 0 0 0 0 0 0 0 0 0 
n25_05.txt 2 2 2 2 2 2 2 2 2 2 
n50_01.txt 19 19 19 19 19 19 19 19 19 19 
n50_02.txt 15 15 15 15 15 15 15 15 15 15 
n50_03.txt 6 6 6 6 6 6 6 6 6 6 
n50_04.txt 19 19 19 19 19 19 19 19 19 19 
n50_05.txt 16 16 16 16 16 16 16 16 16 16 
n75_01.txt 25 25 25 25 25 25 25 25 25 25 
n75_02.txt 42 42 42 42 42 42 42 42 42 42 
n75_03.txt 26 26 26 26 26 26 26 26 26 26 
n75_04.txt 27 27 27 27 27 27 27 27 27 27 
n75_05.txt 19 19 19 19 19 19 19 19 19 19 
n100_01.txt 43 43 43 43 43 43 43 43 43 43 
n100_02.txt 59 59 59 59 59 59 59 59 59 59 
n100_03.txt 50 50 50 50 50 50 50 50 50 50 
n100_04.txt 64 64 64 64 64 64 64 64 64 64 
n100_05.txt 50 50 50 50 50 50 50 50 50 50 
