filename T #1 #2 #3 #4 #5 #6 #7 #8 #9 #10
n125_01_simulated.txt 32000.0 6 6 6 6 6 6 6 6 6 6 
n125_01_simulated.txt 72000.0 20 20 20 20 20 20 20 20 20 20 
n125_01_simulated.txt 86400.0 26 26 26 26 26 26 26 26 26 26 
n125_01_simulated.txt 129600.0 34 34 34 34 34 34 34 34 34 34 
n125_01_simulated.txt 172800.0 40 40 40 40 40 40 40 40 40 40 
n125_01_simulated.txt 216000.0 45 45 45 45 45 45 45 45 45 45 
n125_01_simulated.txt 720000.0 117 117 117 117 117 117 117 117 117 117 
n125_02_simulated.txt 32000.0 6 6 6 6 6 6 6 6 6 6 
n125_02_simulated.txt 72000.0 28 28 28 28 28 28 28 28 28 28 
n125_02_simulated.txt 86400.0 35 35 35 35 35 35 35 35 35 35 
n125_02_simulated.txt 129600.0 43 43 43 43 43 43 43 43 43 43 
n125_02_simulated.txt 172800.0 49 49 49 49 49 49 49 49 49 49 
n125_02_simulated.txt 216000.0 51 51 51 51 51 51 51 51 51 51 
n125_02_simulated.txt 720000.0 90 90 90 90 90 90 90 90 90 90 
n125_03_simulated.txt 32000.0 14 14 14 14 14 14 14 14 14 14 
n125_03_simulated.txt 72000.0 40 40 40 40 40 40 40 40 40 40 
n125_03_simulated.txt 86400.0 44 44 44 44 44 44 44 44 44 44 
n125_03_simulated.txt 129600.0 53 53 53 53 53 53 53 53 53 53 
n125_03_simulated.txt 172800.0 58 58 58 58 58 58 58 58 58 58 
n125_03_simulated.txt 216000.0 62 62 62 62 62 62 62 62 62 62 
n125_03_simulated.txt 720000.0 117 117 117 117 117 117 117 117 117 117 
n125_04_simulated.txt 32000.0 7 7 7 7 7 7 7 7 7 7 
n125_04_simulated.txt 72000.0 22 22 22 22 22 22 22 22 22 22 
n125_04_simulated.txt 86400.0 26 26 26 26 26 26 26 26 26 26 
n125_04_simulated.txt 129600.0 35 35 35 35 35 35 35 35 35 35 
n125_04_simulated.txt 172800.0 44 44 44 44 44 44 44 44 44 44 
n125_04_simulated.txt 216000.0 44 44 44 44 44 44 44 44 44 44 
n125_04_simulated.txt 720000.0 103 103 103 103 103 103 103 103 103 103 
n125_05_simulated.txt 32000.0 11 11 11 11 11 11 11 11 11 11 
n125_05_simulated.txt 72000.0 27 27 27 27 27 27 27 27 27 27 
n125_05_simulated.txt 86400.0 28 28 28 28 28 28 28 28 28 28 
n125_05_simulated.txt 129600.0 40 40 40 40 40 40 40 40 40 40 
n125_05_simulated.txt 172800.0 44 44 44 44 44 44 44 44 44 44 
n125_05_simulated.txt 216000.0 48 48 48 48 48 48 48 48 48 48 
n125_05_simulated.txt 720000.0 109 109 109 109 109 109 109 109 109 109 
n125_06_simulated.txt 32000.0 6 6 6 6 6 6 6 6 6 6 
n125_06_simulated.txt 72000.0 17 17 17 17 17 17 17 17 17 17 
n125_06_simulated.txt 86400.0 20 20 20 20 20 20 20 20 20 20 
n125_06_simulated.txt 129600.0 35 35 35 35 35 35 35 35 35 35 
n125_06_simulated.txt 172800.0 39 39 39 39 39 39 39 39 39 39 
n125_06_simulated.txt 216000.0 42 42 42 42 42 42 42 42 42 42 
n125_06_simulated.txt 720000.0 121 121 121 121 121 121 121 121 121 121 
n125_07_simulated.txt 32000.0 2 2 2 2 2 2 2 2 2 2 
n125_07_simulated.txt 72000.0 24 24 24 24 24 24 24 24 24 24 
n125_07_simulated.txt 86400.0 31 31 31 31 31 31 31 31 31 31 
n125_07_simulated.txt 129600.0 38 38 38 38 38 38 38 38 38 38 
n125_07_simulated.txt 172800.0 39 39 39 39 39 39 39 39 39 39 
n125_07_simulated.txt 216000.0 39 39 39 39 39 39 39 39 39 39 
n125_07_simulated.txt 720000.0 117 117 117 117 117 117 117 117 117 117 
n125_08_simulated.txt 32000.0 8 8 8 8 8 8 8 8 8 8 
n125_08_simulated.txt 72000.0 34 34 34 34 34 34 34 34 34 34 
n125_08_simulated.txt 86400.0 36 36 36 36 36 36 36 36 36 36 
n125_08_simulated.txt 129600.0 43 43 43 43 43 43 43 43 43 43 
n125_08_simulated.txt 172800.0 46 46 46 46 46 46 46 46 46 46 
n125_08_simulated.txt 216000.0 52 52 52 52 52 52 52 52 52 52 
n125_08_simulated.txt 720000.0 94 94 94 94 94 94 94 94 94 94 
n125_09_simulated.txt 32000.0 11 11 11 11 11 11 11 11 11 11 
n125_09_simulated.txt 72000.0 36 36 36 36 36 36 36 36 36 36 
n125_09_simulated.txt 86400.0 41 41 41 41 41 41 41 41 41 41 
n125_09_simulated.txt 129600.0 54 54 54 54 54 54 54 54 54 54 
n125_09_simulated.txt 172800.0 61 61 61 61 61 61 61 61 61 61 
n125_09_simulated.txt 216000.0 67 67 67 67 67 67 67 67 67 67 
n125_09_simulated.txt 720000.0 114 114 114 114 114 114 114 114 114 114 
n125_010_simulated.txt 32000.0 9 9 9 9 9 9 9 9 9 9 
n125_010_simulated.txt 72000.0 29 29 29 29 29 29 29 29 29 29 
n125_010_simulated.txt 86400.0 34 34 34 34 34 34 34 34 34 34 
n125_010_simulated.txt 129600.0 46 46 46 46 46 46 46 46 46 46 
n125_010_simulated.txt 172800.0 54 54 54 54 54 54 54 54 54 54 
n125_010_simulated.txt 216000.0 62 62 62 62 62 62 62 62 62 62 
n125_010_simulated.txt 720000.0 104 104 104 104 104 104 104 104 104 104 
n150_01_simulated.txt 32000.0 23 23 23 23 23 23 23 23 23 23 
n150_01_simulated.txt 72000.0 46 46 46 46 46 46 46 46 46 46 
n150_01_simulated.txt 86400.0 48 48 48 48 48 48 48 48 48 48 
n150_01_simulated.txt 129600.0 65 65 65 65 65 65 65 65 65 65 
n150_01_simulated.txt 172800.0 72 72 72 72 72 72 72 72 72 72 
n150_01_simulated.txt 216000.0 78 78 78 78 78 78 78 78 78 78 
n150_01_simulated.txt 720000.0 106 106 106 106 106 106 106 106 106 106 
n150_02_simulated.txt 32000.0 5 5 5 5 5 5 5 5 5 5 
n150_02_simulated.txt 72000.0 24 24 24 24 24 24 24 24 24 24 
n150_02_simulated.txt 86400.0 33 33 33 33 33 33 33 33 33 33 
n150_02_simulated.txt 129600.0 52 52 52 52 52 52 52 52 52 52 
n150_02_simulated.txt 172800.0 59 59 59 59 59 59 59 59 59 59 
n150_02_simulated.txt 216000.0 81 81 81 81 81 81 81 81 81 81 
n150_02_simulated.txt 720000.0 119 119 119 119 119 119 119 119 119 119 
n150_03_simulated.txt 32000.0 22 22 22 22 22 22 22 22 22 22 
n150_03_simulated.txt 72000.0 57 57 57 57 57 57 57 57 57 57 
n150_03_simulated.txt 86400.0 60 60 60 60 60 60 60 60 60 60 
n150_03_simulated.txt 129600.0 77 77 77 77 77 77 77 77 77 77 
n150_03_simulated.txt 172800.0 82 82 82 82 82 82 82 82 82 82 
n150_03_simulated.txt 216000.0 92 92 92 92 92 92 92 92 92 92 
n150_03_simulated.txt 720000.0 143 143 143 143 143 143 143 143 143 143 
n150_04_simulated.txt 32000.0 17 17 17 17 17 17 17 17 17 17 
n150_04_simulated.txt 72000.0 47 47 47 47 47 47 47 47 47 47 
n150_04_simulated.txt 86400.0 55 55 55 55 55 55 55 55 55 55 
n150_04_simulated.txt 129600.0 64 64 64 64 64 64 64 64 64 64 
n150_04_simulated.txt 172800.0 77 77 77 77 77 77 77 77 77 77 
n150_04_simulated.txt 216000.0 87 87 87 87 87 87 87 87 87 87 
n150_04_simulated.txt 720000.0 143 143 143 143 143 143 143 143 143 143 
n150_05_simulated.txt 32000.0 19 19 19 19 19 19 19 19 19 19 
n150_05_simulated.txt 72000.0 46 46 46 46 46 46 46 46 46 46 
n150_05_simulated.txt 86400.0 51 51 51 51 51 51 51 51 51 51 
n150_05_simulated.txt 129600.0 74 74 74 74 74 74 74 74 74 74 
n150_05_simulated.txt 172800.0 81 81 81 81 81 81 81 81 81 81 
n150_05_simulated.txt 216000.0 86 86 86 86 86 86 86 86 86 86 
n150_05_simulated.txt 720000.0 127 127 127 127 127 127 127 127 127 127 
n150_06_simulated.txt 32000.0 13 13 13 13 13 13 13 13 13 13 
n150_06_simulated.txt 72000.0 41 41 41 41 41 41 41 41 41 41 
n150_06_simulated.txt 86400.0 49 49 49 49 49 49 49 49 49 49 
n150_06_simulated.txt 129600.0 75 75 75 75 75 75 75 75 75 75 
n150_06_simulated.txt 172800.0 84 84 84 84 84 84 84 84 84 84 
n150_06_simulated.txt 216000.0 89 89 89 89 89 89 89 89 89 89 
n150_06_simulated.txt 720000.0 121 121 121 121 121 121 121 121 121 121 
n150_07_simulated.txt 32000.0 10 10 10 10 10 10 10 10 10 10 
n150_07_simulated.txt 72000.0 32 32 32 32 32 32 32 32 32 32 
n150_07_simulated.txt 86400.0 38 38 38 38 38 38 38 38 38 38 
n150_07_simulated.txt 129600.0 58 58 58 58 58 58 58 58 58 58 
n150_07_simulated.txt 172800.0 69 69 69 69 69 69 69 69 69 69 
n150_07_simulated.txt 216000.0 76 76 76 76 76 76 76 76 76 76 
n150_07_simulated.txt 720000.0 142 142 142 142 142 142 142 142 142 142 
n150_08_simulated.txt 32000.0 29 29 29 29 29 29 29 29 29 29 
n150_08_simulated.txt 72000.0 65 65 65 65 65 65 65 65 65 65 
n150_08_simulated.txt 86400.0 71 71 71 71 71 71 71 71 71 71 
n150_08_simulated.txt 129600.0 87 87 87 87 87 87 87 87 87 87 
n150_08_simulated.txt 172800.0 95 95 95 95 95 95 95 95 95 95 
n150_08_simulated.txt 216000.0 102 102 102 102 102 102 102 102 102 102 
n150_08_simulated.txt 720000.0 146 146 146 146 146 146 146 146 146 146 
n150_09_simulated.txt 32000.0 14 14 14 14 14 14 14 14 14 14 
n150_09_simulated.txt 72000.0 47 47 47 47 47 47 47 47 47 47 
n150_09_simulated.txt 86400.0 53 53 53 53 53 53 53 53 53 53 
n150_09_simulated.txt 129600.0 71 71 71 71 71 71 71 71 71 71 
n150_09_simulated.txt 172800.0 76 76 76 76 76 76 76 76 76 76 
n150_09_simulated.txt 216000.0 86 86 86 86 86 86 86 86 86 86 
n150_09_simulated.txt 720000.0 125 125 125 125 125 125 125 125 125 125 
n150_010_simulated.txt 32000.0 9 9 9 9 9 9 9 9 9 9 
n150_010_simulated.txt 72000.0 34 34 34 34 34 34 34 34 34 34 
n150_010_simulated.txt 86400.0 40 40 40 40 40 40 40 40 40 40 
n150_010_simulated.txt 129600.0 53 53 53 53 53 53 53 53 53 53 
n150_010_simulated.txt 172800.0 67 67 67 67 67 67 67 67 67 67 
n150_010_simulated.txt 216000.0 73 73 73 73 73 73 73 73 73 73 
n150_010_simulated.txt 720000.0 116 116 116 116 116 116 116 116 116 116 
n175_01_simulated.txt 32000.0 27 27 27 27 27 27 27 27 27 27 
n175_01_simulated.txt 72000.0 64 64 64 64 64 64 64 64 64 64 
n175_01_simulated.txt 86400.0 67 67 67 67 67 67 67 67 67 67 
n175_01_simulated.txt 129600.0 90 90 90 90 90 90 90 90 90 90 
n175_01_simulated.txt 172800.0 101 101 101 101 101 101 101 101 101 101 
n175_01_simulated.txt 216000.0 108 108 108 108 108 108 108 108 108 108 
n175_01_simulated.txt 720000.0 169 169 169 169 169 169 169 169 169 169 
n175_02_simulated.txt 32000.0 21 21 21 21 21 21 21 21 21 21 
n175_02_simulated.txt 72000.0 49 49 49 49 49 49 49 49 49 49 
n175_02_simulated.txt 86400.0 54 54 54 54 54 54 54 54 54 54 
n175_02_simulated.txt 129600.0 87 87 87 87 87 87 87 87 87 87 
n175_02_simulated.txt 172800.0 98 98 98 98 98 98 98 98 98 98 
n175_02_simulated.txt 216000.0 101 101 101 101 101 101 101 101 101 101 
n175_02_simulated.txt 720000.0 165 165 165 165 165 165 165 165 165 165 
n175_03_simulated.txt 32000.0 34 34 34 34 34 34 34 34 34 34 
n175_03_simulated.txt 72000.0 70 70 70 70 70 70 70 70 70 70 
n175_03_simulated.txt 86400.0 80 80 80 80 80 80 80 80 80 80 
n175_03_simulated.txt 129600.0 106 106 106 106 106 106 106 106 106 106 
n175_03_simulated.txt 172800.0 116 116 116 116 116 116 116 116 116 116 
n175_03_simulated.txt 216000.0 117 117 117 117 117 117 117 117 117 117 
n175_03_simulated.txt 720000.0 163 163 163 163 163 163 163 163 163 163 
n175_04_simulated.txt 32000.0 25 25 25 25 25 25 25 25 25 25 
n175_04_simulated.txt 72000.0 55 55 55 55 55 55 55 55 55 55 
n175_04_simulated.txt 86400.0 63 63 63 63 63 63 63 63 63 63 
n175_04_simulated.txt 129600.0 95 95 95 95 95 95 95 95 95 95 
n175_04_simulated.txt 172800.0 102 102 102 102 102 102 102 102 102 102 
n175_04_simulated.txt 216000.0 107 107 107 107 107 107 107 107 107 107 
n175_04_simulated.txt 720000.0 158 158 158 158 158 158 158 158 158 158 
n175_05_simulated.txt 32000.0 38 38 38 38 38 38 38 38 38 38 
n175_05_simulated.txt 72000.0 75 75 75 75 75 75 75 75 75 75 
n175_05_simulated.txt 86400.0 86 86 86 86 86 86 86 86 86 86 
n175_05_simulated.txt 129600.0 94 94 94 94 94 94 94 94 94 94 
n175_05_simulated.txt 172800.0 99 99 99 99 99 99 99 99 99 99 
n175_05_simulated.txt 216000.0 104 104 104 104 104 104 104 104 104 104 
n175_05_simulated.txt 720000.0 153 153 153 153 153 153 153 153 153 153 
n175_06_simulated.txt 32000.0 18 18 18 18 18 18 18 18 18 18 
n175_06_simulated.txt 72000.0 49 49 49 49 49 49 49 49 49 49 
n175_06_simulated.txt 86400.0 52 52 52 52 52 52 52 52 52 52 
n175_06_simulated.txt 129600.0 70 70 70 70 70 70 70 70 70 70 
n175_06_simulated.txt 172800.0 87 87 87 87 87 87 87 87 87 87 
n175_06_simulated.txt 216000.0 92 92 92 92 92 92 92 92 92 92 
n175_06_simulated.txt 720000.0 155 155 155 155 155 155 155 155 155 155 
n175_07_simulated.txt 32000.0 31 31 31 31 31 31 31 31 31 31 
n175_07_simulated.txt 72000.0 84 84 84 84 84 84 84 84 84 84 
n175_07_simulated.txt 86400.0 88 88 88 88 88 88 88 88 88 88 
n175_07_simulated.txt 129600.0 102 102 102 102 102 102 102 102 102 102 
n175_07_simulated.txt 172800.0 121 121 121 121 121 121 121 121 121 121 
n175_07_simulated.txt 216000.0 121 121 121 121 121 121 121 121 121 121 
n175_07_simulated.txt 720000.0 167 167 167 167 167 167 167 167 167 167 
n175_08_simulated.txt 32000.0 30 30 30 30 30 30 30 30 30 30 
n175_08_simulated.txt 72000.0 57 57 57 57 57 57 57 57 57 57 
n175_08_simulated.txt 86400.0 61 61 61 61 61 61 61 61 61 61 
n175_08_simulated.txt 129600.0 84 84 84 84 84 84 84 84 84 84 
n175_08_simulated.txt 172800.0 99 99 99 99 99 99 99 99 99 99 
n175_08_simulated.txt 216000.0 102 102 102 102 102 102 102 102 102 102 
n175_08_simulated.txt 720000.0 150 150 150 150 150 150 150 150 150 150 
n175_09_simulated.txt 32000.0 25 25 25 25 25 25 25 25 25 25 
n175_09_simulated.txt 72000.0 66 66 66 66 66 66 66 66 66 66 
n175_09_simulated.txt 86400.0 77 77 77 77 77 77 77 77 77 77 
n175_09_simulated.txt 129600.0 84 84 84 84 84 84 84 84 84 84 
n175_09_simulated.txt 172800.0 105 105 105 105 105 105 105 105 105 105 
n175_09_simulated.txt 216000.0 107 107 107 107 107 107 107 107 107 107 
n175_09_simulated.txt 720000.0 167 167 167 167 167 167 167 167 167 167 
n175_010_simulated.txt 32000.0 16 16 16 16 16 16 16 16 16 16 
n175_010_simulated.txt 72000.0 54 54 54 54 54 54 54 54 54 54 
n175_010_simulated.txt 86400.0 61 61 61 61 61 61 61 61 61 61 
n175_010_simulated.txt 129600.0 87 87 87 87 87 87 87 87 87 87 
n175_010_simulated.txt 172800.0 101 101 101 101 101 101 101 101 101 101 
n175_010_simulated.txt 216000.0 106 106 106 106 106 106 106 106 106 106 
n175_010_simulated.txt 720000.0 145 145 145 145 145 145 145 145 145 145 
n200_02_simulated.txt 32000.0 27 27 27 27 27 27 27 27 27 27 
n200_02_simulated.txt 72000.0 67 67 67 67 67 67 67 67 67 67 
n200_02_simulated.txt 86400.0 75 75 75 75 75 75 75 75 75 75 
n200_02_simulated.txt 129600.0 98 98 98 98 98 98 98 98 98 98 
n200_02_simulated.txt 172800.0 127 127 127 127 127 127 127 127 127 127 
n200_02_simulated.txt 216000.0 132 132 132 132 132 132 132 132 132 132 
n200_02_simulated.txt 720000.0 197 197 197 197 197 197 197 197 197 197 
n200_03_simulated.txt 32000.0 35 35 35 35 35 35 35 35 35 35 
n200_03_simulated.txt 72000.0 73 73 73 73 73 73 73 73 73 73 
n200_03_simulated.txt 86400.0 83 83 83 83 83 83 83 83 83 83 
n200_03_simulated.txt 129600.0 103 103 103 103 103 103 103 103 103 103 
n200_03_simulated.txt 172800.0 131 131 131 131 131 131 131 131 131 131 
n200_03_simulated.txt 216000.0 135 135 135 135 135 135 135 135 135 135 
n200_03_simulated.txt 720000.0 192 192 192 192 192 192 192 192 192 192 
n200_04_simulated.txt 32000.0 39 39 39 39 39 39 39 39 39 39 
n200_04_simulated.txt 72000.0 67 67 67 67 67 67 67 67 67 67 
n200_04_simulated.txt 86400.0 79 79 79 79 79 79 79 79 79 79 
n200_04_simulated.txt 129600.0 96 96 96 96 96 96 96 96 96 96 
n200_04_simulated.txt 172800.0 119 119 119 119 119 119 119 119 119 119 
n200_04_simulated.txt 216000.0 125 125 125 125 125 125 125 125 125 125 
n200_04_simulated.txt 720000.0 190 190 190 190 190 190 190 190 190 190 
n200_05_simulated.txt 32000.0 52 52 52 52 52 52 52 52 52 52 
n200_05_simulated.txt 72000.0 91 91 91 91 91 91 91 91 91 91 
n200_05_simulated.txt 86400.0 101 101 101 101 101 101 101 101 101 101 
n200_05_simulated.txt 129600.0 117 117 117 117 117 117 117 117 117 117 
n200_05_simulated.txt 172800.0 127 127 127 127 127 127 127 127 127 127 
n200_05_simulated.txt 216000.0 129 129 129 129 129 129 129 129 129 129 
n200_05_simulated.txt 720000.0 174 174 174 174 174 174 174 174 174 174 
n200_06_simulated.txt 32000.0 32 32 32 32 32 32 32 32 32 32 
n200_06_simulated.txt 72000.0 73 73 73 73 73 73 73 73 73 73 
n200_06_simulated.txt 86400.0 77 77 77 77 77 77 77 77 77 77 
n200_06_simulated.txt 129600.0 112 112 112 112 112 112 112 112 112 112 
n200_06_simulated.txt 172800.0 120 120 120 120 120 120 120 120 120 120 
n200_06_simulated.txt 216000.0 126 126 126 126 126 126 126 126 126 126 
n200_06_simulated.txt 720000.0 190 190 190 190 190 190 190 190 190 190 
n200_07_simulated.txt 32000.0 44 44 44 44 44 44 44 44 44 44 
n200_07_simulated.txt 72000.0 79 79 79 79 79 79 79 79 79 79 
n200_07_simulated.txt 86400.0 86 86 86 86 86 86 86 86 86 86 
n200_07_simulated.txt 129600.0 113 113 113 113 113 113 113 113 113 113 
n200_07_simulated.txt 172800.0 125 125 125 125 125 125 125 125 125 125 
n200_07_simulated.txt 216000.0 125 125 125 125 125 125 125 125 125 125 
n200_07_simulated.txt 720000.0 177 177 177 177 177 177 177 177 177 177 
n200_08_simulated.txt 32000.0 47 47 47 47 47 47 47 47 47 47 
n200_08_simulated.txt 72000.0 83 83 83 83 83 83 83 83 83 83 
n200_08_simulated.txt 86400.0 85 85 85 85 85 85 85 85 85 85 
n200_08_simulated.txt 129600.0 120 120 120 120 120 120 120 120 120 120 
n200_08_simulated.txt 172800.0 127 127 127 127 127 127 127 127 127 127 
n200_08_simulated.txt 216000.0 132 132 132 132 132 132 132 132 132 132 
n200_08_simulated.txt 720000.0 185 185 185 185 185 185 185 185 185 185 
n200_09_simulated.txt 32000.0 54 54 54 54 54 54 54 54 54 54 
n200_09_simulated.txt 72000.0 95 95 95 95 95 95 95 95 95 95 
n200_09_simulated.txt 86400.0 108 108 108 108 108 108 108 108 108 108 
n200_09_simulated.txt 129600.0 131 131 131 131 131 131 131 131 131 131 
n200_09_simulated.txt 172800.0 139 139 139 139 139 139 139 139 139 139 
n200_09_simulated.txt 216000.0 139 139 139 139 139 139 139 139 139 139 
n200_09_simulated.txt 720000.0 193 193 193 193 193 193 193 193 193 193 
n200_010_simulated.txt 32000.0 43 43 43 43 43 43 43 43 43 43 
n200_010_simulated.txt 72000.0 94 94 94 94 94 94 94 94 94 94 
n200_010_simulated.txt 86400.0 98 98 98 98 98 98 98 98 98 98 
n200_010_simulated.txt 129600.0 113 113 113 113 113 113 113 113 113 113 
n200_010_simulated.txt 172800.0 122 122 122 122 122 122 122 122 122 122 
n200_010_simulated.txt 216000.0 128 128 128 128 128 128 128 128 128 128 
n200_010_simulated.txt 720000.0 191 191 191 191 191 191 191 191 191 191 
