250.0 250.0
315.0 308.0 0.451038000011 10348.962 
369.0 362.0 0.0497200000013 10750.28 
299.0 348.0 0.421149680003 10378.85032 
212.0 413.0 0.123100600003 10676.8994 
457.0 433.0 0.851308800011 9948.69119999 
382.0 364.0 0.118900040002 10681.09996 
156.0 284.0 0.345648720009 10454.35128 
397.0 520.0 0.851308800011 9948.69119999 
359.0 465.0 0.345648720009 10454.35128 
103.0 178.0 0.468592400005 10331.4076 
265.0 477.0 0.138509000003 10661.491 
154.0 308.0 0.242709240006 10557.29076 
56.0 346.0 0.0288448000007 10771.1552 
64.0 435.0 0.221157560003 10578.84244 
58.0 164.0 0.218112680005 10581.88732 
226.0 307.0 0.822338080007 9977.66191999 
332.0 255.0 0.195680000005 10604.32 
225.0 325.0 0.348002080007 10451.99792 
445.0 217.0 0.0771350000017 10722.865 
302.0 142.0 0.0425390400008 10757.46096 
268.0 298.0 0.720245120011 10079.75488 
248.0 92.0 0.182924000004 10617.076 
398.0 115.0 0.166287360001 10633.71264 
51.0 335.0 0.0982800000026 10701.72 
216.0 70.0 0.153184800003 10646.8152 
48.0 394.0 0.331052400003 10468.9476 
365.0 302.0 0.190757840002 10609.24216 
239.0 397.0 0.115360000003 10684.64 
387.0 400.0 0.113040400002 10686.9596 
252.0 451.0 0.396742200004 10403.2578 
345.0 282.0 0.163547600003 10636.4524 
96.0 481.0 0.177166400003 10622.8336 
473.0 49.0 0.0160400000004 10783.96 
161.0 338.0 0.314300920007 10485.69908 
231.0 135.0 0.450328640004 10349.67136 
59.0 75.0 0.0318800000008 10768.12 
195.0 165.0 0.158623040002 10641.37696 
195.0 351.0 0.219300000005 10580.7 
267.0 497.0 0.146566960002 10653.43304 
492.0 58.0 0.0151096799998 10784.89032 
71.0 215.0 0.207420840004 10592.57916 
429.0 204.0 0.229268000004 10570.732 
111.0 489.0 0.089728000002 10710.272 
131.0 161.0 0.178422560004 10621.57744 
198.0 136.0 0.138010000003 10661.99 
126.0 274.0 0.291080640006 10508.91936 
169.0 331.0 0.371742080008 10428.25792 
133.0 315.0 0.303505920007 10496.49408 
71.0 373.0 0.122640800002 10677.3592 
350.0 238.0 0.446745280006 10353.25472 
143.0 265.0 0.290319520006 10509.68048 
92.0 188.0 0.268919360005 10531.08064 
22.0 141.0 0.0969063200009 10703.09368 
197.0 70.0 0.176942040004 10623.05796 
60.0 328.0 0.0315200000008 10768.48 
274.0 260.0 0.405343360008 10394.65664 
409.0 328.0 0.130649600002 10669.3504 
295.0 133.0 0.0457872000006 10754.2128 
225.0 225.0 0.0781500000011 10721.85 
389.0 229.0 0.296562880004 10503.43712 
152.0 341.0 0.231470000005 10568.53 
147.0 199.0 0.148385000003 10651.615 
215.0 311.0 0.229040000006 10570.96 
444.0 181.0 0.113269440002 10686.73056 
141.0 489.0 0.0832074000009 10716.7926 
491.0 157.0 0.851308800011 9948.69119999 
402.0 165.0 0.108777120003 10691.22288 
443.0 253.0 0.173631360003 10626.36864 
226.0 37.0 0.118271560001 10681.72844 
223.0 205.0 0.206302480002 10593.69752 
138.0 42.0 0.851308800011 9948.69119999 
344.0 379.0 0.270032320004 10529.96768 
291.0 457.0 0.134159880003 10665.84012 
120.0 293.0 0.339162600007 10460.8374 
211.0 450.0 0.181495440003 10618.50456 
177.0 299.0 0.697622600009 10102.3774 
332.0 278.0 0.154886080003 10645.11392 
279.0 165.0 0.245560000006 10554.44 
63.0 172.0 0.245468480005 10554.53152 
330.0 196.0 0.546940800003 10253.0592 
154.0 193.0 0.145920000004 10654.08 
159.0 290.0 0.530162000007 10269.838 
359.0 193.0 0.364674000005 10435.326 
396.0 171.0 0.0972000000026 10702.8 
204.0 458.0 0.146189200003 10653.8108 
129.0 470.0 0.0334800000009 10766.52 
86.0 477.0 0.161027840003 10638.97216 
372.0 25.0 0.851308800011 9948.69119999 
462.0 262.0 0.118341920002 10681.65808 
429.0 307.0 0.0582588000003 10741.7412 
448.0 101.0 0.0870363200006 10712.96368 
288.0 39.0 0.851308800011 9948.69119999
4.0 76.0 0.0727001600006 10727.29984 
412.0 298.0 0.0312400000008 10768.76 
270.0 278.0 0.538740160003 10261.25984 
304.0 311.0 0.590809200011 10209.1908 
11.0 66.0 0.0615122000006 10738.4878 
121.0 277.0 0.165608000004 10634.392 
83.0 224.0 0.213357120004 10586.64288 
217.0 97.0 0.359985600006 10440.0144 
