250.0 250.0
230.0 203.0 0.170160600002 10629.8394 
263.0 346.0 0.383193840008 10416.80616 
142.0 272.0 0.713400560017 10086.59944 
209.0 406.0 0.384549640009 10415.45036 
129.0 379.0 0.240276000004 10559.724 
270.0 262.0 0.498655680013 10301.34432 
258.0 297.0 1.28563260002 9514.36739998 
40.0 250.0 0.130143040002 10669.85696 
139.0 271.0 0.689889400016 10110.1106 
199.0 322.0 1.75527356004 9044.72643996 
53.0 317.0 0.0896504000011 10710.3496 
222.0 300.0 3.03108960002 7768.91039998 
114.0 284.0 0.400726320009 10399.27368 
192.0 291.0 1.43943432003 9360.56567997 
169.0 367.0 1.04965500002 9750.34499998 
354.0 373.0 0.0156800000004 10784.32 
191.0 406.0 0.364249000008 10435.751 
130.0 335.0 0.330964200007 10469.0358 
156.0 458.0 0.0961512000006 10703.8488 
438.0 453.0 0.0999292800012 10700.07072 
51.0 246.0 0.192220000003 10607.78 
381.0 466.0 0.190729920002 10609.27008 
295.0 294.0 0.493491400012 10306.5086 
171.0 279.0 1.88358176003 8916.41823997 
209.0 438.0 0.255623600004 10544.3764 
309.0 250.0 0.821664200009 9978.33579999 
134.0 388.0 0.157229000003 10642.771 
80.0 245.0 0.236764800005 10563.2352 
334.0 305.0 0.102960840002 10697.03916 
335.0 208.0 0.439295200006 10360.7048 
217.0 377.0 0.887814000021 9912.18599998 
180.0 192.0 0.0867066800011 10713.29332 
269.0 255.0 0.49024096001 10309.75904 
104.0 308.0 0.381105200007 10418.8948 
356.0 281.0 0.259280800005 10540.7192 
104.0 267.0 0.438808320007 10361.19168 
65.0 292.0 0.160803600003 10639.1964 
228.0 329.0 1.57065376003 9229.34623997 
152.0 277.0 0.712842880014 10087.15712 
250.0 227.0 0.201467960005 10598.53204 
436.0 349.0 1.75527356004 9044.72643996
166.0 262.0 0.527373640013 10272.62636 
366.0 102.0 0.130387040002 10669.61296 
124.0 252.0 0.639230640011 10160.76936 
484.0 82.0 0.0168000000004 10783.2 
88.0 238.0 0.246096960005 10553.90304 
363.0 256.0 0.322940960007 10477.05904 
149.0 475.0 0.639230640011 10160.76936  
240.0 136.0 0.0779056400009 10722.09436 
461.0 279.0 0.0164400000004 10783.56 
355.0 215.0 0.340974160008 10459.02584 
369.0 160.0 0.310932800003 10489.0672 
74.0 377.0 0.179299600001 10620.7004 
314.0 414.0 0.175486080003 10624.51392 
157.0 309.0 0.86985584002 9930.14415998 
333.0 436.0 0.233282400003 10566.7176 
220.0 469.0 0.103389400002 10696.6106 
71.0 448.0 0.103389400002 10696.6106 
198.0 434.0 0.272144800004 10527.8552 
221.0 393.0 0.551920640013 10248.07936 
45.0 377.0 0.0538023600009 10746.19764 
216.0 392.0 0.557067600012 10242.9324 
301.0 407.0 0.420298920005 10379.70108 
303.0 281.0 0.213128000003 10586.872 
196.0 389.0 0.482261200013 10317.7388 
143.0 353.0 0.170179040004 10629.82096 
100.0 136.0 0.170179040004 10629.82096 
203.0 361.0 0.872724920018 9927.27507998 
267.0 174.0 0.202645360002 10597.35464 
294.0 197.0 0.306112560006 10493.88744 
69.0 79.0 0.306112560006 10493.88744 
367.0 103.0 0.129510640002 10670.48936 
248.0 379.0 0.762448000014 10037.552 
497.0 101.0 0.0173039999998 10782.696 
484.0 304.0 0.0271917600002 10772.80824 
