250.0 250.0
193.0 209.0 0.569614000009 10230.386 
326.0 295.0 0.199240000005 10600.76 
97.0 164.0 0.247967400005 10552.0326 
313.0 394.0 0.302624400003 10497.3756 
189.0 283.0 0.41955000001 10380.45 
172.0 219.0 0.48294128001 10317.05872 
83.0 214.0 0.312325000005 10487.675 
143.0 180.0 0.337103200008 10462.8968 
236.0 131.0 0.173215000002 10626.785 
180.0 283.0 0.374904400008 10425.0956 
316.0 460.0 0.119492800002 10680.5072 
306.0 223.0 0.128960000003 10671.04 
64.0 224.0 0.230474160005 10569.52584 
316.0 350.0 0.395150640003 10404.84936 
155.0 221.0 0.144742720003 10655.25728 
174.0 212.0 0.506155440011 10293.84456 
144.0 200.0 0.376117360008 10423.88264 
8.0 229.0 0.136709320002 10663.29068 
325.0 197.0 0.137895680003 10662.10432 
21.0 228.0 0.115909400002 10684.0906 
389.0 299.0 0.155710440004 10644.28956 
275.0 138.0 0.0672800000018 10732.72 
206.0 187.0 0.114400000003 10685.6 
59.0 229.0 0.263302720005 10536.69728 
388.0 257.0 0.290837440005 10509.16256 
43.0 269.0 0.152512000003 10647.488 
239.0 312.0 0.172132640004 10627.86736 
172.0 404.0 0.0545102399996 10745.48976 
357.0 164.0 0.242208000003 10557.792 
443.0 247.0 0.107575000001 10692.425 
383.0 226.0 0.171540800004 10628.4592 
349.0 218.0 0.380087680004 10419.91232 
201.0 289.0 0.450719360009 10349.28064 
405.0 225.0 0.220764400004 10579.2356 
468.0 148.0 0.220764400004 10579.2356 
62.0 166.0 0.215756800004 10584.2432 
149.0 298.0 0.133719600002 10666.2804 
65.0 171.0 0.199561400003 10600.4386 
224.0 412.0 0.0319600000008 10768.04 
28.0 167.0 0.0609044000008 10739.0956 
274.0 172.0 0.0505200000013 10749.48 
79.0 313.0 0.0163600000004 10783.64 
226.0 267.0 0.339113000007 10460.887 
284.0 131.0 0.0609160000013 10739.084 
408.0 319.0 0.137100000003 10662.9 
228.0 110.0 0.124666600002 10675.3334 
472.0 131.0 0.0333200000009 10766.68 
98.0 425.0 0.124666600002 10675.3334 
161.0 14.0 0.124666600002 10675.3334 
308.0 437.0 0.0506400000013 10749.36 
383.0 456.0 0.124666600002 10675.3334 
130.0 113.0 0.124666600002 10675.3334 
327.0 461.0 0.120925920001 10679.07408 
469.0 78.0 0.12679576 10673.20424 
152.0 204.0 0.310659440007 10489.34056 
219.0 246.0 0.646425960012 10153.57404 
301.0 296.0 0.119840000003 10680.16 
253.0 451.0 0.04373136 10756.26864 
20.0 205.0 0.177688240004 10622.31176 
185.0 335.0 0.142547840002 10657.45216 
189.0 98.0 0.114646000001 10685.354 
323.0 412.0 0.150884480002 10649.11552 
148.0 488.0 0.150884480002 10649.11552 
382.0 287.0 0.169668000003 10630.332 
159.0 215.0 0.238757360004 10561.24264 
328.0 368.0 0.189606400003 10610.3936 
121.0 199.0 0.220135840004 10579.86416 
67.0 55.0 0.238757360004 10561.24264 
388.0 131.0 0.0745220000012 10725.478 
439.0 33.0 0.0889420000011 10711.058 
377.0 286.0 0.264611520002 10535.38848 
83.0 259.0 0.163640000004 10636.36 
395.0 336.0 0.144076320003 10655.92368 
318.0 310.0 0.0518780000003 10748.122 
176.0 174.0 0.212555760005 10587.44424 
