500.0 500.0
503.0 586.0 0.604664000015 10195.336 
547.0 642.0 0.322716000008 10477.284 
516.0 695.0 0.221988000004 10578.012 
525.0 458.0 0.356561800008 10443.4382 
578.0 713.0 0.756514400009 10043.4856 
581.0 606.0 1.31508920001 9484.91079999 
620.0 674.0 0.491456640012 10308.54336 
577.0 798.0 0.157872400003 10642.1276 
579.0 494.0 0.257434320005 10542.56568 
504.0 581.0 0.999973120021 9800.02687998 
552.0 563.0 1.77234024003 9027.65975997 
493.0 460.0 0.492452240011 10307.54776 
557.0 532.0 0.889128800022 9910.87119998 
507.0 668.0 0.521746240006 10278.25376 
614.0 660.0 1.17075728001 9629.24271999 
689.0 629.0 1.17075728001 9629.24271999 
461.0 416.0 0.232572800005 10567.4272 
631.0 607.0 1.12454476001 9675.45523999 
526.0 561.0 1.27605200003 9523.94799997 
427.0 609.0 0.161880000004 10638.12 
436.0 694.0 0.474554800008 10325.4452 
450.0 436.0 0.459183360009 10340.81664 
535.0 632.0 0.333271680007 10466.72832 
642.0 591.0 0.224760000006 10575.24 
497.0 331.0 0.224760000006 10575.240 
456.0 723.0 0.159497720003 10640.50228 
473.0 484.0 0.506016200009 10293.9838 
415.0 472.0 0.430259520008 10369.74048 
504.0 443.0 0.517098800012 10282.9012 
505.0 459.0 0.41397616001 10386.02384 
535.0 601.0 0.746627480018 10053.37252 
405.0 687.0 0.203873600005 10596.1264 
397.0 659.0 0.240584000005 10559.416 
659.0 728.0 0.0876580000015 10712.342 
579.0 502.0 0.725162400017 10074.8376 
413.0 310.0 0.116600000003 10683.4 
384.0 466.0 0.158351760004 10641.64824 
616.0 748.0 0.546751880005 10253.24812 
638.0 810.0 0.316127360004 10483.87264 
505.0 727.0 0.171932600003 10628.0674 
421.0 396.0 0.147121720003 10652.87828 
527.0 524.0 1.59215700003 9207.84299997 
585.0 515.0 0.984071440024 9815.92855998 
480.0 441.0 0.374102400007 10425.8976 
522.0 477.0 0.911274080023 9888.72591998 
524.0 613.0 0.739324800011 10060.6752 
536.0 445.0 0.291010000006 10508.99 
709.0 772.0 0.0330800000009 10766.92 
447.0 476.0 0.512486400012 10287.5136 
381.0 206.0 0.0692223200008 10730.77768 
494.0 549.0 1.27548352003 9524.51647997 
373.0 337.0 0.0161200000004 10783.88 
430.0 622.0 0.156895440004 10643.10456 
569.0 360.0 0.02673 10773.27 
630.0 716.0 0.707604000017 10092.396 
546.0 850.0 0.119535000002 10680.465 
453.0 528.0 0.653302000003 10146.698 
531.0 534.0 1.23642124003 9563.57875997 
506.0 630.0 0.281956400006 10518.0436 
268.0 473.0 0.280627800003 10519.3722 
488.0 157.0 0.224760000006 10575.24 
704.0 522.0 0.224760000006 10575.24 
402.0 241.0 0.163140640001 10636.85936 
324.0 457.0 0.841086080022 9958.91391998 
440.0 722.0 0.135380000003 10664.62 
497.0 256.0 0.154357560003 10645.64244 
516.0 490.0 0.841086080022 9958.91391998 
427.0 391.0 0.146651040003 10653.34896 
411.0 655.0 0.368170400007 10431.8296 
598.0 381.0 0.0150000000004 10785.0 
425.0 707.0 0.231744000005 10568.256 
663.0 379.0 0.0164400000004 10783.56 
480.0 861.0 0.0312400000008 10768.76 
228.0 448.0 0.177602000002 10622.398 
512.0 753.0 0.180507200003 10619.4928 
315.0 547.0 0.101640000003 10698.36 
476.0 224.0 0.171348000003 10628.652 
618.0 752.0 0.297847600007 10502.1524 
556.0 795.0 0.0788400000021 10721.16 
250.0 492.0 0.231101200005 10568.8988 
667.0 811.0 0.119572960003 10680.42704 
713.0 804.0 0.0587944000013 10741.2056 
638.0 328.0 0.0612554400001 10738.74456 
724.0 886.0 0.0161600000004 10783.84 
436.0 276.0 0.186981280004 10613.01872 
408.0 868.0 0.0549690000008 10745.031 
492.0 550.0 0.908485440022 9891.51455998 
307.0 501.0 0.488569360005 10311.43064 
342.0 917.0 0.0160400000004 10783.96 
206.0 396.0 0.095098240001 10704.90176 
344.0 810.0 0.129726 10670.274 
775.0 898.0 0.0524392000002 10747.5608 
470.0 762.0 0.130358000002 10669.642 
170.0 533.0 0.841086080022 9958.91391998 
721.0 806.0 0.0633360000009 10736.664 
545.0 601.0 0.854658560021 9945.34143998 
645.0 423.0 0.841086080022 9958.91391998 
364.0 504.0 0.497194000006 10302.806 
417.0 143.0 0.841086080022 9958.91391998 
646.0 841.0 0.151392000003 10648.608 
443.0 395.0 0.194080000004 10605.92 
323.0 835.0 0.0574212800009 10742.57872 
408.0 521.0 0.590402320008 10209.59768 
592.0 831.0 0.271105600004 10528.8944 
552.0 382.0 0.271105600004 10528.8944 
379.0 653.0 0.122156800003 10677.8432 
599.0 523.0 0.0863260400018 10713.67396 
567.0 867.0 0.114424480002 10685.57552 
329.0 351.0 0.04242784 10757.57216 
611.0 882.0 0.131505680002 10668.49432 
532.0 493.0 1.01394792002 9786.05207998 
433.0 298.0 0.117355040003 10682.64496 
440.0 867.0 0.082288640001 10717.71136 
300.0 777.0 0.0322400000008 10767.76 
641.0 689.0 0.45293400001 10347.066 
319.0 576.0 0.0226890400002 10777.31096 
525.0 604.0 0.530637600014 10269.3624 
443.0 635.0 0.315743680006 10484.25632 
125.0 598.0 0.271105600004 10528.8944 
426.0 789.0 0.271105600004 10528.8944 
303.0 928.0 0.03435768 10765.64232 
460.0 276.0 0.484815600003 10315.1844 
756.0 697.0 0.271105600004 10528.8944 
211.0 351.0 0.271105600004 10528.8944 
603.0 771.0 0.257127120006 10542.87288 
