500.0 500.0
502.0 381.0 0.337713600009 10462.2864 
446.0 441.0 0.456256000011 10343.744 
594.0 485.0 0.62848820001 10171.5118 
468.0 423.0 1.34583296002 9454.16703998 
485.0 373.0 0.982304520014 9817.69547999 
482.0 473.0 1.22581088002 9574.18911998 
536.0 569.0 0.351958400008 10448.0416 
469.0 375.0 0.528985600012 10271.0144 
497.0 568.0 0.200667600004 10599.3324 
539.0 404.0 0.562218880013 10237.78112 
522.0 576.0 0.330530520007 10469.46948 
545.0 483.0 1.30973504002 9490.26495998 
529.0 493.0 1.46776400003 9332.23599997 
435.0 445.0 0.599728560014 10200.27144 
554.0 422.0 0.44729540001 10352.7046 
633.0 532.0 0.238175000005 10561.825 
639.0 625.0 0.292353360004 10507.64664 
437.0 444.0 0.42879536001 10371.20464 
592.0 511.0 0.682451520014 10117.54848 
740.0 593.0 0.096670200002 10703.3298 
648.0 519.0 0.156808000002 10643.192 
533.0 522.0 0.720078200018 10079.9218 
504.0 444.0 1.18818160003 9611.81839997 
436.0 439.0 0.654879040015 10145.12096 
665.0 420.0 0.269524240005 10530.47576 
426.0 604.0 0.0164000000004 10783.6 
469.0 395.0 0.679003600015 10120.9964 
513.0 446.0 1.37237440003 9427.62559997 
577.0 510.0 0.834871440017 9965.12855998 
744.0 563.0 0.145150400002 10654.8496 
727.0 557.0 0.116388600003 10683.6114 
342.0 502.0 0.834871440017 9965.12855998
534.0 444.0 1.56421224003 9235.78775997 
396.0 696.0 0.169916000002 10630.084 
457.0 379.0 0.324094800007 10475.9052 
530.0 522.0 0.780747520015 10019.25248 
678.0 449.0 0.311804400006 10488.1956 
343.0 343.0 0.0799200000021 10720.08 
542.0 327.0 0.149633080002 10650.36692 
630.0 566.0 0.446582400006 10353.4176 
447.0 312.0 0.215255200005 10584.7448 
495.0 671.0 0.834871440017 9965.12855998 
589.0 670.0 0.0346800000009 10765.32 
568.0 350.0 0.133747760002 10666.25224 
544.0 377.0 0.480011360011 10319.98864 
485.0 281.0 0.347958720006 10452.04128 
246.0 407.0 0.05878564 10741.21436 
328.0 321.0 0.160503280003 10639.49672 
581.0 484.0 0.565297560014 10234.70244 
419.0 657.0 0.0636800000017 10736.32 
512.0 771.0 0.0685200000018 10731.48 
376.0 588.0 0.0533984000002 10746.6016 
434.0 515.0 0.0736448000013 10726.3552 
672.0 634.0 0.0758016000015 10724.1984 
340.0 403.0 0.0329200000009 10767.08 
573.0 580.0 0.383381040006 10416.61896 
771.0 524.0 0.180407600001 10619.5924 
692.0 437.0 0.442883080003 10357.11692 
420.0 715.0 0.108832400001 10691.1676 
537.0 373.0 0.343222960008 10456.77704 
345.0 755.0 0.0464483200006 10753.55168 
300.0 641.0 0.834871440017 9965.12855998 
590.0 713.0 0.0987779999999 10701.222 
633.0 441.0 0.637208200007 10162.7918 
484.0 544.0 0.176493280003 10623.50672 
326.0 217.0 0.171280800003 10628.7192 
495.0 249.0 0.234540160003 10565.45984 
578.0 522.0 0.909600880021 9890.39911998 
315.0 398.0 0.0355060000006 10764.494 
202.0 479.0 0.834871440017 9965.12855998 
675.0 470.0 0.342729080006 10457.27092 
330.0 265.0 0.360043200003 10439.9568 
620.0 448.0 0.521199000007 10278.801 
589.0 311.0 0.0322000000008 10767.8 
496.0 515.0 0.795929840021 10004.07016 
610.0 535.0 0.42395536001 10376.04464 
283.0 232.0 0.121457680002 10678.54232 
644.0 288.0 0.0809418400004 10719.05816 
304.0 391.0 0.0476592000007 10752.3408 
470.0 162.0 0.170759000002 10629.241 
574.0 425.0 0.586553040009 10213.44696 
647.0 724.0 0.101553600001 10698.4464 
508.0 413.0 1.11017000002 9689.82999998 
257.0 453.0 0.0493600000013 10750.64 
338.0 230.0 0.0324400000009 10767.56 
608.0 512.0 0.380971200009 10419.0288 
492.0 382.0 0.591145640015 10208.85436 
821.0 552.0 0.113825280001 10686.17472 
561.0 467.0 1.14826400003 9651.73599997 
571.0 772.0 0.06657904 10733.42096 
718.0 535.0 0.114760000003 10685.24 
466.0 215.0 0.216516360002 10583.48364 
248.0 821.0 0.834871440017 9965.12855998 
645.0 646.0 0.0633648800015 10736.63512 
480.0 828.0 0.110217200001 10689.7828 
471.0 773.0 0.0903152000006 10709.6848 
698.0 440.0 0.145135240003 10654.86476 
217.0 424.0 0.0525850800002 10747.41492 
529.0 460.0 1.11577836002 9684.22163998 
637.0 296.0 0.0651509600006 10734.84904 
462.0 523.0 0.132206840002 10667.79316 
552.0 551.0 0.57582800001 10224.172 
714.0 402.0 0.170310120003 10629.68988 
758.0 337.0 0.834871440017 9965.12855998 
355.0 737.0 0.187029520001 10612.97048 
529.0 385.0 0.689976400012 10110.0236 
153.0 546.0 0.699359200005 10100.6408 
779.0 515.0 0.115557920001 10684.44208 
602.0 424.0 0.240243200005 10559.7568 
485.0 124.0 0.0669975200008 10733.00248 
595.0 557.0 0.441886400011 10358.1136 
411.0 382.0 0.0980572400006 10701.94276 
547.0 146.0 0.441886400011 10358.1136 
745.0 531.0 0.086426200002 10713.5738 
757.0 423.0 0.0950888000014 10704.9112 
168.0 892.0 0.441886400011 10358.1136 
484.0 453.0 0.665584600014 10134.4154 
268.0 555.0 0.441886400011 10358.1136 
744.0 418.0 0.171224400003 10628.7756 
464.0 785.0 0.0698400000008 10730.16 
318.0 162.0 0.089576880001 10710.42312 
471.0 315.0 0.699359200005 10100.6408 
734.0 272.0 0.699359200005 10100.6408 
502.0 243.0 0.0478800000013 10752.12 
227.0 408.0 0.0696980000006 10730.302 
