500.0 500.0
532.0 463.0 0.515460840012 10284.53916 
445.0 505.0 0.950060000009 9849.93999999 
508.0 539.0 0.441983000011 10358.017 
369.0 586.0 0.441983000011 10358.017
576.0 531.0 0.446860800008 10353.1392 
616.0 571.0 0.0963280000006 10703.672 
675.0 556.0 0.441983000011 10358.017
663.0 648.0 0.0872124000012 10712.7876 
450.0 449.0 0.536750160012 10263.24984 
481.0 473.0 0.846638400009 9953.36159999 
554.0 614.0 1.03336000001 9766.63999999 
337.0 484.0 0.549042880007 10250.95712 
750.0 727.0 0.0671200000018 10732.88 
592.0 667.0 0.674483520005 10125.51648 
766.0 572.0 0.441983000011 10358.017 
762.0 785.0 0.319136960003 10480.86304 
530.0 512.0 0.641712000012 10158.288 
550.0 434.0 0.116776800002 10683.2232 
285.0 641.0 0.441983000011 10358.017 
773.0 465.0 0.0268255999998 10773.1744 
385.0 482.0 0.50434020001 10295.6598 
559.0 418.0 0.131323720002 10668.67628 
414.0 550.0 0.100120000003 10699.88 
456.0 606.0 0.192319320005 10607.68068 
866.0 477.0 0.441983000011 10358.017 
403.0 449.0 0.378424600006 10421.5754 
445.0 425.0 0.372242280009 10427.75772 
549.0 483.0 0.270866000004 10529.134 
861.0 613.0 0.441983000011 10358.017 
680.0 742.0 0.0783540000009 10721.646 
387.0 689.0 0.0477455999998 10752.2544 
942.0 528.0 0.270866000004 10529.134 
182.0 667.0 0.0712860000001 10728.714 
436.0 710.0 0.0162400000004 10783.76 
546.0 698.0 0.582673720006 10217.32628 
986.0 522.0 0.582673720006 10800.0
482.0 437.0 0.521865920011 10278.13408 
819.0 719.0 0.270866000004 10529.134 
417.0 423.0 0.331299520008 10468.70048 
481.0 629.0 0.231390400005 10568.6096 
214.0 708.0 0.0172000000004 10782.8 
251.0 805.0 0.270866000004 10529.134 
305.0 518.0 0.270866000004 10529.134 
284.0 882.0 0.0309200000008 10769.08 
164.0 817.0 0.270866000004 10529.134 
701.0 645.0 0.270866000004 10529.134 
530.0 494.0 0.642188800016 10157.8112 
289.0 704.0 0.0173200000005 10782.68 
288.0 554.0 0.215287600004 10584.7124 
387.0 394.0 0.126224760001 10673.77524 
201.0 894.0 0.270866000004 10529.134 
590.0 513.0 0.0840516400011 10715.94836 
262.0 921.0 0.0866372000008 10713.3628 
608.0 621.0 0.928068400009 9871.93159999 
209.0 968.0 0.928068400009 9871.93159999 
447.0 617.0 0.204794400005 10595.2056 
627.0 837.0 0.0168800000004 10783.12 
543.0 776.0 0.126356160002 10673.64384 
355.0 482.0 0.243823800005 10556.1762 
857.0 776.0 0.133455360001 10666.54464 
600.0 343.0 0.0491200000013 10750.88 
485.0 425.0 0.463380800011 10336.6192 
467.0 441.0 0.622731200014 10177.2688 
818.0 405.0 0.928068400009 9871.93159999
808.0 807.0 0.256372000002 10543.628 
577.0 747.0 0.385133200004 10414.8668 
533.0 480.0 0.652333880016 10147.66612 
509.0 431.0 0.567864320011 10232.13568 
279.0 725.0 0.0180301199998 10781.96988 
615.0 879.0 0.0406470400002 10759.35296 
144.0 924.0 0.652333880016 10147.66612 
673.0 277.0 0.652333880016 10147.66612 
612.0 955.0 0.05173376 10748.26624 
530.0 820.0 0.652333880016 10147.66612 
475.0 387.0 0.177935360003 10622.06464 
708.0 396.0 0.177935360003 10622.06464 
161.0 567.0 0.104748000001 10695.252 
363.0 746.0 0.177935360003 10622.06464 
417.0 467.0 0.806270080007 9993.72991999 
739.0 463.0 0.0161600000004 10783.84 
620.0 642.0 0.314428320006 10485.57168 
185.0 581.0 0.0775029600013 10722.49704 
935.0 817.0 0.177935360003 10622.06464 
361.0 647.0 0.0162400000004 10783.76 
568.0 737.0 0.263484400005 10536.5156 
525.0 565.0 1.06239736001 9737.60263999 
512.0 719.0 0.0328800000009 10767.12 
576.0 701.0 0.344886400008 10455.1136 
643.0 311.0 0.0559918000002 10744.0082 
190.0 466.0 0.177935360003 10622.06464 
633.0 751.0 0.182210080002 10617.78992 
612.0 347.0 0.0372632000011 10762.7368 
306.0 542.0 0.148558160003 10651.44184 
281.0 508.0 0.182893120004 10617.10688 
618.0 456.0 0.177935360003 10622.06464 
259.0 579.0 0.0643305600007 10735.66944 
842.0 291.0 1.06239736001 9737.60263999 
534.0 486.0 0.41561200001 10384.388 
565.0 935.0 0.0166400000004 10783.36 
162.0 642.0 0.0649043200005 10735.09568 
429.0 628.0 0.225404320005 10574.59568 
896.0 233.0 1.06239736001 9737.60263999 
79.0 787.0 1.06239736001 9737.60263999 
575.0 609.0 0.196640000005 10603.36 
364.0 873.0 0.196640000005 10603.36
200.0 462.0 0.196640000005 10603.36 
612.0 324.0 0.0487782000011 10751.2218 
902.0 123.0 0.0422600000001 10757.74 
470.0 659.0 0.137957600002 10662.0424 
911.0 166.0 0.0553760000002 10744.624 
124.0 448.0 0.446094520004 10353.90548 
454.0 589.0 0.446094520004 10353.90548 
640.0 646.0 0.378564400009 10421.4356 
198.0 608.0 0.0644400000017 10735.56 
740.0 644.0 0.446094520004 10353.90548 
547.0 303.0 0.446094520004 10353.90548 
318.0 928.0 0.446094520004 10353.90548 
859.0 778.0 0.446094520004 10353.90548 
96.0 574.0 0.446094520004 10353.90548 
155.0 560.0 0.0782514800014 10721.74852 
266.0 516.0 0.196280000004 10603.72 
77.0 948.0 0.196280000004 10603.72 
322.0 343.0 0.196280000004 10603.72 
876.0 141.0 0.0335600000009 10766.44 
557.0 431.0 0.190913760003 10609.08624 
