500.0 500.0
495.0 413.0 0.400157280009 10399.84272 
577.0 356.0 0.189373560004 10610.62644 
542.0 345.0 0.194165080003 10605.83492 
442.0 494.0 0.339160000008 10460.84 
560.0 532.0 0.463756600011 10336.2434 
565.0 428.0 0.836352000022 9963.64799998 
382.0 408.0 0.190742400004 10609.2576 
610.0 445.0 1.10582408002 9694.17591998 
424.0 444.0 0.858795840017 9941.20415998 
285.0 404.0 0.258470760006 10541.52924 
417.0 541.0 1.70862880002 9091.37119998 
426.0 609.0 0.242195200003 10557.8048 
620.0 402.0 0.288086880006 10511.91312 
420.0 591.0 0.327227000008 10472.773 
389.0 520.0 0.640648800014 10159.3512 
530.0 571.0 0.640648800014 10159.3512 
311.0 536.0 0.826840440016 9973.15955998 
300.0 445.0 0.563764000006 10236.236 
375.0 476.0 0.111537600002 10688.4624 
317.0 520.0 0.772158240006 10027.84176 
402.0 453.0 0.546824720013 10253.17528 
507.0 453.0 1.25406904003 9545.93095997 
663.0 483.0 0.175032200003 10624.9678 
384.0 514.0 0.358325600008 10441.6744 
494.0 296.0 0.164007000001 10635.993 
345.0 567.0 0.550188160009 10249.81184 
667.0 442.0 0.163729000003 10636.271 
272.0 435.0 0.359919400007 10440.0806 
579.0 403.0 0.587749240014 10212.25076 
300.0 515.0 0.324869600008 10475.1304 
287.0 418.0 0.248966600006 10551.0334 
518.0 450.0 1.16830464003 9631.69535997 
389.0 417.0 0.185675280004 10614.32472 
391.0 704.0 0.640648800014 10159.3512 
444.0 414.0 0.353851840008 10446.14816 
591.0 456.0 1.00262240002 9797.37759998 
665.0 432.0 0.322426400007 10477.5736 
677.0 436.0 0.210432800004 10589.5672 
553.0 432.0 2.26029304002 8539.70695998 
421.0 429.0 0.339030000008 10460.97 
631.0 632.0 0.0166800000004 10783.32 
364.0 558.0 1.21150928001 9588.49071999 
486.0 294.0 0.0878380800024 10712.16192 
615.0 509.0 0.296775200003 10503.2248 
406.0 431.0 0.147682680004 10652.31732 
214.0 481.0 0.161102760003 10638.89724 
511.0 395.0 0.570208720011 10229.79128 
385.0 598.0 0.43273240001 10367.2676 
277.0 423.0 0.171931120004 10628.06888 
588.0 407.0 0.968152000024 9831.84799998 
443.0 488.0 2.29079544002 8509.20455998 
168.0 590.0 0.3357118 10464.2882 
561.0 376.0 0.760516000018 10039.484 
244.0 590.0 0.760516000018 10039.484 
630.0 517.0 0.0883595600014 10711.64044 
128.0 612.0 0.213131840003 10586.86816 
627.0 439.0 0.376200000009 10423.8 
445.0 532.0 0.998230400013 9801.76959999 
171.0 601.0 0.178442480004 10621.55752 
118.0 562.0 0.188775360003 10611.22464 
529.0 672.0 0.0802473200013 10719.75268 
34.0 652.0 0.760516000018 10039.484 
252.0 526.0 0.246274120003 10553.72588 
430.0 524.0 0.325443600008 10474.5564 
707.0 355.0 0.0306400000008 10769.36 
53.0 553.0 0.760516000018 10039.484 
239.0 366.0 0.112620800001 10687.3792 
296.0 369.0 0.127813400002 10672.1866 
534.0 483.0 1.33004180001 9469.95819999 
647.0 433.0 0.218692000006 10581.308 
448.0 384.0 0.141174000002 10658.826 
314.0 414.0 0.212280000006 10587.72 
50.0 763.0 0.760516000018 10039.484 
153.0 311.0 0.188932640004 10611.06736 
550.0 354.0 0.188932640004 10611.06736 
150.0 558.0 0.139665280003 10660.33472 
748.0 535.0 0.188932640004 10611.06736 
317.0 311.0 0.0321600000008 10767.84 
619.0 276.0 0.0446427200002 10755.35728 
730.0 385.0 0.074704560001 10725.29544 
466.0 446.0 0.909525600022 9890.47439998 
472.0 325.0 0.0639600000017 10736.04 
437.0 553.0 0.546691200012 10253.3088 
400.0 272.0 0.546691200012 10253.3088 
622.0 443.0 0.742819440015 10057.18056 
498.0 636.0 0.0766023200009 10723.39768 
458.0 263.0 0.139590400003 10660.4096 
308.0 501.0 0.371422080006 10428.57792 
448.0 199.0 0.371422080006 10428.57792 
502.0 761.0 0.371422080006 10428.57792 
121.0 432.0 0.0163200000004 10783.68 
659.0 638.0 0.0220175999997 10777.9824 
204.0 449.0 0.140079560002 10659.92044 
387.0 188.0 0.140079560002 10659.92044 
301.0 266.0 0.0453859200001 10754.61408 
725.0 420.0 0.0167200000004 10783.28 
200.0 631.0 0.111360000003 10688.64 
307.0 404.0 0.108179760003 10691.82024 
616.0 311.0 0.0328400000009 10767.16 
755.0 702.0 0.140079560002 10659.92044 
207.0 646.0 0.0277568800005 10772.24312 
436.0 558.0 0.520220440012 10279.77956 
244.0 488.0 0.293939720005 10506.06028 
211.0 432.0 0.123033000003 10676.967 
289.0 308.0 0.0204811199997 10779.51888 
559.0 382.0 0.412761280008 10387.23872 
459.0 393.0 0.202748240004 10597.25176 
112.0 643.0 0.062292400001 10737.7076 
618.0 430.0 0.567173560012 10232.82644 
591.0 279.0 0.0520972400005 10747.90276 
203.0 400.0 0.133869360002 10666.13064 
102.0 359.0 0.140079560002 10659.92044 
801.0 653.0 0.140079560002 10659.92044 
472.0 452.0 1.14850016002 9651.49983998 
502.0 408.0 0.680304000017 10119.696 
650.0 412.0 0.300652040007 10499.34796 
489.0 269.0 0.0999167200023 10700.08328 
83.0 468.0 0.0528768000001 10747.1232 
554.0 343.0 0.115374640002 10684.62536 
243.0 433.0 0.403415600006 10396.5844 
854.0 706.0 0.403415600006 10396.5844 
122.0 841.0 0.403415600006 10396.5844
471.0 613.0 0.0842400000022 10715.76 
781.0 395.0 0.0805756000007 10719.4244 
753.0 446.0 0.0327712000002 10767.2288 
