500.0 500.0
548.0 396.0 1.63810564004 9161.89435996 
558.0 303.0 0.444761280011 10355.23872 
612.0 229.0 0.459777600006 10340.2224 
551.0 542.0 0.130783200002 10669.2168 
599.0 342.0 0.150497600003 10649.5024 
576.0 262.0 0.740326440008 10059.67356 
693.0 204.0 0.454077200009 10345.9228 
507.0 337.0 0.658401600016 10141.5984 
501.0 397.0 1.35477820003 9445.22179997 
602.0 493.0 0.210871360004 10589.12864 
580.0 429.0 1.05162480002 9748.37519998 
525.0 346.0 1.63465308002 9165.34691998 
482.0 443.0 2.34768368003 8452.31631997 
457.0 292.0 0.147912000003 10652.088 
514.0 323.0 0.685654200015 10114.3458 
496.0 403.0 1.87106024004 8928.93975996 
419.0 416.0 0.122372600003 10677.6274 
456.0 318.0 0.234336560005 10565.66344 
618.0 178.0 0.166822400003 10633.1776 
565.0 265.0 0.224137800005 10575.8622 
478.0 223.0 0.0337200000009 10766.28 
780.0 190.0 0.155931840003 10644.06816 
661.0 170.0 0.171428800004 10628.5712 
669.0 402.0 0.244748000005 10555.252 
702.0 91.0 0.0319600000008 10768.04 
560.0 398.0 1.01453056002 9785.46943998 
602.0 462.0 0.418594160011 10381.40584 
612.0 376.0 0.212388240004 10587.61176 
720.0 312.0 0.0423519200001 10757.64808 
517.0 288.0 0.579050880014 10220.94912 
478.0 473.0 1.37924572003 9420.75427997 
335.0 354.0 0.129480000003 10670.52 
504.0 402.0 2.54928000004 8250.71999996 
664.0 432.0 0.152732000002 10647.268 
333.0 295.0 0.300008400002 10499.9916 
685.0 284.0 0.198080000005 10601.92 
609.0 445.0 0.570712080008 10229.28792 
306.0 403.0 0.570712080008 10229.28792  
448.0 287.0 0.145250800002 10654.7492 
640.0 16.0 0.145250800002 10654.7492 
540.0 594.0 0.0358453200001 10764.15468 
748.0 372.0 0.145250800002 10654.7492 
747.0 457.0 0.219240760002 10580.75924 
572.0 417.0 0.913526160022 9886.47383998 
226.0 373.0 0.103503520002 10696.49648 
424.0 600.0 0.0158000000004 10784.2 
653.0 212.0 0.521214000013 10278.786 
144.0 401.0 0.111274000002 10688.726 
258.0 345.0 0.185053760002 10614.94624 
500.0 587.0 0.0810800000021 10718.92 
796.0 231.0 0.285494320002 10514.50568 
577.0 273.0 0.42021980001 10379.7802 
400.0 683.0 0.42021980001 10379.7802 
589.0 122.0 0.0150400000004 10784.96 
682.0 196.0 0.378983040009 10421.01696 
476.0 444.0 3.25047808003 7549.52191997 
514.0 511.0 0.767691520019 10032.30848 
489.0 402.0 1.09184800003 9708.15199997 
292.0 335.0 0.2279284 10572.0716 
888.0 144.0 0.0805200000021 10719.48 
498.0 634.0 0.119039320001 10680.96068 
789.0 73.0 0.085432240001 10714.56776 
434.0 519.0 0.42021980001 10379.7802 
372.0 301.0 0.114480000003 10685.52 
855.0 499.0 0.136748960003 10663.25104 
737.0 68.0 0.0885978400002 10711.40216 
875.0 485.0 0.0324800000009 10767.52 
878.0 604.0 0.0310464000001 10768.9536 
300.0 238.0 0.188825000004 10611.175 
933.0 156.0 0.105128800002 10694.8712 
566.0 517.0 0.273422400003 10526.5776 
473.0 286.0 0.185766000003 10614.234 
570.0 303.0 0.483700800009 10316.2992 
562.0 357.0 0.845522600018 9954.47739998 
852.0 632.0 0.0158400000004 10784.16 
683.0 185.0 0.396610960009 10403.38904 
660.0 450.0 0.65524464001 10144.75536 
356.0 211.0 0.0306800000008 10769.32 
438.0 436.0 1.24851324003 9551.48675997 
512.0 289.0 0.596272240014 10203.72776 
262.0 188.0 0.0740744000006 10725.9256 
602.0 200.0 0.246062000005 10553.938 
679.0 444.0 0.228399040005 10571.60096 
575.0 472.0 0.629798080012 10170.20192 
784.0 564.0 0.225980320003 10574.01968 
308.0 206.0 0.140109520002 10659.89048 
585.0 382.0 0.212738200004 10587.2618 
971.0 110.0 0.42021980001 10379.7802 
614.0 358.0 0.167033800003 10632.9662 
706.0 417.0 0.438850600005 10361.1494 
690.0 238.0 0.658989200004 10141.0108 
843.0 511.0 0.400810640003 10399.18936 
537.0 440.0 2.25910624003 8540.89375997 
569.0 257.0 0.411658000009 10388.342 
484.0 639.0 0.0865296000007 10713.4704 
184.0 426.0 0.147598 10652.402 
479.0 172.0 0.0696221600003 10730.37784 
962.0 570.0 0.42021980001 10379.7802 
187.0 199.0 0.0432730000001 10756.727 
753.0 533.0 0.281373920002 10518.62608 
231.0 216.0 0.0158800000004 10784.12 
888.0 449.0 0.132430280002 10667.56972 
512.0 216.0 0.0454512000004 10754.5488 
620.0 472.0 0.637815000014 10162.185 
314.0 626.0 0.637815000014 10162.185 
142.0 391.0 0.122102240002 10677.89776 
888.0 477.0 0.0985250800021 10701.47492 
732.0 173.0 0.294373200006 10505.6268 
885.0 123.0 0.111512000002 10688.488 
661.0 477.0 0.219700800004 10580.2992 
731.0 516.0 0.131040000003 10668.96 
474.0 679.0 0.0976362000014 10702.3638 
240.0 670.0 0.637815000014 10162.185 
414.0 428.0 0.120375200002 10679.6248 
434.0 632.0 0.0414192000003 10758.5808 
741.0 218.0 0.563486760009 10236.51324 
858.0 72.0 0.149247200002 10650.7528 
506.0 493.0 1.36699000002 9433.00999998 
962.0 209.0 0.014874 10785.126 
999.0 173.0 0.065246 10734.754 
660.0 149.0 0.204897200003 10595.1028 
293.0 244.0 0.162766400003 10637.2336 
197.0 575.0 0.162766400003 10637.2336 
757.0 157.0 0.0718446000012 10728.1554 
325.0 241.0 0.342736000004 10457.264 
975.0 671.0 0.342736000004 10457.264 
632.0 106.0 0.0777603200006 10722.23968 
794.0 542.0 0.382244000007 10417.756 
219.0 451.0 0.0802400000021 10719.76 
335.0 268.0 0.231496320002 10568.50368 
505.0 627.0 0.0677650000005 10732.235 
171.0 486.0 0.064987600001 10735.0124 
878.0 105.0 0.117099560002 10682.90044 
507.0 369.0 1.03849552002 9761.50447998 
415.0 427.0 0.119888000003 10680.112 
946.0 196.0 0.0482800000013 10751.72 
508.0 357.0 0.614328000015 10185.672 
532.0 288.0 0.507508480012 10292.49152 
213.0 317.0 0.120329400002 10679.6706 
533.0 300.0 0.880667200014 9919.33279999 
900.0 107.0 0.113663600003 10686.3364 
976.0 509.0 0.342736000004 10457.264 
819.0 209.0 0.0918368400022 10708.16316 
210.0 498.0 0.103492400001 10696.5076 
810.0 513.0 0.159014160002 10640.98584 
133.0 287.0 0.342736000004 10457.264 
769.0 429.0 0.0772972800012 10722.70272 
471.0 328.0 0.676663560014 10123.33644 
266.0 97.0 0.342736000004 10457.264
761.0 434.0 0.178535680003 10621.46432 
