500.0 500.0
452.0 553.0 0.921397000022 9878.60299998 
435.0 670.0 0.741165800012 10058.8342 
476.0 595.0 0.986629000024 9813.37099998 
479.0 513.0 1.46725240004 9332.74759996 
493.0 671.0 0.452059400006 10347.9406 
493.0 479.0 1.42734800004 9372.65199996 
452.0 490.0 1.45107040004 9348.92959996 
441.0 532.0 0.99399056002 9806.00943998 
354.0 644.0 0.120091600002 10679.9084 
486.0 478.0 1.51577920004 9284.22079996 
497.0 568.0 1.51343280003 9286.56719997 
403.0 592.0 0.518014560012 10281.98544 
524.0 523.0 1.17241940003 9627.58059997 
391.0 504.0 0.43851168001 10361.48832 
449.0 609.0 0.374048800008 10425.9512 
475.0 539.0 1.34685984003 9453.14015997 
434.0 569.0 0.657711120015 10142.28888 
489.0 597.0 0.84870160002 9951.29839998 
425.0 477.0 0.70474640001 10095.2536 
512.0 556.0 1.68560080004 9114.39919996 
432.0 745.0 0.142931200002 10657.0688 
505.0 524.0 1.75915292004 9040.84707996 
490.0 399.0 0.135123800003 10664.8762 
426.0 458.0 0.613736240015 10186.26376 
342.0 619.0 0.045744960001 10754.25504 
405.0 593.0 0.553709200013 10246.2908 
464.0 572.0 1.12852832002 9671.47167998 
524.0 675.0 0.211296000004 10588.704 
509.0 768.0 0.0868360400016 10713.16396 
413.0 635.0 0.468921680011 10331.07832 
393.0 479.0 0.42450176001 10375.49824 
391.0 541.0 0.523006280013 10276.99372 
586.0 623.0 0.0205176000002 10779.4824 
420.0 492.0 0.894630200015 9905.36979998 
582.0 596.0 0.0648800000017 10735.12 
486.0 522.0 1.59829840004 9201.70159996 
434.0 605.0 0.714800480015 10085.19952 
477.0 478.0 1.72534376004 9074.65623996 
495.0 479.0 1.11477432003 9685.22567997 
520.0 595.0 0.361127600008 10438.8724 
374.0 502.0 0.370176000009 10429.824 
698.0 580.0 0.112698600001 10687.3014 
460.0 613.0 0.935385520022 9864.61447998 
719.0 566.0 0.117132600001 10682.8674 
416.0 535.0 0.783930000014 10016.07 
627.0 576.0 0.174010000001 10625.99 
637.0 484.0 0.257977400006 10542.0226 
385.0 538.0 0.354281680007 10445.71832 
400.0 383.0 0.354281680007 10445.71832 
709.0 509.0 0.141857200002 10658.1428 
382.0 499.0 0.40778096001 10392.21904 
444.0 612.0 1.14588424002 9654.11575998 
382.0 495.0 0.326494160008 10473.50584 
385.0 443.0 0.198303360004 10601.69664 
593.0 795.0 0.0328800000009 10767.12 
565.0 471.0 1.54464800001 9255.35199999 
363.0 503.0 0.429668000007 10370.332 
707.0 683.0 0.354281680007 10445.71832 
553.0 394.0 0.159145360004 10640.85464 
303.0 589.0 0.0444350000006 10755.565 
415.0 625.0 0.582300280011 10217.69972 
457.0 555.0 1.67585524003 9124.14475997 
611.0 489.0 0.85312960001 9946.87039999 
307.0 482.0 0.127173480002 10672.82652 
610.0 805.0 0.0149707600001 10785.02924 
473.0 458.0 0.654766880016 10145.23312 
782.0 567.0 0.0326000000009 10767.4 
668.0 502.0 0.466745920008 10333.25408 
214.0 461.0 0.466745920008 10333.25408 
641.0 433.0 0.235334280002 10564.66572 
285.0 694.0 0.455467440006 10344.53256 
256.0 603.0 0.235334280002 10564.66572 
340.0 705.0 0.128922200003 10671.0778 
459.0 422.0 0.343651200007 10456.3488 
608.0 344.0 0.235334280002 10564.66572 
647.0 513.0 0.359909600007 10440.0904 
795.0 487.0 0.0127670399997 10787.23296 
466.0 687.0 0.249490000006 10550.51 
300.0 760.0 0.0627840800011 10737.21592 
493.0 516.0 1.78069020004 9019.30979996 
681.0 393.0 0.113984000001 10686.016 
333.0 604.0 0.0488800000013 10751.12 
405.0 621.0 0.50390520001 10296.0948 
717.0 847.0 0.235334280002 10564.66572 
566.0 455.0 0.534326200014 10265.6738 
352.0 441.0 0.107930000001 10692.07 
489.0 525.0 1.92161536005 8878.38463995 
342.0 691.0 0.337309640003 10462.69036 
583.0 446.0 0.341883920008 10458.11608 
169.0 578.0 0.112209560002 10687.79044 
245.0 663.0 0.195841760002 10604.15824 
216.0 527.0 1.78069020004 9019.30979996
470.0 284.0 0.0158800000004 10784.12 
457.0 446.0 0.638414600016 10161.5854 
489.0 606.0 0.524611840013 10275.38816 
627.0 798.0 0.0267066 10773.2934 
695.0 423.0 0.114168000002 10685.832 
423.0 636.0 0.379207440009 10420.79256 
324.0 820.0 1.78069020004 9019.30979996 
120.0 572.0 0.190031880003 10609.96812 
580.0 507.0 0.390203040008 10409.79696 
313.0 727.0 0.300184840006 10499.81516 
558.0 527.0 1.58053008001 9219.46991999 
482.0 784.0 0.113972000001 10686.028 
466.0 425.0 0.388375960008 10411.62404 
119.0 575.0 0.164556960003 10635.44304 
390.0 843.0 1.78069020004 9019.30979996 
376.0 907.0 1.78069020004 9019.30979996 
642.0 717.0 0.734566000008 10065.434 
271.0 963.0 0.0296742000002 10770.3258 
514.0 625.0 0.734566000008 10065.434 
501.0 421.0 0.598947840007 10201.05216 
376.0 712.0 0.147600000004 10652.4 
491.0 603.0 0.678383040017 10121.61696 
475.0 361.0 0.102232440002 10697.76756 
647.0 456.0 0.279215640004 10520.78436 
661.0 624.0 0.193382400002 10606.6176 
310.0 488.0 0.122445760002 10677.55424 
626.0 271.0 0.122445760002 10677.55424 
412.0 531.0 0.856159960021 9943.84003998 
494.0 507.0 1.33616780003 9463.83219997 
563.0 430.0 0.470130400011 10329.8696 
231.0 714.0 0.158048640003 10641.95136 
197.0 648.0 0.0826837200011 10717.31628 
268.0 927.0 0.0164400000004 10783.56 
648.0 243.0 0.470130400011 10329.8696 
858.0 589.0 0.0724208000006 10727.5792 
531.0 373.0 0.193568000004 10606.432 
508.0 389.0 0.189538360004 10610.46164 
461.0 249.0 0.0286792799999 10771.32072 
405.0 756.0 0.173017440003 10626.98256 
295.0 359.0 0.173017440003 10626.98256 
410.0 768.0 0.0730337200017 10726.96628 
951.0 593.0 0.173017440003 10626.98256 
93.0 536.0 0.0892820000015 10710.718 
393.0 272.0 0.0164800000004 10783.52 
378.0 243.0 0.02580768 10774.19232 
446.0 717.0 0.385249200005 10414.7508 
783.0 477.0 0.0171600000004 10782.84 
814.0 591.0 0.0847800000011 10715.22 
244.0 327.0 0.65613260001 10143.8674 
558.0 427.0 0.65613260001 10143.8674 
161.0 360.0 0.65613260001 10143.8674
531.0 159.0 1.33616780003 9463.83219997 
484.0 879.0 0.212014440004 10587.98556 
411.0 666.0 0.212014440004 10587.98556 
496.0 726.0 0.345338800004 10454.6612 
506.0 192.0 0.345338800004 10454.6612
641.0 899.0 0.345338800004 10454.6612 
178.0 598.0 0.0814400000021 10718.56 
