500.0 500.0
429.0 479.0 2.62284408006 8177.15591994 
326.0 517.0 0.628863600016 10171.1364 
339.0 524.0 0.80097568002 9999.02431998 
514.0 502.0 0.166196000004 10633.804 
400.0 384.0 0.565161920013 10234.83808 
245.0 481.0 0.203816800003 10596.1832 
371.0 430.0 0.837695200022 9962.30479998 
353.0 524.0 1.11273656002 9687.26343998 
460.0 295.0 0.166414240002 10633.58576 
416.0 357.0 1.17042080002 9629.57919998 
551.0 420.0 0.836564800009 9963.43519999 
297.0 477.0 0.55640060001 10243.5994 
300.0 574.0 0.720913080012 10079.08692 
523.0 414.0 0.217865200004 10582.1348 
447.0 389.0 1.15964064003 9640.35935997 
365.0 453.0 1.13586584002 9664.13415998 
316.0 445.0 0.723612600017 10076.3874 
549.0 476.0 0.889679600011 9910.32039999 
341.0 554.0 0.910482800011 9889.51719999 
410.0 358.0 0.82145212002 9978.54787998 
525.0 543.0 0.423967840003 10376.03216 
372.0 477.0 1.32519500002 9474.80499998 
629.0 418.0 0.225053600005 10574.9464 
442.0 401.0 1.45775732002 9342.24267998 
393.0 245.0 0.43128448001 10368.71552 
373.0 261.0 0.741905200006 10058.0948 
305.0 294.0 0.132320000003 10667.68 
597.0 401.0 0.620358680009 10179.64132 
335.0 362.0 0.285910440007 10514.08956 
303.0 421.0 0.333696480008 10466.30352 
291.0 437.0 0.197686680005 10602.31332 
410.0 300.0 1.02825980001 9771.74019999 
394.0 557.0 0.882693120009 9917.30687999 
188.0 478.0 0.111702800001 10688.2972 
334.0 144.0 0.116616000002 10683.384 
399.0 302.0 0.517397040012 10282.60296 
302.0 436.0 0.358352160007 10441.64784 
334.0 415.0 0.559556200014 10240.4438 
201.0 351.0 0.0496000000013 10750.4 
308.0 391.0 0.318828680008 10481.17132 
456.0 288.0 0.0603928000014 10739.6072 
445.0 429.0 2.78983636005 8010.16363995 
235.0 501.0 0.162039840002 10637.96016 
417.0 177.0 0.0346560000003 10765.344 
479.0 609.0 0.0164000000004 10783.6 
448.0 541.0 0.251760000007 10548.24 
296.0 285.0 0.210618480005 10589.38152 
391.0 662.0 0.107042080002 10692.95792 
581.0 450.0 0.576648000013 10223.352 
272.0 480.0 0.260175800005 10539.8242 
285.0 567.0 0.526143240009 10273.85676 
590.0 362.0 0.231778800005 10568.2212 
353.0 38.0 0.0350800000009 10764.92 
268.0 584.0 0.426752640008 10373.24736 
337.0 415.0 0.826119360008 9973.88063999 
351.0 211.0 0.497560480006 10302.43952 
147.0 311.0 0.0650942400011 10734.90576 
401.0 444.0 3.07204000005 7727.95999995 
230.0 561.0 0.312996880005 10487.00312 
306.0 365.0 0.271499120005 10528.50088 
114.0 238.0 0.0590282000006 10740.9718 
156.0 347.0 0.117511360001 10682.48864 
314.0 371.0 0.258254800005 10541.7452 
449.0 474.0 4.05184880001 6748.15119999 
163.0 389.0 0.0893363200008 10710.66368 
361.0 486.0 0.562441360013 10237.55864 
301.0 281.0 0.233691200006 10566.3088 
313.0 522.0 0.87893664002 9921.06335998 
344.0 483.0 0.656656600016 10143.3434 
375.0 621.0 0.279302520002 10520.69748 
415.0 530.0 0.508170960011 10291.82904 
523.0 216.0 0.125533200002 10674.4668 
420.0 323.0 0.50464400001 10295.356 
678.0 510.0 0.146989760003 10653.01024 
205.0 222.0 0.268730400004 10531.2696 
294.0 383.0 0.340868960008 10459.13104 
638.0 508.0 0.0944400000025 10705.56 
684.0 375.0 0.0147600000004 10785.24 
550.0 458.0 0.433083840008 10366.91616 
556.0 635.0 0.0164800000004 10783.52 
213.0 228.0 0.215233400004 10584.7666 
342.0 484.0 0.77618060002 10023.8194 
336.0 204.0 0.279040960005 10520.95904 
565.0 679.0 0.0414801599998 10758.51984 
424.0 375.0 1.36594476003 9434.05523997 
330.0 524.0 0.736050000016 10063.95 
412.0 388.0 1.37238440003 9427.61559997 
575.0 497.0 0.285637960007 10514.36204 
554.0 247.0 0.0753040000019 10724.696 
594.0 566.0 0.218534400002 10581.4656 
242.0 631.0 0.0802800000021 10719.72 
636.0 616.0 0.136919600002 10663.0804 
287.0 122.0 0.143603400002 10656.3966 
737.0 436.0 0.0170800000004 10782.92 
383.0 365.0 0.372205600008 10427.7944 
564.0 255.0 0.293044800002 10506.9552 
324.0 360.0 0.307780080006 10492.21992 
219.0 177.0 0.0812077200012 10718.79228 
409.0 342.0 0.41733500001 10382.665 
661.0 462.0 0.0984632000012 10701.5368 
469.0 89.0 0.0161600000004 10783.84 
248.0 256.0 0.528354480003 10271.64552 
371.0 479.0 1.42264352003 9377.35647997 
452.0 395.0 1.13722500003 9662.77499997 
633.0 575.0 0.233754720004 10566.24528 
763.0 398.0 0.233754720004 10566.24528 
602.0 301.0 0.380746840004 10419.25316 
329.0 151.0 0.170388720003 10629.61128 
387.0 572.0 0.575829120014 10224.17088 
278.0 538.0 0.46537600001 10334.624 
657.0 529.0 0.117862080002 10682.13792 
258.0 475.0 0.148829000003 10651.171 
856.0 358.0 0.148829000003 10800.0
650.0 489.0 0.0854324800015 10714.56752 
272.0 403.0 0.154099600003 10645.9004 
640.0 462.0 0.0494800000013 10750.52 
414.0 50.0 0.233754720004 10566.24528 
408.0 353.0 0.941377600023 9858.62239998 
308.0 176.0 0.318466800003 10481.5332 
452.0 517.0 2.43605152002 8363.94847998 
402.0 544.0 1.17683844002 9623.16155998 
718.0 530.0 0.070840000001 10729.16 
168.0 228.0 0.122211000002 10677.789 
306.0 617.0 0.276376000006 10523.624 
425.0 618.0 0.142670800003 10657.3292 
413.0 664.0 0.133883680002 10666.11632 
181.0 570.0 0.0979076800016 10702.09232 
278.0 413.0 0.369317000008 10430.683 
280.0 247.0 0.255157840005 10544.84216 
669.0 317.0 0.0603536400003 10739.64636 
258.0 551.0 0.363005200009 10436.9948 
652.0 531.0 0.148405000004 10651.595 
202.0 601.0 0.117210000002 10682.79 
573.0 351.0 0.490438080007 10309.56192 
421.0 219.0 0.0152000000004 10784.8 
237.0 616.0 0.258724000002 10541.276 
410.0 579.0 0.61120544001 10188.79456 
737.0 301.0 1.17683844002 9623.16155998  
156.0 259.0 0.0160400000004 10783.96 
566.0 560.0 0.367015200004 10432.9848 
298.0 31.0 0.0805883200001 10719.41168 
308.0 519.0 0.767314000019 10032.686 
780.0 475.0 0.0660996000001 10733.9004 
519.0 61.0 0.0611494399999 10738.85056 
332.0 40.0 0.0341230000004 10765.877 
775.0 580.0 1.17683844002 9623.16155998 
103.0 369.0 1.17683844002 9623.16155998  
342.0 254.0 0.399270000009 10400.73 
685.0 542.0 0.122974000002 10677.026 
640.0 637.0 0.0478074800012 10752.19252 
