500.0 500.0
502.0 489.0 1.17831000003 9621.68999997 
553.0 461.0 1.15833460001 9641.66539999 
485.0 503.0 1.39077448004 9409.22551996 
460.0 536.0 2.45598384004 8344.01615996 
487.0 620.0 0.613275200015 10186.7248 
635.0 437.0 0.836940000015 9963.05999999 
608.0 472.0 1.26573136001 9534.26863999 
409.0 552.0 1.03152528003 9768.47471997 
531.0 462.0 0.974976200012 9825.02379999 
487.0 562.0 1.42883760003 9371.16239997 
461.0 552.0 2.19497544004 8605.02455996 
399.0 576.0 0.82916324002 9970.83675998 
418.0 610.0 0.96163400002 9838.36599998 
560.0 543.0 0.180960000005 10619.04 
463.0 471.0 1.39804280002 9401.95719998 
630.0 511.0 0.430143800011 10369.8562 
438.0 615.0 0.632892160016 10167.10784 
507.0 590.0 0.853655400021 9946.34459998 
709.0 564.0 0.449224000009 10350.776 
402.0 503.0 0.953180000018 9846.81999998 
411.0 492.0 0.689372760017 10110.62724 
369.0 581.0 0.580162880012 10219.83712 
575.0 615.0 0.0930840000011 10706.916 
351.0 519.0 0.228367200005 10571.6328 
428.0 550.0 1.22894880003 9571.05119997 
417.0 421.0 0.264030400006 10535.9696 
513.0 591.0 0.42642280001 10373.5772 
619.0 526.0 0.743316720015 10056.68328 
590.0 414.0 0.490265840008 10309.73416 
368.0 643.0 0.249884520005 10550.11548 
726.0 541.0 0.205497000004 10594.503 
593.0 402.0 0.454659000011 10345.341 
355.0 621.0 0.168946240003 10631.05376 
484.0 637.0 0.361945040008 10438.05496 
382.0 639.0 0.403692400008 10396.3076 
417.0 513.0 1.35294800003 9447.05199997 
631.0 512.0 0.317624000007 10482.376 
725.0 410.0 0.0789506400012 10721.04936 
288.0 626.0 0.0789506400012 10721.04936 
697.0 489.0 0.180705680004 10619.29432 
463.0 507.0 0.942709440019 9857.29055998 
688.0 405.0 0.172863240004 10627.13676 
604.0 558.0 0.694214560004 10105.78544 
234.0 514.0 0.105414080001 10694.58592 
514.0 558.0 1.32027680002 9479.72319998 
407.0 545.0 1.44360200003 9356.39799997 
443.0 449.0 0.379010560008 10420.98944 
696.0 586.0 0.368031200007 10431.9688 
423.0 445.0 0.585681920013 10214.31808 
562.0 360.0 0.0825052800012 10717.49472 
480.0 613.0 0.527992000011 10272.008 
411.0 594.0 0.684207840016 10115.79216 
556.0 382.0 0.159774400003 10640.2256 
493.0 572.0 1.01081240002 9789.18759998 
701.0 519.0 0.232632000005 10567.368 
432.0 522.0 0.78644000002 10013.56 
224.0 531.0 0.0754154400016 10724.58456 
712.0 572.0 0.381828920009 10418.17108 
454.0 642.0 0.497298800012 10302.7012 
670.0 548.0 0.49010260001 10309.8974 
630.0 555.0 0.465069400011 10334.9306 
274.0 477.0 0.236300880003 10563.69912 
698.0 542.0 0.323501000007 10476.499 
350.0 475.0 0.686177920004 10113.82208 
680.0 571.0 0.331221760007 10468.77824 
779.0 490.0 0.0789506400012 10721.04936 
442.0 483.0 1.61742572003 9182.57427997 
394.0 687.0 0.162041760003 10637.95824 
183.0 432.0 0.0333200000009 10766.68 
666.0 428.0 0.327791840007 10472.20816 
296.0 428.0 0.142461760003 10657.53824 
414.0 392.0 0.176712800003 10623.2872 
658.0 567.0 0.883687360014 9916.31263999 
330.0 462.0 0.260960840005 10539.03916 
776.0 406.0 0.260960840005 10539.03916 
439.0 451.0 0.498943680012 10301.05632 
521.0 609.0 0.506600000011 10293.4 
427.0 398.0 0.310763880005 10489.23612 
462.0 385.0 0.094681680001 10705.31832 
255.0 535.0 0.0674400000018 10732.56 
511.0 560.0 0.903267760022 9896.73223998 
628.0 277.0 0.0789506400012 10721.04936
452.0 667.0 0.245280000005 10554.72 
406.0 631.0 0.60145552001 10198.54448 
129.0 439.0 0.1318938 10668.1062 
319.0 447.0 0.276539600006 10523.4604 
817.0 393.0 0.260960840005 10539.03916 
301.0 715.0 0.260960840005 10539.03916 
705.0 689.0 0.0511858400004 10748.81416 
847.0 461.0 0.0170800000004 10782.92 
206.0 359.0 0.0170800000004 10782.92 
450.0 585.0 1.55181488003 9248.18511997 
412.0 349.0 0.104502320002 10695.49768 
409.0 676.0 0.293212760007 10506.78724 
312.0 432.0 0.300314240006 10499.68576 
343.0 803.0 0.300314240006 10499.68576 
474.0 634.0 0.493094000011 10306.906 
399.0 534.0 0.583099200015 10216.9008 
734.0 236.0 0.0172400000004 10782.76 
795.0 311.0 0.300314240006 10499.68576 
356.0 576.0 0.219227760005 10580.77224 
527.0 570.0 0.265576440007 10534.42356 
670.0 353.0 0.109173760001 10690.82624 
404.0 666.0 0.340364160007 10459.63584 
232.0 809.0 0.0161200000004 10783.88 
784.0 251.0 0.0555990000003 10744.401 
659.0 474.0 0.573753400011 10226.2466 
398.0 685.0 0.280832000004 10519.168 
90.0 407.0 0.0833798000012 10716.6202 
756.0 687.0 0.300314240006 10499.68576 
238.0 582.0 0.1366112 10663.3888 
765.0 543.0 0.236544120003 10563.45588 
694.0 650.0 0.0323200000009 10767.68 
876.0 411.0 0.300314240006 10499.68576 
824.0 759.0 0.300314240006 10499.68576 
435.0 608.0 0.786154040019 10013.84596 
465.0 643.0 0.513177720012 10286.82228 
133.0 379.0 0.0164400000004 10783.56 
448.0 262.0 0.300314240006 10499.68576 
360.0 554.0 0.225254800005 10574.7452 
647.0 781.0 0.225254800005 10574.7452 
418.0 891.0 0.225254800005 10574.7452 
723.0 263.0 0.300314240006 10499.68576 
813.0 305.0 0.300314240006 10499.68576 
218.0 845.0 0.0321110400003 10767.88896 
689.0 477.0 0.168793160004 10631.20684 
375.0 731.0 0.100720600001 10699.2794 
578.0 394.0 0.149952640003 10650.04736 
529.0 449.0 0.665124160016 10134.87584 
917.0 343.0 0.665124160016 10134.87584 
373.0 259.0 0.0802888000003 10719.7112
266.0 328.0 0.665124160016 10134.87584 
734.0 694.0 0.0802888000003 10719.7112 
496.0 847.0 0.0802888000003 10719.7112 
433.0 683.0 0.193593920004 10606.40608 
887.0 485.0 0.0457060800004 10754.29392 
662.0 483.0 0.535267720011 10264.73228 
433.0 631.0 0.685198000015 10114.802 
869.0 289.0 0.685198000015 10114.802 
514.0 291.0 0.685198000015 10114.802 
738.0 349.0 0.193593920004 10606.40608 
798.0 562.0 0.0666320000006 10733.368 
195.0 565.0 0.0786128800005 10721.38712 
487.0 647.0 0.219266200005 10580.7338 
936.0 409.0 0.219266200005 10580.7338 
589.0 459.0 1.22968732002 9570.31267998 
753.0 601.0 0.196139840004 10603.86016 
490.0 731.0 0.196139840004 10603.86016 
489.0 169.0 1.22968732002 9570.31267998 
423.0 555.0 1.22490824002 9575.09175998 
