500.0 500.0
438.0 510.0 2.30881744004 8491.18255996 
427.0 396.0 0.349608760008 10450.39124 
429.0 564.0 1.94419972003 8855.80027997 
462.0 398.0 0.843656360014 9956.34363999 
408.0 454.0 0.684690880015 10115.30912 
422.0 535.0 1.10813144003 9691.86855997 
369.0 447.0 0.96103776001 9838.96223999 
426.0 552.0 0.422322000011 10377.678 
441.0 531.0 1.72617072004 9073.82927996 
520.0 560.0 1.00682704002 9793.17295998 
267.0 405.0 0.040747120001 10759.25288 
481.0 425.0 0.734879680015 10065.12032 
404.0 496.0 0.780007840019 10019.99216 
239.0 504.0 0.905640000014 9894.35999999 
393.0 459.0 0.620308800016 10179.6912 
455.0 378.0 0.43360340001 10366.3966 
242.0 398.0 0.0948854400019 10705.11456 
427.0 443.0 0.849203200019 9950.79679998 
511.0 505.0 1.30273440003 9497.26559997 
523.0 453.0 0.607813120009 10192.18688 
539.0 549.0 0.298892800007 10501.1072 
463.0 665.0 0.0168800000004 10783.12 
454.0 453.0 1.07880200002 9721.19799998 
512.0 630.0 0.205823000005 10594.177 
465.0 499.0 1.49202728003 9307.97271997 
558.0 610.0 0.234808240005 10565.19176 
401.0 600.0 1.42324080001 9376.75919999 
580.0 378.0 0.0163200000004 10783.68 
477.0 524.0 1.92909440005 8870.90559995 
303.0 599.0 0.563322160012 10236.67784 
491.0 431.0 0.755114400018 10044.8856 
339.0 704.0 0.755114400018 10044.8856 
188.0 552.0 0.703434000007 10096.566 
155.0 617.0 0.214449280004 10585.55072 
287.0 518.0 1.07813920001 9721.86079999 
416.0 388.0 0.330896720007 10469.10328 
479.0 521.0 1.77531168003 9024.68831997 
342.0 354.0 0.302141520004 10497.85848 
606.0 283.0 0.302141520004 10497.85848 
498.0 486.0 0.796160000018 10003.84 
181.0 577.0 0.326221440006 10473.77856 
355.0 389.0 0.657378400006 10142.6216 
272.0 402.0 0.0485200000013 10751.48 
384.0 510.0 0.940566080024 9859.43391998 
362.0 507.0 0.171252600003 10628.7474 
376.0 512.0 0.311782000006 10488.218 
295.0 341.0 0.177519200003 10622.4808 
430.0 353.0 0.412582720009 10387.41728 
174.0 735.0 0.0162800000004 10783.72 
484.0 441.0 1.21788972002 9582.11027998 
241.0 548.0 0.675331200006 10124.6688 
120.0 612.0 0.214266960004 10585.73304 
175.0 742.0 0.00895400000042 10791.046 
375.0 409.0 0.47365992001 10326.34008 
303.0 570.0 0.897945600012 9902.05439999 
378.0 612.0 0.916223960021 9883.77603998 
237.0 657.0 0.127541800003 10672.4582 
350.0 338.0 0.278996480006 10521.00352 
477.0 366.0 0.44043296001 10359.56704 
356.0 384.0 0.235018240006 10564.98176 
457.0 293.0 0.497598560007 10302.40144 
556.0 697.0 0.0276387599996 10772.36124 
388.0 483.0 0.877428120022 9922.57187998 
232.0 777.0 0.0705166000007 10729.4834 
407.0 616.0 0.602110400015 10197.8896 
357.0 472.0 0.589589760014 10210.41024 
652.0 758.0 0.0778870800009 10722.11292 
238.0 571.0 0.131920000003 10668.08 
314.0 640.0 0.070264480001 10729.73552 
587.0 683.0 0.0166800000004 10783.32 
489.0 532.0 1.88472360005 8915.27639995 
526.0 467.0 0.49800140001 10301.9986 
554.0 455.0 0.185967680004 10614.03232 
257.0 860.0 0.111676560001 10688.32344 
393.0 440.0 0.639623680015 10160.37632 
239.0 818.0 0.0732601200014 10726.73988 
354.0 489.0 0.411525400009 10388.4746 
552.0 224.0 0.0167200000004 10783.28 
374.0 849.0 0.0167200000004 10783.28 
464.0 186.0 0.0788238400003 10721.17616 
691.0 709.0 0.193557000002 10606.443 
339.0 580.0 1.32449520002 9475.50479998 
295.0 353.0 0.202329200003 10597.6708 
387.0 505.0 0.706286240018 10093.71376 
629.0 560.0 0.706286240018 10093.71376 
145.0 528.0 0.231781000005 10568.219 
538.0 606.0 0.198993600004 10601.0064 
134.0 445.0 0.706286240018 10093.71376 
268.0 827.0 0.0657820800014 10734.21792 
210.0 641.0 0.301129600002 10498.8704 
384.0 520.0 0.362776000008 10437.224 
745.0 530.0 0.0311200000008 10768.88 
238.0 836.0 0.088148080001 10711.85192 
81.0 589.0 0.102865600001 10697.1344 
267.0 801.0 0.0797200000021 10720.28 
759.0 642.0 0.107844000002 10692.156 
685.0 457.0 0.706286240018 10093.71376 
338.0 615.0 0.246480000006 10553.52 
231.0 455.0 0.261230200006 10538.7698 
471.0 471.0 1.55661864004 9243.38135996 
745.0 585.0 0.141658000001 10658.342 
218.0 916.0 0.0158800000004 10784.12 
88.0 810.0 0.706286240018 10093.71376 
616.0 753.0 0.0334800000009 10766.52 
154.0 660.0 0.376014560004 10423.98544 
61.0 425.0 0.706286240018 10093.71376 
154.0 561.0 0.310396280007 10489.60372 
246.0 649.0 0.133520000003 10666.48 
464.0 777.0 0.0344400000009 10765.56 
177.0 622.0 0.347156000007 10452.844 
218.0 308.0 0.347156000007 10452.844 
496.0 698.0 0.0777980800008 10722.20192 
124.0 917.0 0.347156000007 10452.844 
295.0 269.0 0.347156000007 10452.844 
423.0 248.0 0.367102760005 10432.89724 
210.0 348.0 0.0996041600005 10700.39584 
277.0 337.0 0.0664592000013 10733.5408 
512.0 622.0 0.200989560003 10599.01044 
799.0 421.0 0.347156000007 10452.844 
507.0 544.0 1.27298200003 9527.01799997 
832.0 585.0 0.1097104 10690.2896 
466.0 790.0 0.0289333200006 10771.06668 
761.0 752.0 0.139823200002 10660.1768 
747.0 631.0 0.0942871200012 10705.71288 
797.0 754.0 0.0615760000009 10738.424 
193.0 932.0 0.0219302799999 10778.06972 
674.0 204.0 0.347156000007 10452.844 
567.0 331.0 0.0469689600001 10753.03104 
708.0 602.0 0.0167600000004 10783.24 
833.0 538.0 0.0342400000009 10765.76 
289.0 981.0 0.347156000007 10452.844 
138.0 677.0 0.0975672000024 10702.4328 
519.0 195.0 0.0580696000005 10741.9304 
316.0 446.0 0.222274000005 10577.726 
107.0 991.0 0.347156000007 10452.844 
457.0 778.0 0.0265200000009 10773.48 
496.0 652.0 0.137627840002 10662.37216 
520.0 599.0 0.563460560007 10236.53944 
425.0 480.0 1.34157352003 9458.42647997 
433.0 230.0 0.149109040003 10650.89096 
721.0 736.0 0.196385560003 10603.61444 
883.0 606.0 0.0941706400011 10705.82936 
447.0 410.0 0.707926000016 10092.074 
391.0 244.0 0.0937472000022 10706.2528 
391.0 513.0 0.880596720022 9919.40327998 
660.0 341.0 0.347156000007 10452.844 
506.0 321.0 0.0996400000026 10700.36 
459.0 343.0 0.688909040006 10111.09096 
765.0 168.0 0.347156000007 10452.844 
117.0 302.0 0.239080000006 10560.92
452.0 848.0 0.0168400000004 10783.16 
448.0 873.0 0.0192144400002 10780.78556 
458.0 241.0 0.0340000000009 10766.0 
242.0 657.0 0.126245600003 10673.7544 
539.0 561.0 0.422702120008 10377.29788 
577.0 489.0 0.135828600002 10664.1714 
391.0 208.0 0.135933440002 10664.06656 
480.0 967.0 0.0159600000004 10784.04 
413.0 481.0 1.81696128003 8983.03871997 
133.0 585.0 0.278755680005 10521.24432 
690.0 789.0 0.082632600001 10717.3674 
409.0 122.0 0.347156000007 10452.844 
539.0 481.0 0.545213120013 10254.78688 
455.0 275.0 0.193285280005 10606.71472 
78.0 548.0 0.0164800000004 10783.52 
722.0 891.0 0.347156000007 10452.844
497.0 41.0 0.347156000007 10452.844 
676.0 669.0 0.0627600000017 10737.24 
319.0 62.0 0.347156000007 10452.844
503.0 971.0 0.0166782000003 10783.3218 
537.0 397.0 0.158998720003 10641.00128 
175.0 523.0 0.239080000006 10560.92 
118.0 665.0 0.0483211200009 10751.67888 
720.0 194.0 0.347156000007 10452.844 
668.0 501.0 0.239080000006 10560.92 
