500.0 500.0
489.0 470.0 2.69500920006 8104.99079994 
532.0 417.0 2.17372900004 8626.27099996 
537.0 456.0 3.83433940004 6965.66059996 
441.0 349.0 0.606421920014 10193.57808 
466.0 296.0 0.777643680018 10022.35632 
510.0 505.0 0.801130000021 9998.86999998 
454.0 445.0 2.16118016004 8638.81983996 
497.0 383.0 1.64970936004 9150.29063996 
421.0 234.0 0.79332512002 10006.67488 
433.0 235.0 1.12869448001 9671.30551999 
340.0 325.0 0.770428000006 10029.572 
642.0 499.0 0.298983600007 10501.0164 
302.0 341.0 0.323749760007 10476.25024 
508.0 432.0 3.92220740003 6877.79259997 
451.0 143.0 0.244381040005 10555.61896 
427.0 86.0 0.242330440005 10557.66956 
569.0 409.0 2.73820344003 8061.79655997 
347.0 173.0 0.106217600002 10693.7824 
459.0 350.0 1.79048160002 9009.51839998 
333.0 172.0 0.113663680002 10686.33632 
374.0 274.0 0.481883200006 10318.1168 
591.0 512.0 0.614143600006 10185.8564 
625.0 488.0 0.306777920005 10493.22208 
471.0 71.0 0.0658780000015 10734.122 
430.0 353.0 0.505647760011 10294.35224 
518.0 383.0 1.58397608004 9216.02391996 
570.0 538.0 0.145730680002 10654.26932 
640.0 406.0 0.919929600015 9880.07039999 
566.0 597.0 0.919929600015 9880.07039999 
484.0 396.0 1.83503488003 8964.96511997 
502.0 322.0 0.932552720022 9867.44727998 
701.0 307.0 0.239393760002 10560.60624 
477.0 388.0 1.55559304003 9244.40695997 
569.0 322.0 0.387654400009 10412.3456 
773.0 243.0 0.0989600000026 10701.04 
399.0 72.0 0.137248640002 10662.75136 
412.0 409.0 1.27152800002 9528.47199998 
446.0 321.0 1.13414840002 9665.85159998 
668.0 353.0 1.07117536002 9728.82463998 
375.0 118.0 0.206290960003 10593.70904 
446.0 542.0 0.341396000007 10458.604 
239.0 247.0 0.0684028800006 10731.59712 
394.0 227.0 0.578045800014 10221.9542 
484.0 309.0 0.709489400019 10090.5106 
629.0 378.0 0.743665600018 10056.3344 
813.0 297.0 0.0989600000026 10701.04 
597.0 357.0 0.705536000017 10094.464 
527.0 484.0 2.48043960004 8319.56039996 
421.0 436.0 1.48092160002 9319.07839998 
802.0 251.0 0.265376800001 10534.6232 
361.0 400.0 0.797014560014 10002.98544 
677.0 441.0 0.300918000007 10499.082 
636.0 472.0 0.097649320002 10702.35068 
699.0 381.0 0.313541400004 10486.4586 
375.0 417.0 1.26612968002 9533.87031998 
713.0 388.0 0.279020000005 10520.98 
401.0 333.0 0.41495552001 10385.04448 
435.0 357.0 0.433036000009 10366.964 
497.0 483.0 1.58603424003 9213.96575997 
436.0 140.0 0.55136960001 10248.6304 
292.0 447.0 0.0163200000004 10783.68 
306.0 337.0 0.266896000006 10533.104 
742.0 337.0 0.100435440002 10699.56456 
679.0 269.0 0.190996200003 10609.0038 
629.0 330.0 0.41031808001 10389.68192 
408.0 182.0 0.70688400001 10093.116 
796.0 399.0 0.0901516000011 10709.8484 
340.0 314.0 0.358644480008 10441.35552 
527.0 458.0 2.44171960006 8358.28039994 
864.0 187.0 0.101000000003 10699.0 
431.0 123.0 0.47982720001 10320.1728 
725.0 402.0 0.142392840003 10657.60716 
737.0 501.0 0.919929600015 9880.07039999 
711.0 199.0 0.0172800000004 10782.72 
565.0 301.0 0.184365000003 10615.635 
360.0 439.0 0.334584640009 10465.41536 
913.0 374.0 0.0164800000004 10783.52 
511.0 538.0 0.95697980002 9843.02019998 
377.0 392.0 0.676986240017 10123.01376 
636.0 273.0 0.280277800003 10519.7222 
306.0 377.0 0.502629040004 10297.37096 
266.0 290.0 0.0331600000009 10766.84 
495.0 564.0 0.169693760004 10630.30624 
290.0 220.0 0.0169600000004 10783.04 
501.0 583.0 0.217880000003 10582.12 
247.0 319.0 0.204026720002 10595.97328 
472.0 429.0 1.86731792005 8932.68207995 
392.0 570.0 0.0330800000009 10766.92 
858.0 282.0 0.101772000002 10698.228 
479.0 269.0 0.674709680016 10125.29032 
456.0 86.0 0.225820640003 10574.17936 
896.0 322.0 0.0717398400001 10728.26016 
385.0 114.0 0.214084680004 10585.91532 
546.0 483.0 1.66725400003 9132.74599997 
529.0 352.0 0.733933040011 10066.06696 
622.0 382.0 0.956658000024 9843.34199998 
945.0 200.0 0.303068800003 10496.9312 
997.0 139.0 0.0918471600008 10708.15284 
786.0 372.0 0.087492760001 10712.50724 
743.0 151.0 0.0661478400003 10733.85216 
556.0 361.0 0.869754640018 9930.24535998 
782.0 458.0 0.0642860000008 10735.714 
668.0 546.0 0.0747282000015 10725.2718 
784.0 497.0 0.0639052000001 10736.0948 
578.0 425.0 1.27387128003 9526.12871997 
386.0 232.0 0.459055080011 10340.94492 
224.0 143.0 0.0167200000004 10783.28 
426.0 609.0 0.0535006800001 10746.49932 
733.0 380.0 0.0488800000013 10751.12 
852.0 509.0 0.919929600015 9880.07039999
889.0 375.0 0.0164800000004 10783.52 
366.0 370.0 0.837608800011 9962.39119999 
997.0 192.0 0.183166400001 10616.8336 
537.0 473.0 2.44938288006 8350.61711994 
223.0 319.0 0.0522859200011 10747.71408 
719.0 633.0 0.0530406000001 10746.9594 
459.0 381.0 0.906476120023 9893.52387998 
377.0 278.0 0.382740240006 10417.25976 
638.0 261.0 0.245869000005 10554.131 
544.0 399.0 0.886524480021 9913.47551998 
438.0 486.0 1.37781024002 9422.18975998 
897.0 190.0 0.219877440003 10580.12256 
518.0 317.0 0.50444960001 10295.5504 
752.0 402.0 0.239170000003 10560.83 
442.0 279.0 1.19814080002 9601.85919998 
470.0 148.0 0.426137520008 10373.86248 
629.0 319.0 0.695978440011 10104.02156 
249.0 265.0 0.0398668000007 10760.1332 
848.0 247.0 0.094338400001 10705.6616 
357.0 217.0 0.493200720007 10306.79928 
565.0 82.0 0.919929600015 9880.07039999 
617.0 407.0 1.75617952002 9043.82047998 
908.0 189.0 0.191516800004 10608.4832 
407.0 214.0 0.752305760011 10047.69424 
499.0 461.0 2.02929416004 8770.70583996 
470.0 476.0 1.71190624004 9088.09375996 
286.0 453.0 0.00933504000014 10790.66496 
151.0 410.0 0.919929600015 9880.07039999 
396.0 365.0 0.720899680017 10079.10032 
460.0 297.0 0.692499680017 10107.50032 
757.0 480.0 0.0314000000008 10768.6 
572.0 282.0 0.102577280001 10697.42272 
564.0 320.0 0.341726400007 10458.2736 
771.0 79.0 0.919929600015 9880.07039999
894.0 182.0 0.162184640004 10637.81536 
189.0 99.0 0.0612119200003 10738.78808 
647.0 333.0 0.629186000012 10170.814 
887.0 90.0 0.0158800000004 10784.12 
57.0 424.0 0.207145160003 10592.85484 
839.0 269.0 0.207145160003 10592.85484 
369.0 544.0 0.0276891999999 10772.3108 
506.0 630.0 0.0790856800011 10720.91432 
183.0 222.0 0.0160400000004 10783.96 
506.0 549.0 0.0957696400017 10704.23036 
617.0 299.0 0.375194160009 10424.80584 
846.0 438.0 0.375194160009 10424.80584 
968.0 516.0 0.375194160009 10424.80584 
618.0 167.0 0.790344040008 10009.65596 
167.0 178.0 0.0431796799997 10756.82032 
233.0 415.0 0.0103888000003 10789.6112 
215.0 535.0 0.0103888000003 10789.6112 
433.0 165.0 0.790344040008 10009.65596 
533.0 448.0 2.04051936005 8759.48063995 
926.0 72.0 0.0372386000002 10762.7614 
635.0 534.0 0.287811200005 10512.1888 
668.0 617.0 0.0158000000004 10784.2 
430.0 487.0 0.546465280014 10253.53472 
965.0 63.0 0.790344040008 10009.65596 
847.0 261.0 0.194000000004 10606.0 
802.0 245.0 0.243062000003 10556.938 
983.0 469.0 0.790344040008 10009.65596 
647.0 459.0 0.361577000009 10438.423 
705.0 267.0 0.0505240000013 10749.476 
217.0 545.0 0.0172000000004 10782.8 
277.0 387.0 0.0172000000004 10782.8 
