500.0 500.0
419.0 579.0 2.91561672006 7884.38327994 
392.0 622.0 1.11412688003 9685.87311997 
496.0 668.0 0.818025120017 9981.97487998 
521.0 575.0 0.734209600014 10065.7904 
536.0 588.0 0.53223380001 10267.7662 
394.0 528.0 0.581682560013 10218.31744 
472.0 676.0 1.08587300003 9714.12699997 
386.0 465.0 0.503056000011 10296.944 
530.0 575.0 0.609740760012 10190.25924 
462.0 619.0 2.87746384004 7922.53615996 
475.0 749.0 0.852542000018 9947.45799998 
445.0 727.0 0.712160000013 10087.84 
293.0 575.0 0.263376320005 10536.62368 
343.0 776.0 0.712160000013 10087.84 
486.0 600.0 1.97547920004 8824.52079996 
334.0 454.0 0.366990000007 10433.01 
543.0 644.0 0.394371600006 10405.6284 
556.0 622.0 0.281043280005 10518.95672 
412.0 584.0 2.55373620004 8246.26379996 
384.0 591.0 0.894034320023 9905.96567998 
407.0 617.0 1.70858816004 9091.41183996 
375.0 647.0 0.79503744002 10004.96256 
420.0 522.0 2.15031232005 8649.68767995 
326.0 637.0 0.49104000001 10308.96 
382.0 472.0 0.338581600007 10461.4184 
462.0 476.0 2.05350880004 8746.49119996 
262.0 639.0 0.163008800003 10636.9912 
242.0 498.0 0.06480648 10735.19352 
481.0 782.0 0.255660000006 10544.34 
396.0 608.0 1.40835800004 9391.64199996 
217.0 442.0 0.206298200002 10593.7018 
164.0 530.0 0.172022400002 10627.9776 
549.0 565.0 0.412106400009 10387.8936 
405.0 468.0 1.58258108001 9217.41891999 
599.0 571.0 0.197361920004 10602.63808 
393.0 649.0 0.622624320015 10177.37568 
481.0 783.0 0.316686520007 10483.31348 
461.0 591.0 2.50737780006 8292.62219994 
530.0 543.0 0.933249400009 9866.75059999 
507.0 763.0 0.244557440005 10555.44256 
308.0 679.0 0.122704480002 10677.29552 
459.0 556.0 5.88056800003 4919.43199997 
414.0 627.0 1.79603296004 9003.96703996 
391.0 654.0 0.849136400021 9950.86359998 
356.0 597.0 1.23265200002 9567.34799998 
474.0 871.0 0.271820960006 10528.17904 
492.0 663.0 0.676363200016 10123.6368 
460.0 600.0 2.44773452006 8352.26547994 
480.0 504.0 2.44975616004 8350.24383996 
303.0 582.0 0.471757600011 10328.2424 
175.0 438.0 0.105212800002 10694.7872 
487.0 391.0 0.146088040003 10653.91196 
540.0 478.0 0.40604192 10393.95808 
431.0 650.0 1.96043240003 8839.56759997 
142.0 564.0 0.280942400004 10519.0576 
540.0 443.0 0.377824000004 10422.176 
584.0 684.0 0.189389360001 10610.61064 
531.0 389.0 0.499505120007 10300.49488 
445.0 566.0 2.17086592004 8629.13407996 
381.0 677.0 0.731469480015 10068.53052 
171.0 464.0 0.119040000002 10680.96 
468.0 841.0 0.717224400007 10082.7756 
569.0 615.0 0.289588600006 10510.4114 
415.0 425.0 0.274377480006 10525.62252 
421.0 739.0 0.361657000009 10438.343 
253.0 475.0 0.0502000000013 10749.8 
426.0 821.0 0.340553600008 10459.4464 
255.0 639.0 0.221452280002 10578.54772 
348.0 386.0 0.683101120008 10116.89888 
271.0 447.0 0.116120000003 10683.88 
311.0 587.0 0.593610000008 10206.39 
186.0 546.0 0.0837600000022 10716.24 
344.0 504.0 0.137266880002 10662.73312 
521.0 852.0 0.188972800003 10611.0272 
466.0 884.0 0.108506440002 10691.49356 
306.0 881.0 0.0658800000017 10734.12 
90.0 591.0 0.303721560003 10496.27844 
393.0 600.0 0.833565760019 9966.43423998 
512.0 293.0 0.145615040003 10654.38496 
510.0 729.0 0.282804880004 10517.19512 
248.0 751.0 0.712160000013 10087.84 
512.0 307.0 0.132711760003 10667.28824 
198.0 768.0 0.712160000013 10087.84
571.0 843.0 0.03774816 10762.25184 
144.0 364.0 0.0483200000013 10751.68 
534.0 979.0 0.712160000013 10087.84 
243.0 337.0 0.107920200001 10692.0798 
525.0 716.0 0.295100600005 10504.8994 
276.0 247.0 0.712160000013 10087.84 
267.0 264.0 0.712160000013 10087.84
408.0 755.0 0.219200000004 10580.8 
291.0 970.0 0.084351560002 10715.64844 
670.0 559.0 0.0839830000005 10716.017 
495.0 527.0 1.45233904004 9347.66095996 
640.0 502.0 0.712160000013 10087.84 
308.0 657.0 0.133076480003 10666.92352 
373.0 348.0 0.189434360004 10610.56564 
245.0 405.0 0.332188680004 10467.81132 
384.0 946.0 0.332188680004 10467.81132 
408.0 705.0 1.14711096002 9652.88903998 
55.0 630.0 0.712160000013 10087.84 
268.0 989.0 0.121991600002 10678.0084 
341.0 368.0 0.243338160006 10556.66184 
400.0 648.0 0.656329240016 10143.67076 
76.0 316.0 0.0797794400011 10720.22056 
521.0 643.0 0.578817760006 10221.18224 
509.0 880.0 0.272333200006 10527.6668 
299.0 380.0 0.468971640008 10331.02836 
539.0 330.0 0.411665400004 10388.3346 
347.0 703.0 0.105763520001 10694.23648 
328.0 434.0 0.76634520001 10033.6548 
608.0 787.0 0.0161200000004 10783.88 
438.0 703.0 1.44703680001 9352.96319999 
414.0 401.0 0.228066640005 10571.93336 
48.0 560.0 0.122865000002 10677.135 
620.0 554.0 0.171630400002 10628.3696 
385.0 460.0 0.541332160014 10258.66784 
376.0 441.0 0.850628000014 9949.37199999 
516.0 246.0 0.850628000014 9949.37199999
446.0 488.0 1.92853920004 8871.46079996 
138.0 310.0 0.0542654400002 10745.73456 
245.0 917.0 0.0164000000004 10783.6 
245.0 369.0 0.207074200004 10592.9258 
606.0 193.0 0.0360098 10763.9902 
68.0 551.0 0.111524480001 10688.47552 
562.0 968.0 0.111524480001 10688.47552 
446.0 920.0 0.142063600002 10657.9364 
214.0 165.0 0.01147608 10788.52392 
311.0 203.0 0.111524480001 10688.47552 
139.0 94.0 0.300297960003 10499.70204 
207.0 177.0 0.0165600000004 10783.44 
575.0 221.0 0.0314000000008 10768.6 
532.0 315.0 0.115447040003 10684.55296 
307.0 951.0 0.300297960003 10499.70204 
480.0 785.0 0.260721200006 10539.2788 
595.0 580.0 0.176281440003 10623.71856 
609.0 724.0 0.0786670000009 10721.333 
269.0 88.0 0.069007920001 10730.99208 
417.0 722.0 0.398155280009 10401.84472 
449.0 388.0 0.0717283200011 10728.27168 
237.0 390.0 0.0934028800014 10706.59712 
205.0 608.0 0.0978819600005 10702.11804 
182.0 821.0 0.0157200000004 10784.28 
509.0 919.0 0.159525440003 10640.47456 
461.0 416.0 0.0810800000021 10718.92 
564.0 801.0 0.0163200000004 10783.68 
479.0 398.0 0.135726400003 10664.2736 
305.0 407.0 0.317384000007 10482.616 
165.0 70.0 0.317384000007 10482.616 
308.0 88.0 0.0883824000011 10711.6176 
511.0 625.0 0.888368000022 9911.63199998 
653.0 767.0 0.047151 10752.849 
491.0 685.0 0.676787840014 10123.21216 
94.0 361.0 0.114653400001 10685.3466 
265.0 944.0 0.108955600002 10691.0444 
414.0 798.0 0.0897540000013 10710.246 
687.0 404.0 0.108955600002 10691.0444 
421.0 642.0 1.52540400004 9274.59599996 
467.0 782.0 0.986529840011 9813.47015999 
638.0 262.0 0.108955600002 10691.0444 
520.0 749.0 0.163800000004 10636.2 
668.0 165.0 0.108955600002 10691.0444 
248.0 101.0 0.163800000004 10636.2 
573.0 557.0 0.451817800009 10348.1822 
280.0 593.0 0.198219120005 10601.78088 
305.0 894.0 0.0934596000006 10706.5404 
559.0 200.0 0.01838592 10781.61408 
597.0 110.0 0.198219120005 10601.78088 
348.0 91.0 0.0336000000009 10766.4 
413.0 287.0 0.198219120005 10601.78088 
414.0 603.0 1.58373820004 9216.26179996 
779.0 601.0 1.58373820004 9216.26179996 
472.0 480.0 1.51945728004 9280.54271996 
183.0 874.0 0.0520332000002 10747.9668 
710.0 237.0 1.58373820004 9216.26179996 
