500.0 500.0
553.0 477.0 2.77837328003 8021.62671997 
536.0 569.0 0.299693760007 10500.30624 
519.0 503.0 0.708120800018 10091.8792 
557.0 524.0 1.50445832003 9295.54167997 
537.0 595.0 0.152608360002 10647.39164 
580.0 427.0 1.78857568003 9011.42431997 
483.0 537.0 0.898732320023 9901.26767998 
583.0 453.0 0.961656320023 9838.34367998 
558.0 333.0 0.652735040007 10147.26496 
523.0 310.0 0.211095680003 10588.90432 
430.0 590.0 0.673250000015 10126.75 
458.0 525.0 0.776997360019 10023.00264 
613.0 643.0 0.252798840005 10547.20116 
508.0 513.0 1.17027276002 9629.72723998 
662.0 411.0 0.41553688001 10384.46312 
651.0 397.0 0.924480200009 9875.51979999 
423.0 564.0 0.641843000013 10158.157 
473.0 325.0 0.274888000005 10525.112 
560.0 573.0 0.807405200013 9992.59479999 
626.0 546.0 0.341115000008 10458.885 
400.0 594.0 0.104862720002 10695.13728 
425.0 358.0 0.406272000008 10393.728 
544.0 311.0 0.297158200006 10502.8418 
603.0 596.0 0.729721840009 10070.27816 
571.0 671.0 0.0482779200008 10751.72208 
623.0 533.0 0.194595720004 10605.40428 
546.0 397.0 0.920721920022 9879.27807998 
349.0 331.0 0.0817600000021 10718.24 
506.0 665.0 0.221745920004 10578.25408 
475.0 619.0 0.323166040008 10476.83396 
501.0 377.0 0.524626880011 10275.37312 
633.0 622.0 0.365089920009 10434.91008 
487.0 606.0 0.340497520008 10459.50248 
520.0 362.0 0.548114560013 10251.88544 
474.0 546.0 1.20012320001 9599.87679999 
493.0 556.0 0.711092200014 10088.9078 
529.0 384.0 0.538191360011 10261.80864 
572.0 256.0 0.0510800000013 10748.92 
517.0 180.0 0.538191360011 10261.80864
565.0 492.0 0.884766000022 9915.23399998 
671.0 433.0 0.350418000008 10449.582 
636.0 363.0 0.57699216001 10223.00784 
473.0 508.0 0.983245200025 9816.75479997 
469.0 346.0 0.135047200002 10664.9528 
461.0 235.0 0.0492800000013 10750.72 
383.0 517.0 0.233047720004 10566.95228 
658.0 404.0 0.42364520001 10376.3548 
691.0 335.0 0.170014920004 10629.98508 
634.0 614.0 0.421027000008 10378.973 
484.0 663.0 0.252505200005 10547.4948 
549.0 723.0 0.117159360001 10682.84064 
686.0 628.0 0.334688000005 10465.312 
367.0 219.0 0.147376800003 10652.6232 
631.0 559.0 0.312340520006 10487.65948 
665.0 454.0 0.228560000006 10571.44 
739.0 652.0 0.106105800001 10693.8942 
555.0 542.0 0.488394000011 10311.606 
423.0 146.0 0.0162800000004 10783.72 
661.0 394.0 0.406804600009 10393.1954 
482.0 599.0 0.857637640012 9942.36235999 
403.0 233.0 0.147142400002 10652.8576 
571.0 390.0 0.783804000019 10016.196 
651.0 326.0 0.179916240003 10620.08376 
669.0 654.0 0.294166000005 10505.834 
584.0 316.0 0.293928000006 10506.072 
429.0 764.0 0.538191360011 10261.80864 
521.0 484.0 1.11078172003 9689.21827997 
321.0 432.0 0.538191360011 10261.80864 
266.0 185.0 0.112615920002 10687.38408 
486.0 602.0 0.649740000016 10150.26 
591.0 476.0 0.911891400023 9888.10859998 
173.0 171.0 0.538191360011 10261.80864 
353.0 254.0 0.363281280005 10436.71872 
354.0 847.0 0.0600404000003 10739.9596 
358.0 943.0 0.0441396 10755.8604 
385.0 296.0 0.278024000005 10521.976 
471.0 641.0 0.245040000006 10554.96 
805.0 635.0 0.538191360011 10261.80864 
171.0 255.0 0.113060080002 10686.93992 
336.0 216.0 0.223814280002 10576.18572 
341.0 768.0 0.538191360011 10261.80864 
645.0 188.0 0.0156400000004 10784.36 
466.0 512.0 1.09111200002 9708.88799998 
689.0 177.0 0.0399914799996 10760.00852 
425.0 584.0 0.422298040008 10377.70196 
162.0 279.0 0.0920918400019 10707.90816 
415.0 231.0 0.10208736 10697.91264 
628.0 792.0 0.538191360011 10261.80864 
478.0 511.0 0.881606200023 9918.39379998 
264.0 469.0 0.0506408800012 10749.35912 
449.0 616.0 0.504496000011 10295.504 
436.0 492.0 0.853775600011 9946.22439999 
654.0 720.0 0.0157600000004 10784.24 
135.0 374.0 0.0200784800003 10779.92152 
573.0 887.0 0.188319400003 10611.6806 
613.0 135.0 0.188319400003 10611.6806 
520.0 270.0 0.0862042800016 10713.79572 
710.0 691.0 0.0872280000007 10712.772 
422.0 620.0 0.188319400003 10611.6806 
631.0 947.0 0.188319400003 10800.0
502.0 518.0 0.729207200019 10070.7928 
443.0 890.0 0.0461462400007 10753.85376 
96.0 265.0 0.188319400003 10611.6806 
596.0 511.0 1.08258040002 9717.41959998 
352.0 896.0 0.0160800000004 10783.92 
243.0 276.0 0.0812000000021 10718.8 
437.0 880.0 0.123806000001 10676.194 
386.0 518.0 0.602549120007 10197.45088 
148.0 351.0 0.0167600000004 10783.24 
408.0 473.0 0.286021800006 10513.9782 
762.0 490.0 0.602549120007 10197.45088 
826.0 572.0 0.602549120007 10197.45088 
740.0 908.0 0.182280000002 10617.72 
201.0 232.0 0.0755180800014 10724.48192 
287.0 482.0 0.182280000002 10617.72 
319.0 803.0 0.0164000000004 10783.6 
221.0 802.0 0.182280000002 10617.72 
713.0 375.0 0.233892000002 10566.108 
141.0 451.0 0.00869676000006 10791.30324 
143.0 446.0 0.0164400000004 10783.56 
567.0 391.0 0.569229600014 10230.7704 
386.0 579.0 0.131830720003 10668.16928 
743.0 367.0 0.113744000001 10686.256 
636.0 473.0 0.188163560001 10611.83644 
134.0 176.0 00.188163560001 10611.83644 
363.0 484.0 0.186589400004 10613.4106 
233.0 225.0 0.138384960001 10661.61504 
539.0 397.0 1.15959556002 9640.40443998 
749.0 370.0 0.0809212000015 10719.0788 
569.0 471.0 1.06645376003 9733.54623997 
485.0 831.0 1.06645376003 9733.54623997 
256.0 980.0 0.0548006000005 10745.1994 
409.0 314.0 0.460656000003 10339.344 
266.0 100.0 1.06645376003 9733.54623997 
334.0 513.0 0.308005120004 10491.99488 
425.0 831.0 0.0348000000009 10765.2 
456.0 425.0 0.852732800008 9947.26719999 
636.0 577.0 0.257001600005 10542.9984 
565.0 241.0 0.0304832000005 10769.5168 
483.0 493.0 0.646864000017 10153.136 
764.0 271.0 0.646864000017 10153.136 
389.0 390.0 0.646864000017 10153.136 
563.0 704.0 0.0817990000006 10718.201 
463.0 96.0 0.337265280006 10462.73472 
390.0 154.0 0.0474800000013 10752.52 
630.0 327.0 0.337265280006 10462.73472 
691.0 343.0 0.378362000006 10421.638 
425.0 388.0 0.633662800006 10166.3372 
316.0 186.0 0.122464000002 10677.536 
595.0 215.0 0.0630080000002 10736.992 
503.0 687.0 0.203584000002 10596.416 
611.0 268.0 0.146556840003 10653.44316 
510.0 441.0 1.36516592002 9434.83407998 
380.0 142.0 0.0697022000009 10730.2978 
570.0 306.0 0.0652732800011 10734.72672 
196.0 284.0 0.16628952 10633.71048 
718.0 588.0 0.0995033600009 10700.49664 
278.0 543.0 0.16628952 10633.71048 
558.0 654.0 0.0322000000008 10767.8 
665.0 726.0 0.01035432 10789.64568 
315.0 96.0 0.0891305600012 10710.86944 
70.0 490.0 0.16628952 10633.71048 
686.0 291.0 0.149286000003 10650.714 
345.0 144.0 0.113820000001 10686.18 
791.0 768.0 0.16628952 10633.71048 
190.0 698.0 0.857769920022 9942.23007998 
598.0 870.0 0.857769920022 9942.23007998 
222.0 982.0 0.0611433600006 10738.85664 
506.0 490.0 0.857769920022 9942.23007998 
285.0 948.0 0.0164400000004 10783.56 
824.0 503.0 0.857769920022 9942.23007998 
246.0 743.0 0.779006400018 10020.9936 
224.0 934.0 0.0323600000009 10767.64 
451.0 543.0 0.779006400018 10020.9936 
867.0 249.0 0.149286000003 10650.714 
