500.0 500.0
487.0 473.0 1.53268336004 9267.31663996 
460.0 370.0 0.656697000013 10143.303 
531.0 323.0 0.322431600004 10477.5684 
578.0 347.0 0.671148800016 10128.8512 
406.0 506.0 0.389094400006 10410.9056 
376.0 526.0 0.259096000006 10540.904 
437.0 327.0 0.43662580001 10363.3742 
424.0 313.0 0.339917600007 10460.0824 
461.0 302.0 0.228552920005 10571.44708 
510.0 284.0 0.152351760003 10647.64824 
342.0 558.0 0.555435200007 10244.5648 
461.0 380.0 0.87845480002 9921.54519998 
443.0 613.0 0.179640000004 10620.36 
478.0 524.0 1.07489120003 9725.10879997 
396.0 331.0 0.217530640004 10582.46936 
520.0 407.0 1.04428520002 9755.71479998 
545.0 525.0 0.215558000004 10584.442 
397.0 539.0 0.810496800011 9989.50319999 
490.0 624.0 0.165614000003 10634.386 
488.0 194.0 0.137756000003 10662.244 
565.0 396.0 1.36137980002 9438.62019998 
499.0 581.0 0.578547000013 10221.453 
544.0 272.0 0.185880800004 10614.1192 
579.0 382.0 0.307680640008 10492.31936 
532.0 577.0 0.737357440016 10062.64256 
395.0 403.0 0.681526000008 10118.474 
470.0 289.0 0.295387840006 10504.61216 
558.0 463.0 0.186656400005 10613.3436 
557.0 614.0 0.407084400005 10392.9156 
450.0 488.0 0.954945600017 9845.05439998 
392.0 541.0 0.597164800014 10202.8352 
481.0 343.0 0.660305400016 10139.6946 
544.0 632.0 0.299782920005 10500.21708 
680.0 306.0 0.130614240001 10669.38576 
557.0 273.0 0.240359680005 10559.64032 
500.0 539.0 1.00475968002 9795.24031998 
665.0 338.0 0.084472360002 10715.52764 
361.0 353.0 0.0791000000017 10720.9 
431.0 196.0 0.138620000002 10661.38 
412.0 524.0 0.53385120001 10266.1488 
399.0 419.0 0.38444416001 10415.55584 
289.0 541.0 0.370323680004 10429.67632 
376.0 153.0 0.0494800000013 10750.52 
521.0 604.0 0.408534400009 10391.4656 
281.0 153.0 0.0356936800005 10764.30632 
479.0 174.0 0.209686440004 10590.31356 
480.0 562.0 1.15473660002 9645.26339998 
472.0 340.0 0.668681400017 10131.3186 
537.0 665.0 0.0943728800019 10705.62712 
273.0 497.0 0.144207040002 10655.79296 
276.0 636.0 0.0168800000004 10783.12 
442.0 587.0 0.280532960006 10519.46704 
234.0 198.0 0.165311 10634.689 
597.0 289.0 0.127492800003 10672.5072 
336.0 330.0 0.147949360003 10652.05064 
381.0 353.0 0.334796960004 10465.20304 
381.0 459.0 0.260570160005 10539.42984 
171.0 213.0 0.0647488000004 10735.2512 
494.0 383.0 1.42793640002 9372.06359998 
193.0 601.0 0.0660000000017 10734.0 
784.0 293.0 0.06474568 10735.25432 
429.0 561.0 0.54332616001 10256.67384 
278.0 687.0 0.0524124 10747.5876 
591.0 321.0 0.51988600001 10280.114 
361.0 99.0 0.110548280001 10689.45172 
630.0 535.0 0.0496400000013 10750.36 
78.0 219.0 0.0483200000013 10751.68 
284.0 244.0 0.033291 10766.709 
394.0 444.0 0.344278080007 10455.72192 
427.0 193.0 0.0571810000015 10742.819 
354.0 717.0 0.117264000001 10682.736 
548.0 357.0 0.994270400014 9805.72959999 
690.0 225.0 0.149375360004 10650.62464 
266.0 541.0 0.115702840003 10684.29716 
432.0 432.0 1.64465992003 9155.34007997 
860.0 274.0 1.64465992003 9155.34007997 
949.0 205.0 0.0315132400003 10768.48676 
529.0 545.0 0.603660800012 10196.3392 
701.0 234.0 0.134864000002 10665.136 
591.0 301.0 0.369363000008 10430.637 
419.0 414.0 0.452413320012 10347.58668 
897.0 130.0 0.0811770000014 10718.823 
529.0 201.0 0.198771840003 10601.22816 
569.0 101.0 0.090914800001 10709.0852 
83.0 145.0 0.0912543200012 10708.74568 
260.0 801.0 0.186384000003 10613.616 
527.0 583.0 0.721574000016 10078.426 
283.0 420.0 1.64465992003 9155.34007997 
303.0 356.0 0.188356880002 10611.64312 
608.0 352.0 0.324211800006 10475.7882 
643.0 353.0 0.197934000003 10602.066 
811.0 161.0 0.0828400000022 10717.16 
215.0 236.0 0.0828000000022 10717.2 
816.0 153.0 0.101759600002 10698.2404 
867.0 151.0 0.175787960003 10624.21204 
439.0 505.0 1.56865200003 9231.34799997 
374.0 97.0 0.150976000001 10649.024 
405.0 570.0 0.339731800007 10460.2682 
875.0 136.0 0.0629142800012 10737.08572 
306.0 156.0 0.0165200000004 10783.48 
641.0 546.0 0.0698728800006 10730.12712 
672.0 179.0 0.183207360003 10616.79264 
534.0 450.0 1.31006992002 9489.93007998 
344.0 48.0 0.110143960002 10689.85604 
473.0 457.0 3.36982632003 7430.17367997 
943.0 244.0 0.0153200000004 10784.68 
380.0 589.0 0.243476200005 10556.5238 
846.0 175.0 0.301684200002 10498.3158 
587.0 354.0 0.740471680013 10059.52832 
211.0 444.0 0.740471680013 10059.52832  
322.0 253.0 0.0164400000004 10783.56 
570.0 98.0 0.740471680013 10059.52832  
559.0 215.0 0.178480000005 10621.52 
477.0 506.0 1.71889600004 9081.10399996 
480.0 616.0 0.323147200007 10476.8528 
340.0 393.0 0.324550000004 10475.45 
294.0 813.0 0.278366800001 10521.6332 
760.0 104.0 0.740471680013 10059.52832  
660.0 221.0 0.361791200005 10438.2088 
567.0 654.0 0.192888000003 10607.112 
517.0 417.0 3.05757328003 7742.42671997 
156.0 743.0 0.740471680013 10059.52832  
405.0 275.0 0.407305320005 10392.69468 
519.0 571.0 0.647276600013 10152.7234 
440.0 319.0 0.65184320001 10148.1568 
272.0 162.0 0.121670400002 10678.3296 
350.0 574.0 0.313314960006 10486.68504 
244.0 719.0 0.313314960006 10486.68504 
758.0 278.0 0.0336800000009 10766.32 
546.0 153.0 0.199719240002 10600.28076 
252.0 522.0 0.134920000003 10665.08 
480.0 348.0 0.584744800013 10215.2552 
171.0 720.0 0.313314960006 10486.68504 
457.0 721.0 0.313314960006 10486.68504 
637.0 140.0 0.0799084000007 10720.0916 
818.0 283.0 0.0645153600005 10735.48464 
79.0 816.0 0.313314960006 10486.68504 
329.0 672.0 0.0321600000008 10767.84 
271.0 323.0 0.0760312800012 10723.96872 
443.0 356.0 0.763395200016 10036.6048 
129.0 584.0 0.129815840002 10670.18416 
189.0 839.0 0.0726304000007 10727.3696 
46.0 194.0 0.0680368400009 10731.96316 
617.0 206.0 0.455310800004 10344.6892 
414.0 227.0 0.241385200003 10558.6148 
709.0 516.0 0.313314960006 10486.68504 
598.0 304.0 0.213465600004 10586.5344 
203.0 165.0 0.124518000003 10675.482 
463.0 686.0 0.124518000003 10675.482 
656.0 599.0 0.107880320001 10692.11968 
138.0 666.0 0.118668000002 10681.332 
530.0 602.0 0.369170000008 10430.83 
151.0 632.0 0.137521000002 10662.479 
226.0 199.0 0.0989572000015 10701.0428 
749.0 426.0 0.0989572000015 10701.0428 
721.0 635.0 0.468780160011 10331.21984 
519.0 346.0 0.468780160011 10331.21984 
37.0 100.0 0.105907200001 10694.0928 
348.0 736.0 0.0464761200006 10753.52388 
350.0 456.0 0.105907200001 10694.0928 
614.0 670.0 0.0855938000009 10714.4062 
680.0 580.0 0.102251120001 10697.74888 
232.0 850.0 0.184699200002 10615.3008 
204.0 313.0 0.105907200001 10694.0928 
792.0 186.0 0.0828400000022 10717.16 
142.0 422.0 0.0828400000022 10717.16 
123.0 60.0 0.184699200002 10615.3008 
393.0 668.0 0.184699200002 10615.3008 
808.0 692.0 0.359100480008 10440.89952 
77.0 204.0 0.0547421600006 10745.25784 
373.0 493.0 0.359100480008 10440.89952 
308.0 760.0 0.0653600000017 10734.64 
172.0 624.0 0.120138800002 10679.8612 
481.0 623.0 0.132871680003 10667.12832 
166.0 396.0 0.132871680003 10667.12832 
