500.0 500.0
468.0 391.0 2.85856464007 7941.43535993 
527.0 361.0 2.42809060004 8371.90939996 
542.0 311.0 0.862000000021 9937.99999998 
506.0 345.0 1.65334880004 9146.65119996 
472.0 427.0 3.69976584004 7100.23415996 
412.0 387.0 0.870698400017 9929.30159998 
444.0 258.0 0.111131200002 10688.8688 
615.0 377.0 0.612905000008 10187.095 
467.0 420.0 2.54963808006 8250.36191994 
414.0 427.0 4.27152024006 6528.47975994 
621.0 357.0 0.186296000004 10613.704 
398.0 358.0 0.890213240015 9909.78675999 
664.0 482.0 0.153435280003 10646.56472 
497.0 180.0 0.286083200005 10513.9168 
438.0 542.0 1.08069560003 9719.30439997 
362.0 497.0 0.524733600013 10275.2664 
372.0 439.0 1.02239584002 9777.60415998 
418.0 469.0 3.01269392004 7787.30607996 
431.0 330.0 0.645089600016 10154.9104 
357.0 490.0 0.913611520023 9886.38847998 
385.0 494.0 1.30735944003 9492.64055997 
578.0 460.0 0.129400000003 10670.6 
349.0 392.0 0.314364160007 10485.63584 
367.0 395.0 0.429989200008 10370.0108 
377.0 307.0 0.878863680013 9921.13631999 
430.0 541.0 1.09190400003 9708.09599997 
461.0 546.0 2.23047120004 8569.52879996 
479.0 123.0 0.164751360003 10635.24864 
712.0 328.0 0.170558000003 10629.442 
358.0 551.0 0.523011360012 10276.98864 
662.0 290.0 0.220006480002 10579.99352 
663.0 346.0 0.479328000006 10320.672 
354.0 434.0 0.794712000016 10005.288 
565.0 360.0 0.944975800024 9855.02419998 
355.0 660.0 0.0502000000013 10749.8 
724.0 546.0 0.071598720001 10728.40128 
553.0 602.0 0.0160400000004 10783.96 
390.0 454.0 1.05621288002 9743.78711998 
478.0 328.0 0.929856720019 9870.14327998 
605.0 395.0 0.341698920008 10458.30108 
533.0 360.0 0.78604384002 10013.95616 
536.0 298.0 0.657664520014 10142.33548 
683.0 276.0 0.0688396800017 10731.16032 
280.0 323.0 0.101497280002 10698.50272 
325.0 384.0 0.406346640008 10393.65336 
448.0 583.0 0.973332080025 9826.66791998 
509.0 550.0 1.99880752002 8801.19247998 
458.0 405.0 4.12983576006 6670.16423994 
535.0 164.0 0.161020000003 10638.98 
291.0 460.0 0.372299520007 10427.70048 
707.0 219.0 0.0495600000013 10750.44 
263.0 412.0 0.300353120007 10499.64688 
502.0 417.0 2.90772408006 7892.27591994 
400.0 425.0 1.08213120003 9717.86879997 
327.0 376.0 0.205040400004 10594.9596 
515.0 216.0 0.517283000006 10282.717 
499.0 617.0 0.0841680000014 10715.832 
428.0 325.0 0.523412400012 10276.5876 
343.0 516.0 0.479442320011 10320.55768 
603.0 244.0 0.231880000005 10568.12 
484.0 272.0 0.43404640001 10365.9536 
313.0 267.0 0.279460800003 10520.5392 
418.0 462.0 0.707048000018 10092.952 
281.0 744.0 0.252641600001 10547.3584 
379.0 521.0 1.00539760002 9794.60239998 
464.0 454.0 7.47199872 3328.00128 
316.0 441.0 0.606433240015 10193.56676 
699.0 370.0 0.172736160004 10627.26384 
344.0 825.0 0.0165200000004 10783.48 
562.0 264.0 0.480497280011 10319.50272 
441.0 547.0 1.10374784003 9696.25215997 
423.0 509.0 1.28446784003 9515.53215997 
630.0 433.0 0.329444920007 10470.55508 
277.0 774.0 0.146788000003 10653.212 
246.0 496.0 0.083792480001 10716.20752 
268.0 423.0 0.578788000006 10221.212 
262.0 428.0 0.42568000001 10374.32 
459.0 140.0 0.214548480003 10585.45152 
418.0 430.0 3.23045024007 7569.54975993 
243.0 478.0 0.133064320002 10666.93568 
437.0 378.0 2.09712816004 8702.87183996 
305.0 450.0 0.556261000012 10243.739 
581.0 234.0 0.486312000012 10313.688 
211.0 836.0 0.0499200000013 10750.08 
815.0 263.0 1.28446784003 9515.53215997 
301.0 436.0 0.336188000008 10463.812 
410.0 374.0 0.81877160002 9981.22839998 
171.0 849.0 0.0990595200019 10700.94048 
519.0 350.0 1.82125152004 8978.74847996 
491.0 367.0 1.91563664005 8884.36335995 
369.0 679.0 0.0858614000004 10714.1386 
289.0 649.0 1.28446784003 9515.53215997 
633.0 481.0 0.558626560003 10241.37344 
393.0 361.0 0.558686000014 10241.314 
395.0 521.0 1.00402480002 9795.97519998 
211.0 911.0 0.0155200000004 10784.48 
358.0 481.0 0.978096400025 9821.90359997 
532.0 616.0 0.102512240001 10697.48776 
315.0 449.0 0.920341600013 9879.65839999 
497.0 575.0 1.01587972003 9784.12027997 
328.0 335.0 0.49376800001 10306.232 
420.0 572.0 1.08459036002 9715.40963998 
603.0 371.0 0.378145000009 10421.855 
356.0 286.0 0.421716960008 10378.28304 
222.0 711.0 0.108522000002 10691.478 
373.0 224.0 0.089753200002 10710.2468 
713.0 134.0 0.0918242000012 10708.1758 
194.0 393.0 0.173437920003 10626.56208 
384.0 735.0 0.129119320002 10670.88068 
264.0 752.0 0.123951600003 10676.0484 
391.0 568.0 0.857856000017 9942.14399998 
255.0 720.0 0.244709760003 10555.29024 
606.0 204.0 0.357542800007 10442.4572 
495.0 380.0 2.54106800006 8258.93199994 
350.0 247.0 0.248402120005 10551.59788 
793.0 46.0 0.779542480019 10020.45752 
369.0 557.0 0.322844160007 10477.15584 
569.0 374.0 1.17459488002 9625.40511998 
244.0 390.0 0.245813200004 10554.1868 
390.0 358.0 0.779542480019 10020.45752 
428.0 534.0 1.22022064003 9579.77935997 
715.0 472.0 0.0334800000009 10766.52 
287.0 491.0 0.307877160005 10492.12284 
433.0 136.0 0.0522304000008 10747.7696 
340.0 433.0 0.664416600015 10135.5834 
534.0 302.0 1.77427280003 9025.72719997 
574.0 191.0 0.372818200007 10427.1818 
314.0 616.0 0.136022400002 10663.9776 
693.0 389.0 0.117240000003 10682.76 
367.0 465.0 1.45250504003 9347.49495997 
368.0 590.0 0.281809600005 10518.1904 
619.0 100.0 0.281809600005 10518.1904 
731.0 453.0 0.108266640002 10691.73336 
383.0 452.0 0.988432960025 9811.56703997 
374.0 363.0 0.601648000013 10198.352 
433.0 585.0 0.80376000002 9996.23999998 
127.0 751.0 0.281809600005 10518.1904 
386.0 860.0 0.0576382799999 10742.36172 
376.0 952.0 0.281809600005 10518.1904  
706.0 588.0 0.124405520001 10675.59448 
404.0 794.0 0.281809600005 10518.1904  
467.0 414.0 4.35474400007 6445.25599993 
362.0 495.0 0.706883800017 10093.1162 
331.0 502.0 0.66791020001 10132.0898 
199.0 510.0 0.281809600005 10518.1904  
358.0 547.0 0.394161920009 10405.83808 
740.0 228.0 0.115365200002 10684.6348 
594.0 341.0 0.40395800001 10396.042 
715.0 412.0 0.0845025200017 10715.49748 
216.0 251.0 0.0705635200012 10729.43648 
388.0 589.0 0.245013520005 10554.98648 
669.0 595.0 0.242637440002 10557.36256 
70.0 666.0 0.281809600005 10518.1904  
226.0 398.0 0.190255200004 10609.7448 
768.0 462.0 0.0760366000006 10723.9634 
641.0 553.0 0.194346720004 10605.65328 
258.0 251.0 0.189176800001 10610.8232 
507.0 400.0 3.02196000004 7778.03999996 
492.0 811.0 0.0408884000007 10759.1116 
368.0 606.0 0.246823280005 10553.17672 
580.0 270.0 1.24386720001 9556.13279999 
342.0 203.0 0.106060000002 10693.94 
152.0 171.0 0.106060000002 10693.94 
801.0 593.0 0.106060000002 10693.940 
533.0 704.0 1.24386720001 9556.13279999 
524.0 802.0 0.0311600000008 10768.84 
282.0 343.0 0.167418000003 10632.582 
266.0 506.0 0.0325200000009 10767.48 
532.0 851.0 0.0607922000004 10739.2078 
231.0 934.0 0.0221780800001 10777.82192 
726.0 188.0 0.140929600001 10659.0704 
213.0 577.0 0.140929600001 10659.0704 
699.0 34.0 0.140929600001 10659.0704 
403.0 711.0 0.111022400002 10688.9776 
561.0 243.0 0.692747600008 10107.2524 
316.0 720.0 0.0816000000021 10718.4 
111.0 538.0 0.179052000003 10620.948 
471.0 269.0 0.179052000003 10620.948 
98.0 857.0 0.179052000003 10620.948 
290.0 582.0 0.108640000002 10691.36 
174.0 417.0 0.0539646400008 10746.03536 
379.0 528.0 0.722260880018 10077.73912 
81.0 96.0 0.722260880018 10077.73912 
419.0 595.0 0.461451600009 10338.5484 
927.0 243.0 0.461451600009 10338.5484 
177.0 648.0 0.461451600009 10338.5484 
187.0 835.0 0.0875238400001 10712.47616 
395.0 482.0 0.820675200017 9979.32479998 
472.0 299.0 0.266974880003 10533.02512 
430.0 704.0 0.266974880003 10533.02512 
342.0 596.0 0.203497600002 10596.5024 
585.0 165.0 0.121078080002 10678.92192 
787.0 128.0 0.121078080002 10678.92192 
766.0 477.0 0.0669860800008 10733.01392 
173.0 257.0 0.121078080002 10678.92192 
634.0 531.0 0.416440120004 10383.55988 
155.0 888.0 0.072469000001 10727.531 
162.0 157.0 0.072469000001 10727.531 
371.0 111.0 0.519080000014 10280.92 
441.0 489.0 0.519080000014 10280.92 
