500.0 500.0
398.0 470.0 0.759907400017 10040.0926 
365.0 475.0 0.802179200017 9997.82079998 
504.0 419.0 1.19341280003 9606.58719997 
463.0 526.0 1.17897060003 9621.02939997 
463.0 483.0 2.37028344003 8429.71655997 
450.0 615.0 0.249531520005 10550.46848 
330.0 383.0 0.148309040004 10651.69096 
316.0 489.0 0.345199280004 10454.80072 
455.0 432.0 1.10321340002 9696.78659998 
414.0 477.0 1.88811192004 8911.88807996 
484.0 540.0 0.569297440014 10230.70256 
556.0 595.0 1.73424704001 9065.75295999 
520.0 441.0 2.09426400003 8705.73599997 
374.0 463.0 0.81328608002 9986.71391998 
311.0 315.0 0.342160000009 10457.84 
369.0 523.0 0.256815000006 10543.185 
275.0 280.0 0.719140560016 10080.85944 
533.0 686.0 0.0967200000025 10703.28 
307.0 529.0 0.116354280002 10683.64572 
501.0 507.0 1.83609600005 8963.90399995 
376.0 242.0 0.0867043200022 10713.29568 
363.0 573.0 0.348568200005 10451.4318 
390.0 412.0 0.918467840019 9881.53215998 
430.0 412.0 0.647085000014 10152.915 
307.0 396.0 0.153221600003 10646.7784 
447.0 420.0 0.669275200013 10130.7248 
414.0 453.0 1.80805020004 8991.94979996 
471.0 374.0 0.912860880015 9887.13911998 
392.0 429.0 0.849551680021 9950.44831998 
476.0 503.0 1.06786140003 9732.13859997 
247.0 389.0 0.0494800000013 10750.52 
500.0 412.0 1.15162636003 9648.37363997 
379.0 494.0 0.746040240019 10053.95976 
620.0 378.0 0.0895940000007 10710.406 
265.0 271.0 1.08790392002 9712.09607998 
414.0 364.0 0.415098400008 10384.9016 
433.0 611.0 0.292969440006 10507.03056 
434.0 441.0 1.76942000003 9030.57999997 
375.0 448.0 1.27265880002 9527.34119998 
355.0 463.0 0.672168080014 10127.83192 
694.0 317.0 0.672168080014 10800.0
591.0 425.0 0.231573600003 10568.4264 
595.0 760.0 0.468441280004 10331.55872 
238.0 557.0 0.0404056000007 10759.5944 
594.0 464.0 0.0658000000017 10734.2 
460.0 274.0 0.579910800014 10220.0892 
535.0 429.0 1.00071060003 9799.28939997 
604.0 385.0 0.0162800000004 10783.72 
432.0 352.0 0.501203600012 10298.7964 
388.0 247.0 0.307680200003 10492.3198 
447.0 368.0 0.895449440021 9904.55055998 
422.0 326.0 0.182735320003 10617.26468 
266.0 316.0 0.641072000017 10158.928 
572.0 656.0 0.673617600008 10126.3824 
305.0 229.0 0.117136840001 10682.86316 
399.0 544.0 0.149640000004 10650.36 
468.0 540.0 1.26983024002 9530.16975998 
204.0 174.0 0.519266000012 10280.734 
670.0 739.0 0.171249680003 10628.75032 
265.0 114.0 0.278162440006 10521.83756 
497.0 388.0 2.01254016003 8787.45983997 
724.0 711.0 0.0332000000009 10766.8 
309.0 408.0 0.183474000004 10616.526 
257.0 630.0 0.0431648 10756.8352 
349.0 465.0 0.597766880013 10202.23312 
605.0 833.0 0.179100720002 10620.89928 
525.0 203.0 0.0118377599998 10788.16224 
526.0 483.0 1.86749400003 8932.50599997 
180.0 139.0 0.296803960007 10503.19604 
515.0 415.0 0.831033280021 9968.96671998 
412.0 179.0 0.0586694400009 10741.33056 
334.0 404.0 0.276628000005 10523.372 
565.0 796.0 0.245081280004 10554.91872 
160.0 323.0 0.0584235600011 10741.57644 
459.0 476.0 1.74012536004 9059.87463996 
387.0 382.0 0.304452920007 10495.54708 
590.0 210.0 0.0492400000013 10750.76 
387.0 554.0 0.155974000004 10644.026 
290.0 508.0 0.123311240003 10676.68876 
350.0 487.0 0.311992480007 10488.00752 
657.0 758.0 0.180743040003 10619.25696 
538.0 556.0 0.43190632001 10368.09368 
445.0 263.0 0.409923200007 10390.0768 
462.0 648.0 0.105829520002 10694.17048 
446.0 183.0 0.0651600000017 10734.84 
393.0 480.0 0.466265000011 10333.735 
707.0 865.0 0.0488000000013 10751.2 
679.0 642.0 0.0456695200011 10754.33048 
492.0 619.0 0.191264000004 10608.736 
325.0 604.0 0.194011600003 10605.9884 
800.0 812.0 0.00975935999989 10790.24064 
635.0 371.0 0.194011600003 10605.9884 
546.0 539.0 2.30535308004 8494.64691996 
100.0 138.0 0.0415007999998 10758.4992 
741.0 357.0 0.0415007999998 10758.4992 
450.0 180.0 0.0399560000011 10760.044 
506.0 422.0 1.07835748002 9721.64251998 
551.0 554.0 0.736345120017 10063.65488 
528.0 292.0 0.414346000011 10385.654 
309.0 500.0 0.182387400003 10617.6126 
314.0 560.0 0.182987200003 10617.0128 
573.0 707.0 0.577105440007 10222.89456 
664.0 646.0 0.329115200007 10470.8848 
253.0 584.0 0.0493600000013 10750.64 
501.0 287.0 0.431701760011 10368.29824 
546.0 401.0 0.887939520022 9912.06047998 
476.0 491.0 1.08587992003 9714.12007997 
219.0 567.0 0.0486092000001 10751.3908 
169.0 220.0 0.0330400000009 10766.96 
510.0 513.0 1.35122872003 9448.77127997 
598.0 616.0 1.04546180002 9754.53819998 
448.0 277.0 0.474396160011 10325.60384 
607.0 471.0 0.0446091200009 10755.39088 
701.0 760.0 0.0825018400016 10717.49816 
271.0 728.0 0.0825018400016 10717.49816 
312.0 41.0 0.82488800002 9975.11199998 
384.0 451.0 0.82488800002 9975.11199998 
205.0 164.0 0.495291200012 10304.7088 
126.0 222.0 0.0959296000012 10704.0704 
201.0 813.0 0.0486400000013 10751.36 
515.0 855.0 0.066078440001 10733.92156 
411.0 178.0 0.0597000000007 10740.3 
232.0 188.0 0.599332200015 10200.6678 
555.0 950.0 0.0329200000009 10767.08 
459.0 249.0 0.286934720006 10513.06528 
529.0 142.0 0.173501000001 10626.499 
257.0 331.0 0.39984528001 10400.15472 
623.0 958.0 0.0537631600006 10746.23684 
325.0 415.0 0.376781280009 10423.21872 
183.0 218.0 0.386241600008 10413.7584 
616.0 640.0 0.808093560015 9991.90643998 
85.0 408.0 0.0407200000001 10759.28 
525.0 99.0 0.0711238000009 10728.8762 
558.0 186.0 0.110109840001 10689.89016 
468.0 587.0 0.322060680004 10477.93932 
124.0 80.0 0.072439600002 10727.5604 
99.0 451.0 0.0160000000004 10784.0 
745.0 960.0 0.322060680004 10477.93932 
622.0 848.0 0.0494690400006 10750.53096 
293.0 450.0 0.177834840003 10622.16516 
501.0 301.0 1.01755000001 9782.44999999 
235.0 222.0 1.42334948002 9376.65051998 
507.0 274.0 0.191943800003 10608.0562 
697.0 519.0 0.191943800003 10800.0
229.0 159.0 0.47353112001 10326.46888 
184.0 344.0 0.155749600002 10644.2504 
629.0 693.0 0.621722560008 10178.27744 
491.0 346.0 1.08204800002 9717.95199998 
608.0 84.0 0.0302807999997 10769.7192 
539.0 404.0 0.502126200013 10297.8738 
595.0 955.0 0.0860749999997 10713.925 
300.0 99.0 0.0176400000005 10782.36 
552.0 272.0 0.342328800007 10457.6712 
230.0 110.0 0.477552960006 10322.44704 
636.0 108.0 0.0162800000004 10783.72 
333.0 190.0 0.0162800000004 10783.72 
824.0 940.0 0.0162800000004 10783.72 
793.0 805.0 0.0163200000004 10783.68 
366.0 444.0 0.877606680022 9922.39331998 
559.0 303.0 0.384847680007 10415.15232 
481.0 786.0 0.0490400000013 10750.96 
603.0 509.0 0.0421129600002 10757.88704 
98.0 67.0 0.0885321600019 10711.46784 
201.0 826.0 0.0650601600016 10734.93984 
334.0 402.0 0.277410880005 10522.58912 
744.0 857.0 0.0968314800011 10703.16852 
15.0 95.0 0.0968314800011 10703.16852
494.0 275.0 0.497738000012 10302.262 
290.0 298.0 0.705904000003 10094.096 
740.0 712.0 0.0123239600003 10787.67604 
205.0 386.0 0.145588040002 10654.41196 
74.0 176.0 0.0158400000004 10784.16 
408.0 575.0 0.296840560005 10503.15944 
186.0 310.0 0.0166800000004 10783.32 
657.0 701.0 0.223994240004 10576.00576 
547.0 71.0 0.223994240004 10576.00576 
179.0 848.0 0.088535680002 10711.46432 
476.0 160.0 0.0326386800003 10767.36132 
721.0 889.0 0.0529452800011 10747.05472 
566.0 769.0 0.103655120002 10696.34488 
181.0 690.0 0.223994240004 10576.00576 
375.0 106.0 0.223994240004 10576.00576 
335.0 405.0 0.540825840008 10259.17416 
378.0 324.0 0.126875360002 10673.12464 
522.0 815.0 0.130598080001 10669.40192 
179.0 879.0 0.127970680002 10672.02932 
244.0 182.0 0.780081640013 10019.91836 
382.0 648.0 0.223994240004 10576.00576 
129.0 76.0 0.257615840002 10542.38416 
482.0 790.0 0.0411188000007 10758.8812 
537.0 211.0 0.0659600000017 10734.04 
443.0 328.0 0.602912000012 10197.088 
793.0 888.0 0.0981326400006 10701.86736 
605.0 600.0 1.00079632001 9799.20367999 
183.0 75.0 0.376471440002 10423.52856 
322.0 643.0 0.0656060000011 10734.394 
115.0 520.0 0.376471440002 10423.52856 
439.0 261.0 0.307605840006 10492.39416 
318.0 232.0 0.115129600001 10684.8704 
66.0 555.0 0.376471440002 10423.52856 
