500.0 500.0
473.0 479.0 0.629870400016 10170.1296 
533.0 505.0 0.925144640018 9874.85535998 
420.0 450.0 1.04440880002 9755.59119998 
424.0 438.0 0.365892360008 10434.10764 
557.0 465.0 0.764374480014 10035.62552 
510.0 584.0 0.356087880009 10443.91212 
405.0 341.0 0.122160800002 10677.8392 
500.0 460.0 1.03137200002 9768.62799998 
593.0 618.0 0.283436800003 10516.5632 
556.0 535.0 0.41210600001 10387.894 
524.0 417.0 0.402630000009 10397.37 
496.0 421.0 0.637824800013 10162.1752 
376.0 227.0 0.127941440002 10672.05856 
481.0 215.0 0.230200000006 10569.8 
342.0 508.0 0.586500160011 10213.49984 
355.0 266.0 0.150556000003 10649.444 
487.0 211.0 0.125018240003 10674.98176 
320.0 555.0 0.603131680011 10196.86832 
561.0 536.0 0.401187000009 10398.813 
458.0 553.0 0.878558200019 9921.44179998 
510.0 574.0 0.377274400007 10422.7256 
451.0 183.0 0.558195080012 10241.80492 
601.0 434.0 0.333325200007 10466.6748 
393.0 453.0 0.40410512001 10395.89488 
570.0 614.0 0.322689600006 10477.3104 
418.0 567.0 1.27824768001 9521.75231999 
336.0 594.0 0.40130720001 10398.6928 
267.0 582.0 0.327389280007 10472.61072 
338.0 309.0 0.0784764000013 10721.5236 
531.0 288.0 0.601108280014 10198.89172 
394.0 499.0 0.755061000019 10044.939 
402.0 266.0 0.0985783600025 10701.42164 
558.0 628.0 0.221393320004 10578.60668 
587.0 520.0 0.53837312001 10261.62688 
293.0 502.0 0.260434520006 10539.56548 
621.0 557.0 0.163336000001 10636.664 
634.0 621.0 0.0855636000017 10714.4364 
180.0 649.0 0.118078720003 10681.92128 
639.0 596.0 0.104096600002 10695.9034 
487.0 421.0 0.584435200013 10215.5648 
542.0 110.0 0.103121920001 10696.87808 
514.0 330.0 0.452709600008 10347.2904 
558.0 472.0 0.812028160017 9987.97183998 
343.0 249.0 0.128818000002 10671.182 
503.0 630.0 0.199047800003 10600.9522 
436.0 212.0 0.483603400011 10316.3966 
454.0 178.0 0.306271920007 10493.72808 
598.0 126.0 0.109528000001 10690.472 
645.0 289.0 0.529236000001 10270.764 
570.0 196.0 0.261321920004 10538.67808 
458.0 417.0 0.435256000007 10364.744 
259.0 593.0 0.474583880003 10325.41612 
551.0 274.0 0.575567560005 10224.43244 
570.0 458.0 0.184107440005 10615.89256 
539.0 571.0 0.42674788001 10373.25212 
631.0 259.0 0.309259680008 10490.74032 
410.0 600.0 0.654490280006 10145.50972 
376.0 138.0 0.349087880005 10450.91212 
533.0 307.0 0.326089600007 10473.9104 
397.0 272.0 0.260880000007 10539.12 
479.0 583.0 0.43645000001 10363.55 
506.0 188.0 0.129942240003 10670.05776 
523.0 321.0 0.605865760013 10194.13424 
508.0 209.0 0.138998400002 10661.0016 
377.0 438.0 0.372459800005 10427.5402 
528.0 693.0 0.0156800000004 10784.32 
378.0 200.0 0.266168640006 10533.83136 
566.0 460.0 0.293129280007 10506.87072 
610.0 640.0 0.143753280002 10656.24672 
547.0 580.0 0.548713280012 10251.28672 
521.0 343.0 0.37744000001 10422.56 
248.0 199.0 0.0974800000026 10702.52 
323.0 463.0 0.52919736001 10270.80264 
85.0 652.0 0.112588000001 10687.412 
604.0 753.0 0.112588000001 10687.412 
595.0 495.0 0.260784720006 10539.21528 
143.0 666.0 0.229760000003 10570.24 
135.0 583.0 0.108539800001 10691.4602 
444.0 241.0 0.859379600009 9940.62039999 
613.0 446.0 0.238911040004 10561.08896 
39.0 531.0 0.238911040004 10561.08896 
299.0 612.0 0.297571520007 10502.42848 
352.0 596.0 1.02642240001 9773.57759999 
448.0 649.0 0.0142416000001 10785.7584 
196.0 160.0 0.206940000004 10593.06 
480.0 286.0 1.13074432001 9669.25567999 
463.0 488.0 1.60320528001 9196.79471999 
436.0 372.0 0.297170000005 10502.83 
177.0 686.0 0.206035680004 10593.96432 
398.0 388.0 0.156904480002 10643.09552 
415.0 174.0 0.441317800006 10358.6822 
611.0 267.0 0.318505600008 10481.4944 
653.0 345.0 0.180400000005 10619.6 
459.0 128.0 0.091445360001 10708.55464 
66.0 692.0 0.0159200000004 10784.08 
485.0 305.0 0.593931200014 10206.0688 
305.0 622.0 0.705732800008 10094.2672 
523.0 579.0 0.501004200013 10298.9958 
357.0 99.0 0.153176720003 10646.82328 
236.0 55.0 0.153176720003 10646.82328 
561.0 426.0 0.270382560006 10529.61744 
365.0 110.0 0.144533600003 10655.4664 
179.0 187.0 0.311367200003 10488.6328 
349.0 342.0 0.161780200002 10638.2198 
578.0 233.0 0.472795200008 10327.2048 
163.0 634.0 0.387404800006 10412.5952 
746.0 366.0 0.194423840004 10605.57616 
785.0 345.0 0.0901707200015 10709.82928 
343.0 389.0 0.327868040004 10472.13196 
251.0 669.0 0.327868040004 10472.13196 
655.0 230.0 0.471735160005 10328.26484 
335.0 630.0 0.358287000008 10441.713 
608.0 415.0 0.108087600002 10691.9124 
693.0 517.0 0.327868040004 10472.13196 
374.0 723.0 0.327868040004 10472.13196 
256.0 439.0 0.0812565600014 10718.74344 
432.0 805.0 0.327868040004 10472.13196 
163.0 422.0 0.0166000000004 10783.4 
604.0 152.0 0.281851520002 10518.14848 
136.0 656.0 0.233051600004 10566.9484 
456.0 411.0 0.462072000011 10337.928 
540.0 255.0 0.370498400007 10429.5016 
426.0 845.0 0.327868040004 10472.13196 
493.0 214.0 0.219279600005 10580.7204 
173.0 101.0 0.0963776800018 10703.62232 
716.0 433.0 0.0492400000013 10750.76 
366.0 478.0 1.41997760002 9380.02239998 
89.0 754.0 0.0159200000004 10784.08 
391.0 210.0 0.338012560007 10461.98744 
146.0 776.0 0.327868040004 10472.13196 
713.0 686.0 0.327868040004 10472.13196 
387.0 938.0 0.0177379600003 10782.26204 
764.0 760.0 0.0441207999997 10755.8792 
528.0 585.0 0.44765864001 10352.34136 
207.0 319.0 0.218227200001 10581.7728 
217.0 618.0 0.315984960003 10484.01504 
709.0 374.0 0.295437200003 10504.5628 
339.0 656.0 0.208707200005 10591.2928 
689.0 196.0 0.243667040003 10556.33296 
212.0 82.0 0.0320800000008 10767.92 
338.0 152.0 0.0490800000013 10750.92 
768.0 464.0 0.0165600000004 10783.44 
707.0 358.0 0.263243800004 10536.7562 
187.0 639.0 0.145640000004 10654.36 
243.0 363.0 0.0496000000013 10750.4 
298.0 509.0 0.236724120005 10563.27588 
134.0 256.0 0.0765202800011 10723.47972 
162.0 650.0 0.175139000004 10624.861 
728.0 201.0 0.103324080002 10696.67592 
570.0 866.0 0.103324080002 10696.67592 
294.0 434.0 0.169456800003 10630.5432 
575.0 454.0 0.120081360003 10679.91864 
751.0 106.0 0.103324080002 10696.67592 
55.0 731.0 0.03410064 10765.89936 
108.0 835.0 0.0164000000004 10783.6 
143.0 454.0 0.0319384000002 10768.0616 
838.0 287.0 0.0157200000004 10784.28 
517.0 556.0 1.14761900001 9652.38099999 
728.0 367.0 0.142760000003 10657.24 
180.0 85.0 0.125765760002 10674.23424 
868.0 390.0 0.0267040400002 10773.29596 
779.0 467.0 0.0104328 10789.5672 
155.0 286.0 0.0170800000004 10782.92 
743.0 324.0 0.131267840002 10668.73216 
210.0 841.0 0.131267840002 10668.73216 
415.0 512.0 2.48523760004 8314.76239996 
442.0 506.0 0.840580000015 9959.41999998 
854.0 469.0 0.840580000015 9959.41999998 
533.0 806.0 0.0457600000003 10754.24 
58.0 856.0 0.0564324000003 10743.5676 
462.0 532.0 0.636853440014 10163.14656 
370.0 242.0 0.166160240003 10633.83976 
866.0 822.0 0.840580000015 9959.41999998 
441.0 44.0 0.0166400000004 10783.36 
678.0 174.0 0.0867872000018 10713.2128 
174.0 277.0 0.177731360002 10622.26864 
573.0 588.0 0.311294240007 10488.70576 
493.0 190.0 0.133522880003 10666.47712 
845.0 271.0 0.0126545999999 10787.3454 
506.0 767.0 0.0166400000004 10783.36 
345.0 608.0 0.357373680005 10442.62632 
718.0 758.0 0.0168400000004 10783.16 
311.0 711.0 0.0166400000004 10783.36 
870.0 397.0 0.0341600000009 10765.84 
217.0 213.0 0.241644359999 10558.35564 
355.0 75.0 0.0790100000013 10720.99 
896.0 358.0 0.0638235600002 10736.17644 
152.0 135.0 0.298466880003 10501.53312 
466.0 651.0 0.0172000000004 10782.8 
873.0 914.0 0.0172000000004 10782.8 
264.0 459.0 0.197709360003 10602.29064 
437.0 339.0 0.109246400002 10690.7536 
973.0 304.0 0.109246400002 10690.7536 
371.0 919.0 0.0158800000004 10784.12 
521.0 732.0 0.0324576000001 10767.5424 
154.0 692.0 0.192389000004 10607.611 
683.0 352.0 0.144875760003 10655.12424 
262.0 832.0 0.192389000004 10607.611 
803.0 320.0 0.0179046400002 10782.09536 
417.0 44.0 0.0179046400002 10782.09536 
