500.0 500.0
394.0 504.0 0.977281120023 9822.71887998 
410.0 532.0 0.97374800002 9826.25199998 
387.0 465.0 1.23017080003 9569.82919997 
590.0 532.0 0.306243000007 10493.757 
352.0 446.0 0.769933920014 10030.06608 
425.0 405.0 1.36599240002 9434.00759998 
418.0 477.0 3.52573680004 7274.26319996 
365.0 462.0 1.32330744003 9476.69255997 
358.0 382.0 1.82915680002 8970.84319998 
401.0 483.0 1.14853336003 9651.46663997 
266.0 505.0 0.139824240002 10660.17576 
563.0 607.0 0.0717954000007 10728.2046 
337.0 406.0 0.902144200022 9897.85579998 
422.0 593.0 0.0939722800016 10706.02772 
324.0 437.0 0.314004080007 10485.99592 
572.0 689.0 0.0127239200001 10787.27608 
293.0 448.0 0.246840600005 10553.1594 
456.0 452.0 2.27068760005 8529.31239995 
477.0 570.0 0.0333600000009 10766.64 
666.0 500.0 0.232367360005 10567.63264 
371.0 490.0 1.05340808002 9746.59191998 
531.0 530.0 0.515983200012 10284.0168 
575.0 420.0 0.0166400000004 10783.36 
325.0 523.0 0.259240000005 10540.76 
207.0 598.0 0.110081680002 10689.91832 
212.0 519.0 0.0941771200012 10705.82288 
470.0 743.0 0.0330000000009 10767.0 
335.0 456.0 0.573867600012 10226.1324 
554.0 491.0 0.760770920019 10039.22908 
560.0 373.0 0.0971417600014 10702.85824 
473.0 433.0 1.46364200002 9336.35799998 
229.0 700.0 0.0173600000005 10782.64 
321.0 656.0 0.172388080003 10627.61192 
504.0 471.0 1.81787020004 8982.12979996 
623.0 475.0 0.898771280005 9901.22872 
507.0 510.0 1.14599220003 9654.00779997 
532.0 708.0 0.0270199999999 10772.98 
293.0 283.0 1.07315200002 9726.84799998 
628.0 750.0 0.0156000000004 10784.4 
242.0 625.0 0.265793280004 10534.20672 
273.0 177.0 0.0829310000013 10717.069 
540.0 769.0 1.46364200002 9336.35799998
361.0 206.0 0.564490720006 10235.50928 
371.0 573.0 0.178920480003 10621.07952 
153.0 496.0 0.178920480003 10621.07952 
562.0 760.0 0.0166000000004 10783.4 
557.0 683.0 0.0321600000008 10767.84 
388.0 390.0 0.972057840024 9827.94215998 
432.0 596.0 0.0913460800016 10708.65392 
178.0 165.0 0.179767960002 10620.23204 
292.0 707.0 0.201392640002 10598.60736 
681.0 544.0 0.217315440004 10582.68456 
201.0 248.0 0.533039480011 10266.96052 
641.0 290.0 0.116840000003 10683.16 
703.0 282.0 0.173946800004 10626.0532 
408.0 417.0 0.704990960017 10095.00904 
701.0 478.0 0.367180800004 10432.8192 
354.0 527.0 0.280405120006 10519.59488 
707.0 203.0 0.141922800001 10658.0772 
387.0 372.0 0.907841000023 9892.15899998 
731.0 202.0 0.0160400000004 10783.96 
410.0 449.0 1.96486520004 8835.13479996 
287.0 622.0 0.210840000005 10589.16 
263.0 566.0 0.138756480003 10661.24352 
397.0 405.0 0.736960600018 10063.0394 
431.0 477.0 1.95670340005 8843.29659995 
386.0 195.0 0.203323480004 10596.67652 
507.0 363.0 0.282134000008 10517.866 
565.0 288.0 0.116560000003 10683.44 
657.0 814.0 0.116560000003 10683.44 
764.0 510.0 0.0869616000015 10713.0384 
535.0 172.0 0.346343200002 10453.6568 
674.0 606.0 0.0429455999998 10757.0544 
826.0 441.0 0.115400000003 10684.6 
505.0 272.0 0.0831364800008 10716.86352 
180.0 269.0 0.294344800005 10505.6552 
363.0 295.0 0.503892800013 10296.1072 
430.0 504.0 2.27968520005 8520.31479995 
443.0 488.0 2.46123720005 8338.76279995 
145.0 643.0 0.116560000003 10683.44 
341.0 524.0 0.189798240004 10610.20176 
225.0 241.0 0.51124128001 10288.75872 
455.0 314.0 0.646473800008 10153.5262 
528.0 270.0 0.0368423999997 10763.1576 
472.0 338.0 1.23033920001 9569.66079999 
664.0 509.0 0.635865480008 10164.13452 
242.0 188.0 0.238150720005 10561.84928 
430.0 491.0 2.15624640005 8643.75359995 
136.0 268.0 0.146191080002 10653.80892 
105.0 243.0 0.0849579200014 10715.04208 
277.0 105.0 0.0161200000004 10783.88 
396.0 202.0 0.289264000007 10510.736 
34.0 190.0 0.0556913599999 10744.30864 
243.0 273.0 1.18831200001 9611.68799999 
405.0 280.0 0.234184840006 10565.81516 
306.0 447.0 0.156262080003 10643.73792 
399.0 379.0 0.274109120006 10525.89088 
217.0 441.0 0.0672800000018 10732.72 
630.0 154.0 0.0925720000013 10707.428 
419.0 278.0 0.877025120012 9922.97487999 
322.0 749.0 0.0899860800012 10710.01392 
328.0 410.0 0.535140800013 10264.8592 
321.0 175.0 0.203706680002 10596.29332 
706.0 430.0 0.119519360003 10680.48064 
138.0 334.0 0.200111200002 10599.8888 
179.0 377.0 0.241539000002 10558.461 
301.0 484.0 0.351722000005 10448.278 
589.0 820.0 0.351722000005 10448.278 
579.0 386.0 0.0330800000009 10766.92 
630.0 624.0 0.0155600000004 10784.44 
875.0 429.0 0.347021200004 10452.9788 
679.0 417.0 0.0406856000006 10759.3144 
396.0 181.0 0.294728240007 10505.27176 
884.0 383.0 0.305672280003 10494.32772 
463.0 628.0 0.108682560001 10691.31744 
436.0 470.0 2.17056884006 8629.43115994 
604.0 245.0 0.245314320005 10554.68568 
775.0 526.0 0.109575480001 10690.42452 
519.0 604.0 0.129811200001 10670.1888 
702.0 152.0 0.0836610400012 10716.33896 
517.0 499.0 1.36145680004 9438.54319996 
553.0 356.0 0.0923326000009 10707.6674 
408.0 361.0 0.731727000015 10068.273 
679.0 421.0 0.0400323200009 10759.96768 
561.0 240.0 0.379763200005 10420.2368 
850.0 595.0 0.379763200005 10420.2368 
474.0 746.0 0.0339250000009 10766.075 
223.0 233.0 0.588460000014 10211.54 
941.0 530.0 0.0613474400002 10738.65256 
532.0 454.0 0.269344000005 10530.656 
579.0 177.0 0.164751440002 10635.24856 
319.0 371.0 0.43124360001 10368.7564 
288.0 356.0 0.393736400009 10406.2636 
537.0 481.0 0.945446000015 9854.55399998 
795.0 683.0 0.379763200005 10420.2368 
882.0 424.0 0.144631000002 10655.369 
318.0 639.0 0.148560000004 10651.44 
66.0 725.0 0.148560000004 10651.44 
196.0 622.0 0.114210000002 10685.79 
931.0 356.0 0.170473440003 10629.52656 
393.0 307.0 0.266963920003 10533.03608 
126.0 138.0 0.0969465600009 10703.05344 
678.0 422.0 0.0480800000013 10751.92 
365.0 74.0 0.0260010000003 10773.999 
389.0 425.0 2.47302800003 8326.97199997 
80.0 517.0 0.148560000004 10651.44 
757.0 768.0 0.148560000004 10651.44 
472.0 495.0 2.40180448003 8398.19551997 
929.0 385.0 0.177452920003 10622.54708 
41.0 242.0 0.0171200000004 10782.88 
210.0 815.0 0.148560000004 10651.44 
495.0 321.0 0.529292640011 10270.70736 
256.0 739.0 0.0477400000003 10752.26 
523.0 56.0 0.0477400000003 10752.26 
637.0 752.0 0.00912599999992 10790.874 
750.0 482.0 0.238476240001 10561.52376 
576.0 510.0 0.939806880011 9860.19311999 
708.0 245.0 0.194944240002 10605.05576 
875.0 443.0 0.133417600002 10666.5824 
722.0 559.0 0.0730334400012 10726.96656 
223.0 283.0 0.40100000001 10399.0 
149.0 247.0 0.156734200002 10643.2658 
344.0 503.0 0.534827360008 10265.17264 
213.0 201.0 0.323451520006 10476.54848 
512.0 368.0 0.280040000007 10519.96 
831.0 745.0 0.280040000007 10519.96 
179.0 910.0 0.280040000007 10519.96 
293.0 165.0 0.0899097600019 10710.09024 
693.0 281.0 0.255727360006 10544.27264 
612.0 553.0 0.252464600005 10547.5354 
528.0 770.0 0.0992672000011 10700.7328 
415.0 225.0 0.795743000008 10004.257 
104.0 45.0 0.795743000008 10004.257 
209.0 414.0 0.13799304 10662.00696 
954.0 408.0 0.0743608800014 10725.63912 
523.0 119.0 0.123254840002 10676.74516 
319.0 403.0 0.316184560006 10483.81544 
248.0 59.0 0.0557268399996 10744.27316 
335.0 289.0 1.45781660001 9342.18339999 
598.0 912.0 1.45781660001 9342.18339999
248.0 363.0 0.123254840002 10676.74516 
34.0 41.0 1.61683500002 9183.16499998 
294.0 832.0 0.236230000004 10563.77 
320.0 341.0 1.61683500002 9183.16499998 
378.0 613.0 0.113926000001 10686.074 
890.0 509.0 0.0173200000005 10782.68 
389.0 439.0 1.10234920003 9697.65079997 
312.0 179.0 0.236230000004 10563.77 
212.0 188.0 0.268959200006 10531.0408 
498.0 390.0 1.06976896001 9730.23103999 
461.0 853.0 0.236230000004 10563.77 
722.0 711.0 0.236230000004 10563.77 
888.0 662.0 0.297486000002 10502.514 
287.0 616.0 0.297486000002 10502.514 
154.0 850.0 0.297486000002 10502.514 
388.0 98.0 0.0162000000004 10783.8 
576.0 204.0 0.349125360005 10450.87464 
450.0 578.0 0.0691200000018 10730.88 
138.0 333.0 0.0410359600006 10758.96404 
688.0 304.0 0.375966800003 10424.0332 
