\basestation_0_0\g_250.txt 232 232 232 232 232 232 232 232 232 232
\basestation_0_0\g_300.txt 272 272 272 272 272 272 272 272 272 272
\basestation_0_0\g_350.txt 331 331 331 331 331 331 331 331 331 331
\basestation_0_0\g_400.txt 392 392 392 392 392 392 392 392 392 392
\basestation_0_0\g_450.txt 449 449 449 449 449 449 449 449 449 449
\basestation_0_0\g_475.txt 471 471 471 471 471 471 471 471 471 471
\basestation_0_0\g_500.txt 495 495 495 495 495 495 495 495 495 495
\basestation_0_1000\g_250.txt 229 229 229 229 229 229 229 229 229 229
\basestation_0_1000\g_300.txt 254 254 254 254 254 254 254 254 254 254
\basestation_0_1000\g_350.txt 321 321 321 321 321 321 321 321 321 321
\basestation_0_1000\g_400.txt 389 389 389 389 389 389 389 389 389 389
\basestation_0_1000\g_450.txt 442 442 442 442 442 442 442 442 442 442
\basestation_0_1000\g_475.txt 468 468 468 468 468 468 468 468 468 468
\basestation_0_1000\g_500.txt 496 496 496 496 496 496 496 496 496 496
\basestation_1000_0\g_250.txt 224 224 224 224 224 224 224 224 224 224
\basestation_1000_0\g_300.txt 269 269 269 269 269 269 269 269 269 269
\basestation_1000_0\g_350.txt 326 326 326 326 326 326 326 326 326 326
\basestation_1000_0\g_400.txt 390 390 390 390 390 390 390 390 390 390
\basestation_1000_0\g_450.txt 448 448 448 448 448 448 448 448 448 448
\basestation_1000_0\g_475.txt 469 469 469 469 469 469 469 469 469 469
\basestation_1000_0\g_500.txt 497 497 497 497 497 497 497 497 497 497
\basestation_1000_1000\g_250.txt 240 240 240 240 240 240 240 240 240 240
\basestation_1000_1000\g_300.txt 266 266 266 266 266 266 266 266 266 266
\basestation_1000_1000\g_350.txt 332 332 332 332 332 332 332 332 332 332
\basestation_1000_1000\g_400.txt 394 394 394 394 394 394 394 394 394 394
\basestation_1000_1000\g_450.txt 445 445 445 445 445 445 445 445 445 445
\basestation_1000_1000\g_475.txt 473 473 473 473 473 473 473 473 473 473
\basestation_1000_1000\g_500.txt 496 496 496 496 496 496 496 496 496 496
\basestation_500_500\g_250.txt 237 237 237 237 237 237 237 237 237 237
\basestation_500_500\g_300.txt 266 266 266 266 266 266 266 266 266 266
\basestation_500_500\g_350.txt 325 325 325 325 325 325 325 325 325 325
\basestation_500_500\g_400.txt 386 386 386 386 386 386 386 386 386 386
\basestation_500_500\g_450.txt 438 438 438 438 438 438 438 438 438 438
\basestation_500_500\g_475.txt 469 469 469 469 469 469 469 469 469 469
\basestation_500_500\g_500.txt 494 494 494 494 494 494 494 494 494 494
\basestation_0_0\g_125.txt 119 119 119 119 119 119 119 119 119 119
\basestation_0_0\g_150.txt 136 136 136 136 136 136 136 136 136 136
\basestation_0_0\g_160.txt 142 142 142 142 142 142 142 142 142 142
\basestation_0_0\g_175.txt 160 160 160 160 160 160 160 160 160 160
\basestation_0_0\g_190.txt 176 176 176 176 176 176 176 176 176 176
\basestation_0_0\g_200.txt 182 182 182 182 182 182 182 182 182 182
\basestation_0_1000\g_125.txt 109 109 109 109 109 109 109 109 109 109
\basestation_0_1000\g_150.txt 138 138 138 138 138 138 138 138 138 138
\basestation_0_1000\g_160.txt 145 145 145 145 145 145 145 145 145 145
\basestation_0_1000\g_175.txt 165 165 165 165 165 165 165 165 165 165
\basestation_0_1000\g_190.txt 176 176 176 176 176 176 176 176 176 176
\basestation_0_1000\g_200.txt 179 179 179 179 179 179 179 179 179 179
\basestation_1000_0\g_125.txt 114 114 114 114 114 114 114 114 114 114
\basestation_1000_0\g_150.txt 138 138 138 138 138 138 138 138 138 138
\basestation_1000_0\g_160.txt 145 145 145 145 145 145 145 145 145 145
\basestation_1000_0\g_175.txt 162 162 162 162 162 162 162 162 162 162
\basestation_1000_0\g_190.txt 179 179 179 179 179 179 179 179 179 179
\basestation_1000_0\g_200.txt 185 185 185 185 185 185 185 185 185 185
\basestation_1000_1000\g_125.txt 117 117 117 117 117 117 117 117 117 117
\basestation_1000_1000\g_150.txt 139 139 139 139 139 139 139 139 139 139
\basestation_1000_1000\g_160.txt 147 147 147 147 147 147 147 147 147 147
\basestation_1000_1000\g_175.txt 168 168 168 168 168 168 168 168 168 168
\basestation_1000_1000\g_200.txt 186 186 186 186 186 186 186 186 186 186
\basestation_500_500\g_125.txt 115 115 115 115 115 115 115 115 115 115
\basestation_500_500\g_150.txt 141 141 141 141 141 141 141 141 141 141
\basestation_500_500\g_160.txt 153 153 153 153 153 153 153 153 153 153
\basestation_500_500\g_175.txt 161 161 161 161 161 161 161 161 161 161
\basestation_500_500\g_190.txt 180 180 180 180 180 180 180 180 180 180
\basestation_500_500\g_200.txt 196 196 196 196 196 196 196 196 196 196
\basestation_0_0\small_dataset\g_100.txt 97 97 97 97 97 97 97 97 97 97
\basestation_0_0\small_dataset\g_20.txt 16 16 16 16 16 16 16 16 16 16
\basestation_0_0\small_dataset\g_25.txt 21 21 21 21 21 21 21 21 21 21
\basestation_0_0\small_dataset\g_30.txt 30 30 30 30 30 30 30 30 30 30
\basestation_0_0\small_dataset\g_35.txt 31 31 31 31 31 31 31 31 31 31
\basestation_0_0\small_dataset\g_40.txt 35 35 35 35 35 35 35 35 35 35
\basestation_0_0\small_dataset\g_45.txt 37 37 37 37 37 37 37 37 37 37
\basestation_0_0\small_dataset\g_50.txt 48 48 48 48 48 48 48 48 48 48
\basestation_0_0\small_dataset\g_60.txt 53 53 53 53 53 53 53 53 53 53
\basestation_0_0\small_dataset\g_75.txt 71 71 71 71 71 71 71 71 71 71
\basestation_0_0\small_dataset\g_90.txt 86 86 86 86 86 86 86 86 86 86
\basestation_0_500\small_dataset\g_100.txt 95 95 95 95 95 95 95 95 95 95
\basestation_0_500\small_dataset\g_20.txt 19 19 19 19 19 19 19 19 19 19
\basestation_0_500\small_dataset\g_25.txt 23 23 23 23 23 23 23 23 23 23
\basestation_0_500\small_dataset\g_30.txt 22 22 22 22 22 22 22 22 22 22
\basestation_0_500\small_dataset\g_35.txt 28 28 28 28 28 28 28 28 28 28
\basestation_0_500\small_dataset\g_40.txt 38 38 38 38 38 38 38 38 38 38
\basestation_0_500\small_dataset\g_45.txt 44 44 44 44 44 44 44 44 44 44
\basestation_0_500\small_dataset\g_50.txt 40 40 40 40 40 40 40 40 40 40
\basestation_0_500\small_dataset\g_60.txt 57 57 57 57 57 57 57 57 57 57
\basestation_0_500\small_dataset\g_75.txt 67 67 67 67 67 67 67 67 67 67
\basestation_0_500\small_dataset\g_90.txt 88 88 88 88 88 88 88 88 88 88
\basestation_500_0\small_dataset\g_100.txt 98 98 98 98 98 98 98 98 98 98
\basestation_500_0\small_dataset\g_20.txt 18 18 18 18 18 18 18 18 18 18
\basestation_500_0\small_dataset\g_25.txt 23 23 23 23 23 23 23 23 23 23
\basestation_500_0\small_dataset\g_30.txt 24 24 24 24 24 24 24 24 24 24
\basestation_500_0\small_dataset\g_35.txt 30 30 30 30 30 30 30 30 30 30
\basestation_500_0\small_dataset\g_40.txt 36 36 36 36 36 36 36 36 36 36
\basestation_500_0\small_dataset\g_45.txt 39 39 39 39 39 39 39 39 39 39
\basestation_500_0\small_dataset\g_50.txt 48 48 48 48 48 48 48 48 48 48
\basestation_500_0\small_dataset\g_60.txt 56 56 56 56 56 56 56 56 56 56
\basestation_500_0\small_dataset\g_75.txt 71 71 71 71 71 71 71 71 71 71
\basestation_500_0\small_dataset\g_90.txt 78 78 78 78 78 78 78 78 78 78
\basestation_500_500\small_dataset\g_100.txt 92 92 92 92 92 92 92 92 92 92
\basestation_500_500\small_dataset\g_20.txt 20 20 20 20 20 20 20 20 20 20
\basestation_500_500\small_dataset\g_25.txt 22 22 22 22 22 22 22 22 22 22
\basestation_500_500\small_dataset\g_30.txt 29 29 29 29 29 29 29 29 29 29
\basestation_500_500\small_dataset\g_35.txt 34 34 34 34 34 34 34 34 34 34
\basestation_500_500\small_dataset\g_40.txt 38 38 38 38 38 38 38 38 38 38
\basestation_500_500\small_dataset\g_45.txt 40 40 40 40 40 40 40 40 40 40
\basestation_500_500\small_dataset\g_50.txt 46 46 46 46 46 46 46 46 46 46
\basestation_500_500\small_dataset\g_60.txt 57 57 57 57 57 57 57 57 57 57
\basestation_500_500\small_dataset\g_75.txt 69 69 69 69 69 69 69 69 69 69
\basestation_500_500\small_dataset\g_90.txt 86 86 86 86 86 86 86 86 86 86
