filename xP #1 #2 #3 #4 #5 #6 #7 #8 #9 #10
u125_01_simulated.txt 1.0 58 58 58 58 58 58 58 58 58 58 
u125_02_simulated.txt 1.0 64 64 64 64 64 64 64 64 64 64 
u125_03_simulated.txt 1.0 54 54 54 54 54 54 54 54 54 54 
u125_04_simulated.txt 1.0 48 48 48 48 48 48 48 48 48 48 
u125_05_simulated.txt 1.0 51 51 51 51 51 51 51 51 51 51 
u125_06_simulated.txt 1.0 38 38 38 38 38 38 38 38 38 38 
u125_07_simulated.txt 1.0 28 28 28 28 28 28 28 28 28 28 
u125_08_simulated.txt 1.0 63 63 63 63 63 63 63 63 63 63 
u125_09_simulated.txt 1.0 62 62 62 62 62 62 62 62 62 62 
u125_010_simulated.txt 1.0 60 60 60 60 60 60 60 60 60 60 
u150_01_simulated.txt 1.0 78 78 78 78 78 78 78 78 78 78 
u150_02_simulated.txt 1.0 81 81 81 81 81 81 81 81 81 81 
u150_03_simulated.txt 1.0 87 87 87 87 87 87 87 87 87 87 
u150_04_simulated.txt 1.0 72 72 72 72 72 72 72 72 72 72 
u150_05_simulated.txt 1.0 65 65 65 65 65 65 65 65 65 65 
u150_06_simulated.txt 1.0 84 84 84 84 84 84 84 84 84 84 
u150_07_simulated.txt 1.0 83 83 83 83 83 83 83 83 83 83 
u150_08_simulated.txt 1.0 78 78 78 78 78 78 78 78 78 78 
u150_09_simulated.txt 1.0 69 69 69 69 69 69 69 69 69 69 
u150_010_simulated.txt 1.0 74 74 74 74 74 74 74 74 74 74 
u175_01_simulated.txt 1.0 91 91 91 91 91 91 91 91 91 91 
u175_02_simulated.txt 1.0 103 103 103 103 103 103 103 103 103 103 
u175_03_simulated.txt 1.0 109 109 109 109 109 109 109 109 109 109 
u175_04_simulated.txt 1.0 84 84 84 84 84 84 84 84 84 84 
u175_05_simulated.txt 1.0 101 101 101 101 101 101 101 101 101 101 
u175_06_simulated.txt 1.0 90 90 90 90 90 90 90 90 90 90 
u175_07_simulated.txt 1.0 92 92 92 92 92 92 92 92 92 92 
u175_08_simulated.txt 1.0 102 102 102 102 102 102 102 102 102 102 
u175_09_simulated.txt 1.0 101 101 101 101 101 101 101 101 101 101 
u175_010_simulated.txt 1.0 93 93 93 93 93 93 93 93 93 93 
u200_01_simulated.txt 1.0 115 115 115 115 115 115 115 115 115 115 
u200_02_simulated.txt 1.0 115 115 115 115 115 115 115 115 115 115 
u200_03_simulated.txt 1.0 132 132 132 132 132 132 132 132 132 132 
u200_04_simulated.txt 1.0 124 124 124 124 124 124 124 124 124 124 
u200_05_simulated.txt 1.0 123 123 123 123 123 123 123 123 123 123 
u200_06_simulated.txt 1.0 126 126 126 126 126 126 126 126 126 126 
u200_07_simulated.txt 1.0 95 95 95 95 95 95 95 95 95 95 
u200_08_simulated.txt 1.0 115 115 115 115 115 115 115 115 115 115 
u200_09_simulated.txt 1.0 124 124 124 124 124 124 124 124 124 124 
u200_010_simulated.txt 1.0 129 129 129 129 129 129 129 129 129 129 
u125_01_simulated.txt 1.5 71 71 71 71 71 71 71 71 71 71 
u125_02_simulated.txt 1.5 80 80 80 80 80 80 80 80 80 80 
u125_03_simulated.txt 1.5 65 65 65 65 65 65 65 65 65 65 
u125_04_simulated.txt 1.5 66 66 66 66 66 66 66 66 66 66 
u125_05_simulated.txt 1.5 72 72 72 72 72 72 72 72 72 72 
u125_06_simulated.txt 1.5 61 61 61 61 61 61 61 61 61 61 
u125_07_simulated.txt 1.5 45 45 45 45 45 45 45 45 45 45 
u125_08_simulated.txt 1.5 76 76 76 76 76 76 76 76 76 76 
u125_09_simulated.txt 1.5 80 80 80 80 80 80 80 80 80 80 
u125_010_simulated.txt 1.5 77 77 77 77 77 77 77 77 77 77 
u150_01_simulated.txt 1.5 89 89 89 89 89 89 89 89 89 89 
u150_02_simulated.txt 1.5 96 96 96 96 96 96 96 96 96 96 
u150_03_simulated.txt 1.5 100 100 100 100 100 100 100 100 100 100 
u150_04_simulated.txt 1.5 91 91 91 91 91 91 91 91 91 91 
u150_05_simulated.txt 1.5 86 86 86 86 86 86 86 86 86 86 
u150_06_simulated.txt 1.5 103 103 103 103 103 103 103 103 103 103 
u150_07_simulated.txt 1.5 96 96 96 96 96 96 96 96 96 96 
u150_08_simulated.txt 1.5 91 91 91 91 91 91 91 91 91 91 
u150_09_simulated.txt 1.5 90 90 90 90 90 90 90 90 90 90 
u150_010_simulated.txt 1.5 96 96 96 96 96 96 96 96 96 96 
u175_01_simulated.txt 1.5 116 116 116 116 116 116 116 116 116 116 
u175_02_simulated.txt 1.5 119 119 119 119 119 119 119 119 119 119 
u175_03_simulated.txt 1.5 124 124 124 124 124 124 124 124 124 124 
u175_04_simulated.txt 1.5 104 104 104 104 104 104 104 104 104 104 
u175_05_simulated.txt 1.5 119 119 119 119 119 119 119 119 119 119 
u175_06_simulated.txt 1.5 113 113 113 113 113 113 113 113 113 113 
u175_07_simulated.txt 1.5 110 110 110 110 110 110 110 110 110 110 
u175_08_simulated.txt 1.5 118 118 118 118 118 118 118 118 118 118 
u175_09_simulated.txt 1.5 115 115 115 115 115 115 115 115 115 115 
u175_010_simulated.txt 1.5 113 113 113 113 113 113 113 113 113 113 
u200_01_simulated.txt 1.5 138 138 138 138 138 138 138 138 138 138 
u200_02_simulated.txt 1.5 138 138 138 138 138 138 138 138 138 138 
u200_03_simulated.txt 1.5 151 151 151 151 151 151 151 151 151 151 
u200_04_simulated.txt 1.5 147 147 147 147 147 147 147 147 147 147 
u200_05_simulated.txt 1.5 140 140 140 140 140 140 140 140 140 140 
u200_06_simulated.txt 1.5 146 146 146 146 146 146 146 146 146 146 
u200_07_simulated.txt 1.5 120 120 120 120 120 120 120 120 120 120 
u200_08_simulated.txt 1.5 140 140 140 140 140 140 140 140 140 140 
u200_09_simulated.txt 1.5 140 140 140 140 140 140 140 140 140 140 
u200_010_simulated.txt 1.5 145 145 145 145 145 145 145 145 145 145 
u125_01_simulated.txt 2.0 80 80 80 80 80 80 80 80 80 80 
u125_02_simulated.txt 2.0 87 87 87 87 87 87 87 87 87 87 
u125_03_simulated.txt 2.0 88 88 88 88 88 88 88 88 88 88 
u125_04_simulated.txt 2.0 86 86 86 86 86 86 86 86 86 86 
u125_05_simulated.txt 2.0 79 79 79 79 79 79 79 79 79 79 
u125_06_simulated.txt 2.0 71 71 71 71 71 71 71 71 71 71 
u125_07_simulated.txt 2.0 62 62 62 62 62 62 62 62 62 62 
u125_08_simulated.txt 2.0 84 84 84 84 84 84 84 84 84 84 
u125_09_simulated.txt 2.0 89 89 89 89 89 89 89 89 89 89 
u125_010_simulated.txt 2.0 85 85 85 85 85 85 85 85 85 85 
u150_01_simulated.txt 2.0 94 94 94 94 94 94 94 94 94 94 
u150_02_simulated.txt 2.0 105 105 105 105 105 105 105 105 105 105 
u150_03_simulated.txt 2.0 109 109 109 109 109 109 109 109 109 109 
u150_04_simulated.txt 2.0 104 104 104 104 104 104 104 104 104 104 
u150_05_simulated.txt 2.0 94 94 94 94 94 94 94 94 94 94 
u150_06_simulated.txt 2.0 111 111 111 111 111 111 111 111 111 111 
u150_07_simulated.txt 2.0 104 104 104 104 104 104 104 104 104 104 
u150_08_simulated.txt 2.0 96 96 96 96 96 96 96 96 96 96 
u150_09_simulated.txt 2.0 98 98 98 98 98 98 98 98 98 98 
u150_010_simulated.txt 2.0 105 105 105 105 105 105 105 105 105 105 
u175_01_simulated.txt 2.0 127 127 127 127 127 127 127 127 127 127 
u175_02_simulated.txt 2.0 129 129 129 129 129 129 129 129 129 129 
u175_03_simulated.txt 2.0 133 133 133 133 133 133 133 133 133 133 
u175_04_simulated.txt 2.0 120 120 120 120 120 120 120 120 120 120 
u175_05_simulated.txt 2.0 131 131 131 131 131 131 131 131 131 131 
u175_06_simulated.txt 2.0 118 118 118 118 118 118 118 118 118 118 
u175_07_simulated.txt 2.0 119 119 119 119 119 119 119 119 119 119 
u175_08_simulated.txt 2.0 127 127 127 127 127 127 127 127 127 127 
u175_09_simulated.txt 2.0 122 122 122 122 122 122 122 122 122 122 
u175_010_simulated.txt 2.0 124 124 124 124 124 124 124 124 124 124 
u200_01_simulated.txt 2.0 144 144 144 144 144 144 144 144 144 144 
u200_02_simulated.txt 2.0 144 144 144 144 144 144 144 144 144 144 
u200_03_simulated.txt 2.0 162 162 162 162 162 162 162 162 162 162 
u200_04_simulated.txt 2.0 160 160 160 160 160 160 160 160 160 160 
u200_05_simulated.txt 2.0 150 150 150 150 150 150 150 150 150 150 
u200_06_simulated.txt 2.0 152 152 152 152 152 152 152 152 152 152 
u200_07_simulated.txt 2.0 138 138 138 138 138 138 138 138 138 138 
u200_08_simulated.txt 2.0 148 148 148 148 148 148 148 148 148 148 
u200_09_simulated.txt 2.0 151 151 151 151 151 151 151 151 151 151 
u200_010_simulated.txt 2.0 155 155 155 155 155 155 155 155 155 155 
u125_01_simulated.txt 2.5 87 87 87 87 87 87 87 87 87 87 
u125_02_simulated.txt 2.5 93 93 93 93 93 93 93 93 93 93 
u125_03_simulated.txt 2.5 89 89 89 89 89 89 89 89 89 89 
u125_04_simulated.txt 2.5 88 88 88 88 88 88 88 88 88 88 
u125_05_simulated.txt 2.5 87 87 87 87 87 87 87 87 87 87 
u125_06_simulated.txt 2.5 74 74 74 74 74 74 74 74 74 74 
u125_07_simulated.txt 2.5 67 67 67 67 67 67 67 67 67 67 
u125_08_simulated.txt 2.5 89 89 89 89 89 89 89 89 89 89 
u125_09_simulated.txt 2.5 91 91 91 91 91 91 91 91 91 91 
u125_010_simulated.txt 2.5 91 91 91 91 91 91 91 91 91 91 
u150_01_simulated.txt 2.5 100 100 100 100 100 100 100 100 100 100 
u150_02_simulated.txt 2.5 110 110 110 110 110 110 110 110 110 110 
u150_03_simulated.txt 2.5 114 114 114 114 114 114 114 114 114 114 
u150_04_simulated.txt 2.5 109 109 109 109 109 109 109 109 109 109 
u150_05_simulated.txt 2.5 100 100 100 100 100 100 100 100 100 100 
u150_06_simulated.txt 2.5 117 117 117 117 117 117 117 117 117 117 
u150_07_simulated.txt 2.5 109 109 109 109 109 109 109 109 109 109 
u150_08_simulated.txt 2.5 105 105 105 105 105 105 105 105 105 105 
u150_09_simulated.txt 2.5 105 105 105 105 105 105 105 105 105 105 
u150_010_simulated.txt 2.5 110 110 110 110 110 110 110 110 110 110 
u175_01_simulated.txt 2.5 129 129 129 129 129 129 129 129 129 129 
u175_02_simulated.txt 2.5 136 136 136 136 136 136 136 136 136 136 
u175_03_simulated.txt 2.5 141 141 141 141 141 141 141 141 141 141 
u175_04_simulated.txt 2.5 127 127 127 127 127 127 127 127 127 127 
u175_05_simulated.txt 2.5 136 136 136 136 136 136 136 136 136 136 
u175_06_simulated.txt 2.5 126 126 126 126 126 126 126 126 126 126 
u175_07_simulated.txt 2.5 126 126 126 126 126 126 126 126 126 126 
u175_08_simulated.txt 2.5 132 132 132 132 132 132 132 132 132 132 
u175_09_simulated.txt 2.5 126 126 126 126 126 126 126 126 126 126 
u175_010_simulated.txt 2.5 130 130 130 130 130 130 130 130 130 130 
u200_01_simulated.txt 2.5 151 151 151 151 151 151 151 151 151 151 
u200_02_simulated.txt 2.5 151 151 151 151 151 151 151 151 151 151 
u200_03_simulated.txt 2.5 169 169 169 169 169 169 169 169 169 169 
u200_04_simulated.txt 2.5 159 159 159 159 159 159 159 159 159 159 
u200_05_simulated.txt 2.5 153 153 153 153 153 153 153 153 153 153 
u200_06_simulated.txt 2.5 157 157 157 157 157 157 157 157 157 157 
u200_07_simulated.txt 2.5 142 142 142 142 142 142 142 142 142 142 
u200_08_simulated.txt 2.5 159 159 159 159 159 159 159 159 159 159 
u200_09_simulated.txt 2.5 160 160 160 160 160 160 160 160 160 160 
u200_010_simulated.txt 2.5 159 159 159 159 159 159 159 159 159 159 
u125_01_simulated.txt 3.0 89 89 89 89 89 89 89 89 89 89 
u125_02_simulated.txt 3.0 97 97 97 97 97 97 97 97 97 97 
u125_03_simulated.txt 3.0 95 95 95 95 95 95 95 95 95 95 
u125_04_simulated.txt 3.0 94 94 94 94 94 94 94 94 94 94 
u125_05_simulated.txt 3.0 93 93 93 93 93 93 93 93 93 93 
u125_06_simulated.txt 3.0 77 77 77 77 77 77 77 77 77 77 
u125_07_simulated.txt 3.0 72 72 72 72 72 72 72 72 72 72 
u125_08_simulated.txt 3.0 92 92 92 92 92 92 92 92 92 92 
u125_09_simulated.txt 3.0 94 94 94 94 94 94 94 94 94 94 
u125_010_simulated.txt 3.0 94 94 94 94 94 94 94 94 94 94 
u150_01_simulated.txt 3.0 104 104 104 104 104 104 104 104 104 104 
u150_02_simulated.txt 3.0 116 116 116 116 116 116 116 116 116 116 
u150_03_simulated.txt 3.0 116 116 116 116 116 116 116 116 116 116 
u150_04_simulated.txt 3.0 113 113 113 113 113 113 113 113 113 113 
u150_05_simulated.txt 3.0 103 103 103 103 103 103 103 103 103 103 
u150_06_simulated.txt 3.0 120 120 120 120 120 120 120 120 120 120 
u150_07_simulated.txt 3.0 115 115 115 115 115 115 115 115 115 115 
u150_08_simulated.txt 3.0 109 109 109 109 109 109 109 109 109 109 
u150_09_simulated.txt 3.0 107 107 107 107 107 107 107 107 107 107 
u150_010_simulated.txt 3.0 114 114 114 114 114 114 114 114 114 114 
u175_01_simulated.txt 3.0 136 136 136 136 136 136 136 136 136 136 
u175_02_simulated.txt 3.0 137 137 137 137 137 137 137 137 137 137 
u175_03_simulated.txt 3.0 141 141 141 141 141 141 141 141 141 141 
u175_04_simulated.txt 3.0 130 130 130 130 130 130 130 130 130 130 
u175_05_simulated.txt 3.0 141 141 141 141 141 141 141 141 141 141 
u175_06_simulated.txt 3.0 129 129 129 129 129 129 129 129 129 129 
u175_07_simulated.txt 3.0 127 127 127 127 127 127 127 127 127 127 
u175_08_simulated.txt 3.0 136 136 136 136 136 136 136 136 136 136 
u175_09_simulated.txt 3.0 134 134 134 134 134 134 134 134 134 134 
u175_010_simulated.txt 3.0 134 134 134 134 134 134 134 134 134 134 
u200_01_simulated.txt 3.0 154 154 154 154 154 154 154 154 154 154 
u200_02_simulated.txt 3.0 154 154 154 154 154 154 154 154 154 154 
u200_03_simulated.txt 3.0 169 169 169 169 169 169 169 169 169 169 
u200_04_simulated.txt 3.0 162 162 162 162 162 162 162 162 162 162 
u200_05_simulated.txt 3.0 157 157 157 157 157 157 157 157 157 157 
u200_06_simulated.txt 3.0 164 164 164 164 164 164 164 164 164 164 
u200_07_simulated.txt 3.0 149 149 149 149 149 149 149 149 149 149 
u200_08_simulated.txt 3.0 164 164 164 164 164 164 164 164 164 164 
u200_09_simulated.txt 3.0 163 163 163 163 163 163 163 163 163 163 
u200_010_simulated.txt 3.0 162 162 162 162 162 162 162 162 162 162 
