filename T #1 #2 #3 #4 #5 #6 #7 #8 #9 #10
g_125.txt 32000.0 0 0 0 0 0 0 0 0 0 0 
g_125.txt 72000.0 0 0 0 0 0 0 0 0 0 0 
g_125.txt 86400.0 1 1 1 1 1 1 1 1 1 1 
g_125.txt 129600.0 10 10 10 10 10 10 10 10 10 10 
g_125.txt 172800.0 22 22 22 22 22 22 22 22 22 22 
g_125.txt 216000.0 26 26 26 26 26 26 26 26 26 26 
g_125.txt 720000.0 32 32 32 32 32 32 32 32 32 32 
g_150.txt 32000.0 0 0 0 0 0 0 0 0 0 0 
g_150.txt 72000.0 2 2 2 2 2 2 2 2 2 2 
g_150.txt 86400.0 9 9 9 9 9 9 9 9 9 9 
g_150.txt 129600.0 29 29 29 29 29 29 29 29 29 29 
g_150.txt 172800.0 38 38 38 38 38 38 38 38 38 38 
g_150.txt 216000.0 50 50 50 50 50 50 50 50 50 50 
g_150.txt 720000.0 51 51 51 51 51 51 51 51 51 51 
g_160.txt 32000.0 10 10 10 10 10 10 10 10 10 10 
g_160.txt 72000.0 25 25 25 25 25 25 25 25 25 25 
g_160.txt 86400.0 30 30 30 30 30 30 30 30 30 30 
g_160.txt 129600.0 42 42 42 42 42 42 42 42 42 42 
g_160.txt 172800.0 49 49 49 49 49 49 49 49 49 49 
g_160.txt 216000.0 54 54 54 54 54 54 54 54 54 54 
g_160.txt 720000.0 56 56 56 56 56 56 56 56 56 56 
g_175.txt 32000.0 8 8 8 8 8 8 8 8 8 8 
g_175.txt 72000.0 24 24 24 24 24 24 24 24 24 24 
g_175.txt 86400.0 35 35 35 35 35 35 35 35 35 35 
g_175.txt 129600.0 50 50 50 50 50 50 50 50 50 50 
g_175.txt 172800.0 61 61 61 61 61 61 61 61 61 61 
g_175.txt 216000.0 65 65 65 65 65 65 65 65 65 65 
g_175.txt 720000.0 67 67 67 67 67 67 67 67 67 67 
g_190.txt 32000.0 0 0 0 0 0 0 0 0 0 0 
g_190.txt 72000.0 13 13 13 13 13 13 13 13 13 13 
g_190.txt 86400.0 22 22 22 22 22 22 22 22 22 22 
g_190.txt 129600.0 37 37 37 37 37 37 37 37 37 37 
g_190.txt 172800.0 55 55 55 55 55 55 55 55 55 55 
g_190.txt 216000.0 70 70 70 70 70 70 70 70 70 70 
g_190.txt 720000.0 76 76 76 76 76 76 76 76 76 76 
g_200.txt 32000.0 0 0 0 0 0 0 0 0 0 0 
g_200.txt 72000.0 12 12 12 12 12 12 12 12 12 12 
g_200.txt 86400.0 15 15 15 15 15 15 15 15 15 15 
g_200.txt 129600.0 36 36 36 36 36 36 36 36 36 36 
g_200.txt 172800.0 59 59 59 59 59 59 59 59 59 59 
g_200.txt 216000.0 67 67 67 67 67 67 67 67 67 67 
g_200.txt 720000.0 85 85 85 85 85 85 85 85 85 85 
