filename U #1 #2 #3 #4 #5 #6 #7 #8 #9 #10
n20_01.txt 5.0 0 0 0 0 0 0 0 0 0 0 
n20_01.txt 10.0 0 0 0 0 0 0 0 0 0 0 
n20_01.txt 15.0 0 0 0 0 0 0 0 0 0 0 
n20_01.txt 20.0 0 0 0 0 0 0 0 0 0 0 
n20_01.txt 25.0 0 0 0 0 0 0 0 0 0 0 
n20_02.txt 5.0 0 0 0 0 0 0 0 0 0 0 
n20_02.txt 10.0 0 0 0 0 0 0 0 0 0 0 
n20_02.txt 15.0 0 0 0 0 0 0 0 0 0 0 
n20_02.txt 20.0 0 0 0 0 0 0 0 0 0 0 
n20_02.txt 25.0 0 0 0 0 0 0 0 0 0 0 
n20_03.txt 5.0 0 0 0 0 0 0 0 0 0 0 
n20_03.txt 10.0 0 0 0 0 0 0 0 0 0 0 
n20_03.txt 15.0 0 0 0 0 0 0 0 0 0 0 
n20_03.txt 20.0 0 0 0 0 0 0 0 0 0 0 
n20_03.txt 25.0 0 0 0 0 0 0 0 0 0 0 
n20_04.txt 5.0 0 0 0 0 0 0 0 0 0 0 
n20_04.txt 10.0 0 0 0 0 0 0 0 0 0 0 
n20_04.txt 15.0 0 0 0 0 0 0 0 0 0 0 
n20_04.txt 20.0 0 0 0 0 0 0 0 0 0 0 
n20_04.txt 25.0 0 0 0 0 0 0 0 0 0 0 
n20_05.txt 5.0 0 0 0 0 0 0 0 0 0 0 
n20_05.txt 10.0 0 0 0 0 0 0 0 0 0 0 
n20_05.txt 15.0 0 0 0 0 0 0 0 0 0 0 
n20_05.txt 20.0 0 0 0 0 0 0 0 0 0 0 
n20_05.txt 25.0 0 0 0 0 0 0 0 0 0 0 
n25_01.txt 5.0 0 0 0 0 0 0 0 0 0 0 
n25_01.txt 10.0 0 0 0 0 0 0 0 0 0 0 
n25_01.txt 15.0 0 0 0 0 0 0 0 0 0 0 
n25_01.txt 20.0 0 0 0 0 0 0 0 0 0 0 
n25_01.txt 25.0 0 0 0 0 0 0 0 0 0 0 
n25_02.txt 5.0 2 2 2 2 2 2 2 2 2 2 
n25_02.txt 10.0 1 1 1 1 1 1 1 1 1 1 
n25_02.txt 15.0 1 1 1 1 1 1 1 1 1 1 
n25_02.txt 20.0 1 1 1 1 1 1 1 1 1 1 
n25_02.txt 25.0 1 1 1 1 1 1 1 1 1 1 
n25_03.txt 5.0 5 5 5 5 5 5 5 5 5 5 
n25_03.txt 10.0 4 4 4 4 4 4 4 4 4 4 
n25_03.txt 15.0 3 3 3 3 3 3 3 3 3 3 
n25_03.txt 20.0 2 2 2 2 2 2 2 2 2 2 
n25_03.txt 25.0 2 2 2 2 2 2 2 2 2 2 
n25_04.txt 5.0 0 0 0 0 0 0 0 0 0 0 
n25_04.txt 10.0 0 0 0 0 0 0 0 0 0 0 
n25_04.txt 15.0 0 0 0 0 0 0 0 0 0 0 
n25_04.txt 20.0 0 0 0 0 0 0 0 0 0 0 
n25_04.txt 25.0 0 0 0 0 0 0 0 0 0 0 
n25_05.txt 5.0 0 0 0 0 0 0 0 0 0 0 
n25_05.txt 10.0 0 0 0 0 0 0 0 0 0 0 
n25_05.txt 15.0 0 0 0 0 0 0 0 0 0 0 
n25_05.txt 20.0 0 0 0 0 0 0 0 0 0 0 
n25_05.txt 25.0 0 0 0 0 0 0 0 0 0 0 
n50_01.txt 5.0 16 16 16 16 16 16 16 16 16 16 
n50_01.txt 10.0 12 12 12 12 12 12 12 12 12 12 
n50_01.txt 15.0 9 9 9 9 9 9 9 9 9 9 
n50_01.txt 20.0 11 11 11 11 11 11 11 11 11 11 
n50_01.txt 25.0 13 13 13 13 13 13 13 13 13 13 
n50_02.txt 5.0 17 17 17 17 17 17 17 17 17 17 
n50_02.txt 10.0 13 13 13 13 13 13 13 13 13 13 
n50_02.txt 15.0 14 14 14 14 14 14 14 14 14 14 
n50_02.txt 20.0 13 13 13 13 13 13 13 13 13 13 
n50_02.txt 25.0 10 10 10 10 10 10 10 10 10 10 
n50_03.txt 5.0 7 7 7 7 7 7 7 7 7 7 
n50_03.txt 10.0 8 8 8 8 8 8 8 8 8 8 
n50_03.txt 15.0 7 7 7 7 7 7 7 7 7 7 
n50_03.txt 20.0 5 5 5 5 5 5 5 5 5 5 
n50_03.txt 25.0 5 5 5 5 5 5 5 5 5 5 
n50_04.txt 5.0 21 21 21 21 21 21 21 21 21 21 
n50_04.txt 10.0 11 11 11 11 11 11 11 11 11 11 
n50_04.txt 15.0 8 8 8 8 8 8 8 8 8 8 
n50_04.txt 20.0 5 5 5 5 5 5 5 5 5 5 
n50_04.txt 25.0 4 4 4 4 4 4 4 4 4 4 
n50_05.txt 5.0 17 17 17 17 17 17 17 17 17 17 
n50_05.txt 10.0 14 14 14 14 14 14 14 14 14 14 
n50_05.txt 15.0 11 11 11 11 11 11 11 11 11 11 
n50_05.txt 20.0 9 9 9 9 9 9 9 9 9 9 
n50_05.txt 25.0 7 7 7 7 7 7 7 7 7 7 
n75_01.txt 5.0 28 28 28 28 28 28 28 28 28 28 
n75_01.txt 10.0 20 20 20 20 20 20 20 20 20 20 
n75_01.txt 15.0 17 17 17 17 17 17 17 17 17 17 
n75_01.txt 20.0 12 12 12 12 12 12 12 12 12 12 
n75_01.txt 25.0 9 9 9 9 9 9 9 9 9 9 
n75_02.txt 5.0 44 44 44 44 44 44 44 44 44 44 
n75_02.txt 10.0 33 33 33 33 33 33 33 33 33 33 
n75_02.txt 15.0 29 29 29 29 29 29 29 29 29 29 
n75_02.txt 20.0 26 26 26 26 26 26 26 26 26 26 
n75_02.txt 25.0 22 22 22 22 22 22 22 22 22 22 
n75_03.txt 5.0 28 28 28 28 28 28 28 28 28 28 
n75_03.txt 10.0 22 22 22 22 22 22 22 22 22 22 
n75_03.txt 15.0 26 26 26 26 26 26 26 26 26 26 
n75_03.txt 20.0 16 16 16 16 16 16 16 16 16 16 
n75_03.txt 25.0 15 15 15 15 15 15 15 15 15 15 
n75_04.txt 5.0 29 29 29 29 29 29 29 29 29 29 
n75_04.txt 10.0 23 23 23 23 23 23 23 23 23 23 
n75_04.txt 15.0 20 20 20 20 20 20 20 20 20 20 
n75_04.txt 20.0 21 21 21 21 21 21 21 21 21 21 
n75_04.txt 25.0 17 17 17 17 17 17 17 17 17 17 
n75_05.txt 5.0 23 23 23 23 23 23 23 23 23 23 
n75_05.txt 10.0 13 13 13 13 13 13 13 13 13 13 
n75_05.txt 15.0 10 10 10 10 10 10 10 10 10 10 
n75_05.txt 20.0 9 9 9 9 9 9 9 9 9 9 
n75_05.txt 25.0 7 7 7 7 7 7 7 7 7 7 
n100_01.txt 5.0 45 45 45 45 45 45 45 45 45 45 
n100_01.txt 10.0 38 38 38 38 38 38 38 38 38 38 
n100_01.txt 15.0 27 27 27 27 27 27 27 27 27 27 
n100_01.txt 20.0 25 25 25 25 25 25 25 25 25 25 
n100_01.txt 25.0 25 25 25 25 25 25 25 25 25 25 
n100_02.txt 5.0 58 58 58 58 58 58 58 58 58 58 
n100_02.txt 10.0 48 48 48 48 48 48 48 48 48 48 
n100_02.txt 15.0 40 40 40 40 40 40 40 40 40 40 
n100_02.txt 20.0 34 34 34 34 34 34 34 34 34 34 
n100_02.txt 25.0 37 37 37 37 37 37 37 37 37 37 
n100_03.txt 5.0 52 52 52 52 52 52 52 52 52 52 
n100_03.txt 10.0 39 39 39 39 39 39 39 39 39 39 
n100_03.txt 15.0 30 30 30 30 30 30 30 30 30 30 
n100_03.txt 20.0 28 28 28 28 28 28 28 28 28 28 
n100_03.txt 25.0 25 25 25 25 25 25 25 25 25 25 
n100_04.txt 5.0 63 63 63 63 63 63 63 63 63 63 
n100_04.txt 10.0 53 53 53 53 53 53 53 53 53 53 
n100_04.txt 15.0 44 44 44 44 44 44 44 44 44 44 
n100_04.txt 20.0 36 36 36 36 36 36 36 36 36 36 
n100_04.txt 25.0 36 36 36 36 36 36 36 36 36 36 
n100_05.txt 5.0 52 52 52 52 52 52 52 52 52 52 
n100_05.txt 10.0 35 35 35 35 35 35 35 35 35 35 
n100_05.txt 15.0 35 35 35 35 35 35 35 35 35 35 
n100_05.txt 20.0 28 28 28 28 28 28 28 28 28 28 
n100_05.txt 25.0 28 28 28 28 28 28 28 28 28 28 
