filename U E #1 #2 #3 #4 #5 #6 #7 #8 #9 #10
g_250.txt 5.0 27000.0 68 68 68 68 68 68 68 68 68 68 
g_250.txt 5.0 54000.0 65 65 65 65 65 65 65 65 65 65 
g_250.txt 5.0 108000.0 69 69 69 69 69 69 69 69 69 69 
g_250.txt 5.0 216000.0 69 69 69 69 69 69 69 69 69 69 
g_250.txt 5.0 432000.0 66 66 66 66 66 66 66 66 66 66 
g_250.txt 5.0 560000.0 66 66 66 66 66 66 66 66 66 66 
g_250.txt 10.0 27000.0 57 57 57 57 57 57 57 57 57 57 
g_250.txt 10.0 54000.0 57 57 57 57 57 57 57 57 57 57 
g_250.txt 10.0 108000.0 54 54 54 54 54 54 54 54 54 54 
g_250.txt 10.0 216000.0 48 48 48 48 48 48 48 48 48 48 
g_250.txt 10.0 432000.0 47 47 47 47 47 47 47 47 47 47 
g_250.txt 10.0 560000.0 47 47 47 47 47 47 47 47 47 47 
g_250.txt 15.0 27000.0 57 57 57 57 57 57 57 57 57 57 
g_250.txt 15.0 54000.0 50 50 50 50 50 50 50 50 50 50 
g_250.txt 15.0 108000.0 50 50 50 50 50 50 50 50 50 50 
g_250.txt 15.0 216000.0 44 44 44 44 44 44 44 44 44 44 
g_250.txt 15.0 432000.0 42 42 42 42 42 42 42 42 42 42 
g_250.txt 15.0 560000.0 41 41 41 41 41 41 41 41 41 41 
g_250.txt 20.0 27000.0 52 52 52 52 52 52 52 52 52 52 
g_250.txt 20.0 54000.0 46 46 46 46 46 46 46 46 46 46 
g_250.txt 20.0 108000.0 46 46 46 46 46 46 46 46 46 46 
g_250.txt 20.0 216000.0 43 43 43 43 43 43 43 43 43 43 
g_250.txt 20.0 432000.0 36 36 36 36 36 36 36 36 36 36 
g_250.txt 20.0 560000.0 38 38 38 38 38 38 38 38 38 38 
g_250.txt 25.0 27000.0 47 47 47 47 47 47 47 47 47 47 
g_250.txt 25.0 54000.0 43 43 43 43 43 43 43 43 43 43 
g_250.txt 25.0 108000.0 44 44 44 44 44 44 44 44 44 44 
g_250.txt 25.0 216000.0 31 31 31 31 31 31 31 31 31 31 
g_250.txt 25.0 432000.0 29 29 29 29 29 29 29 29 29 29 
g_250.txt 25.0 560000.0 38 38 38 38 38 38 38 38 38 38 
g_300.txt 5.0 27000.0 59 59 59 59 59 59 59 59 59 59 
g_300.txt 5.0 54000.0 65 65 65 65 65 65 65 65 65 65 
g_300.txt 5.0 108000.0 60 60 60 60 60 60 60 60 60 60 
g_300.txt 5.0 216000.0 57 57 57 57 57 57 57 57 57 57 
g_300.txt 5.0 432000.0 59 59 59 59 59 59 59 59 59 59 
g_300.txt 5.0 560000.0 59 59 59 59 59 59 59 59 59 59 
g_300.txt 10.0 27000.0 52 52 52 52 52 52 52 52 52 52 
g_300.txt 10.0 54000.0 54 54 54 54 54 54 54 54 54 54 
g_300.txt 10.0 108000.0 48 48 48 48 48 48 48 48 48 48 
g_300.txt 10.0 216000.0 46 46 46 46 46 46 46 46 46 46 
g_300.txt 10.0 432000.0 49 49 49 49 49 49 49 49 49 49 
g_300.txt 10.0 560000.0 48 48 48 48 48 48 48 48 48 48 
g_300.txt 15.0 27000.0 47 47 47 47 47 47 47 47 47 47 
g_300.txt 15.0 54000.0 38 38 38 38 38 38 38 38 38 38 
g_300.txt 15.0 108000.0 37 37 37 37 37 37 37 37 37 37 
g_300.txt 15.0 216000.0 32 32 32 32 32 32 32 32 32 32 
g_300.txt 15.0 432000.0 34 34 34 34 34 34 34 34 34 34 
g_300.txt 15.0 560000.0 33 33 33 33 33 33 33 33 33 33 
g_300.txt 20.0 27000.0 41 41 41 41 41 41 41 41 41 41 
g_300.txt 20.0 54000.0 35 35 35 35 35 35 35 35 35 35 
g_300.txt 20.0 108000.0 27 27 27 27 27 27 27 27 27 27 
g_300.txt 20.0 216000.0 28 28 28 28 28 28 28 28 28 28 
g_300.txt 20.0 432000.0 23 23 23 23 23 23 23 23 23 23 
g_300.txt 20.0 560000.0 33 33 33 33 33 33 33 33 33 33 
g_300.txt 25.0 27000.0 41 41 41 41 41 41 41 41 41 41 
g_300.txt 25.0 54000.0 35 35 35 35 35 35 35 35 35 35 
g_300.txt 25.0 108000.0 27 27 27 27 27 27 27 27 27 27 
g_300.txt 25.0 216000.0 28 28 28 28 28 28 28 28 28 28 
g_300.txt 25.0 432000.0 20 20 20 20 20 20 20 20 20 20 
g_300.txt 25.0 560000.0 24 24 24 24 24 24 24 24 24 24 
g_350.txt 5.0 27000.0 92 92 92 92 92 92 92 92 92 92 
g_350.txt 5.0 54000.0 87 87 87 87 87 87 87 87 87 87 
g_350.txt 5.0 108000.0 86 86 86 86 86 86 86 86 86 86 
g_350.txt 5.0 216000.0 86 86 86 86 86 86 86 86 86 86 
g_350.txt 5.0 432000.0 86 86 86 86 86 86 86 86 86 86 
g_350.txt 5.0 560000.0 86 86 86 86 86 86 86 86 86 86 
g_350.txt 10.0 27000.0 78 78 78 78 78 78 78 78 78 78 
g_350.txt 10.0 54000.0 74 74 74 74 74 74 74 74 74 74 
g_350.txt 10.0 108000.0 72 72 72 72 72 72 72 72 72 72 
g_350.txt 10.0 216000.0 71 71 71 71 71 71 71 71 71 71 
g_350.txt 10.0 432000.0 75 75 75 75 75 75 75 75 75 75 
g_350.txt 10.0 560000.0 74 74 74 74 74 74 74 74 74 74 
g_350.txt 15.0 27000.0 71 71 71 71 71 71 71 71 71 71 
g_350.txt 15.0 54000.0 67 67 67 67 67 67 67 67 67 67 
g_350.txt 15.0 108000.0 58 58 58 58 58 58 58 58 58 58 
g_350.txt 15.0 216000.0 58 58 58 58 58 58 58 58 58 58 
g_350.txt 15.0 432000.0 59 59 59 59 59 59 59 59 59 59 
g_350.txt 15.0 560000.0 58 58 58 58 58 58 58 58 58 58 
g_350.txt 20.0 27000.0 69 69 69 69 69 69 69 69 69 69 
g_350.txt 20.0 54000.0 56 56 56 56 56 56 56 56 56 56 
g_350.txt 20.0 108000.0 58 58 58 58 58 58 58 58 58 58 
g_350.txt 20.0 216000.0 59 59 59 59 59 59 59 59 59 59 
g_350.txt 20.0 432000.0 53 53 53 53 53 53 53 53 53 53 
g_350.txt 20.0 560000.0 53 53 53 53 53 53 53 53 53 53 
g_350.txt 25.0 27000.0 67 67 67 67 67 67 67 67 67 67 
g_350.txt 25.0 54000.0 56 56 56 56 56 56 56 56 56 56 
g_350.txt 25.0 108000.0 51 51 51 51 51 51 51 51 51 51 
g_350.txt 25.0 216000.0 43 43 43 43 43 43 43 43 43 43 
g_350.txt 25.0 432000.0 47 47 47 47 47 47 47 47 47 47 
g_350.txt 25.0 560000.0 47 47 47 47 47 47 47 47 47 47 
g_400.txt 5.0 27000.0 222 222 222 222 222 222 222 222 222 222 
g_400.txt 5.0 54000.0 220 220 220 220 220 220 220 220 220 220 
g_400.txt 5.0 108000.0 217 217 217 217 217 217 217 217 217 217 
g_400.txt 5.0 216000.0 223 223 223 223 223 223 223 223 223 223 
g_400.txt 5.0 432000.0 220 220 220 220 220 220 220 220 220 220 
g_400.txt 5.0 560000.0 220 220 220 220 220 220 220 220 220 220 
g_400.txt 10.0 27000.0 211 211 211 211 211 211 211 211 211 211 
g_400.txt 10.0 54000.0 204 204 204 204 204 204 204 204 204 204 
g_400.txt 10.0 108000.0 206 206 206 206 206 206 206 206 206 206 
g_400.txt 10.0 216000.0 212 212 212 212 212 212 212 212 212 212 
g_400.txt 10.0 432000.0 205 205 205 205 205 205 205 205 205 205 
g_400.txt 10.0 560000.0 206 206 206 206 206 206 206 206 206 206 
g_400.txt 15.0 27000.0 204 204 204 204 204 204 204 204 204 204 
g_400.txt 15.0 54000.0 197 197 197 197 197 197 197 197 197 197 
g_400.txt 15.0 108000.0 198 198 198 198 198 198 198 198 198 198 
g_400.txt 15.0 216000.0 195 195 195 195 195 195 195 195 195 195 
g_400.txt 15.0 432000.0 192 192 192 192 192 192 192 192 192 192 
g_400.txt 15.0 560000.0 191 191 191 191 191 191 191 191 191 191 
g_400.txt 20.0 27000.0 195 195 195 195 195 195 195 195 195 195 
g_400.txt 20.0 54000.0 194 194 194 194 194 194 194 194 194 194 
g_400.txt 20.0 108000.0 189 189 189 189 189 189 189 189 189 189 
g_400.txt 20.0 216000.0 186 186 186 186 186 186 186 186 186 186 
g_400.txt 20.0 432000.0 181 181 181 181 181 181 181 181 181 181 
g_400.txt 20.0 560000.0 179 179 179 179 179 179 179 179 179 179 
g_400.txt 25.0 27000.0 187 187 187 187 187 187 187 187 187 187 
g_400.txt 25.0 54000.0 181 181 181 181 181 181 181 181 181 181 
g_400.txt 25.0 108000.0 174 174 174 174 174 174 174 174 174 174 
g_400.txt 25.0 216000.0 176 176 176 176 176 176 176 176 176 176 
g_400.txt 25.0 432000.0 169 169 169 169 169 169 169 169 169 169 
g_400.txt 25.0 560000.0 173 173 173 173 173 173 173 173 173 173 
g_450.txt 5.0 27000.0 253 253 253 253 253 253 253 253 253 253 
g_450.txt 5.0 54000.0 258 258 258 258 258 258 258 258 258 258 
g_450.txt 5.0 108000.0 258 258 258 258 258 258 258 258 258 258 
g_450.txt 5.0 216000.0 255 255 255 255 255 255 255 255 255 255 
g_450.txt 5.0 432000.0 254 254 254 254 254 254 254 254 254 254 
g_450.txt 5.0 560000.0 254 254 254 254 254 254 254 254 254 254 
g_450.txt 10.0 27000.0 245 245 245 245 245 245 245 245 245 245 
g_450.txt 10.0 54000.0 245 245 245 245 245 245 245 245 245 245 
g_450.txt 10.0 108000.0 238 238 238 238 238 238 238 238 238 238 
g_450.txt 10.0 216000.0 240 240 240 240 240 240 240 240 240 240 
g_450.txt 10.0 432000.0 244 244 244 244 244 244 244 244 244 244 
g_450.txt 10.0 560000.0 238 238 238 238 238 238 238 238 238 238 
g_450.txt 15.0 27000.0 235 235 235 235 235 235 235 235 235 235 
g_450.txt 15.0 54000.0 232 232 232 232 232 232 232 232 232 232 
g_450.txt 15.0 108000.0 226 226 226 226 226 226 226 226 226 226 
g_450.txt 15.0 216000.0 222 222 222 222 222 222 222 222 222 222 
g_450.txt 15.0 432000.0 225 225 225 225 225 225 225 225 225 225 
g_450.txt 15.0 560000.0 224 224 224 224 224 224 224 224 224 224 
g_450.txt 20.0 27000.0 232 232 232 232 232 232 232 232 232 232 
g_450.txt 20.0 54000.0 223 223 223 223 223 223 223 223 223 223 
g_450.txt 20.0 108000.0 222 222 222 222 222 222 222 222 222 222 
g_450.txt 20.0 216000.0 219 219 219 219 219 219 219 219 219 219 
g_450.txt 20.0 432000.0 222 222 222 222 222 222 222 222 222 222 
g_450.txt 20.0 560000.0 222 222 222 222 222 222 222 222 222 222 
g_450.txt 25.0 27000.0 225 225 225 225 225 225 225 225 225 225 
g_450.txt 25.0 54000.0 220 220 220 220 220 220 220 220 220 220 
g_450.txt 25.0 108000.0 212 212 212 212 212 212 212 212 212 212 
g_450.txt 25.0 216000.0 215 215 215 215 215 215 215 215 215 215 
g_450.txt 25.0 432000.0 210 210 210 210 210 210 210 210 210 210 
g_450.txt 25.0 560000.0 213 213 213 213 213 213 213 213 213 213 
g_475.txt 5.0 27000.0 317 317 317 317 317 317 317 317 317 317 
g_475.txt 5.0 54000.0 310 310 310 310 310 310 310 310 310 310 
g_475.txt 5.0 108000.0 312 312 312 312 312 312 312 312 312 312 
g_475.txt 5.0 216000.0 311 311 311 311 311 311 311 311 311 311 
g_475.txt 5.0 432000.0 312 312 312 312 312 312 312 312 312 312 
g_475.txt 5.0 560000.0 312 312 312 312 312 312 312 312 312 312 
g_475.txt 10.0 27000.0 303 303 303 303 303 303 303 303 303 303 
g_475.txt 10.0 54000.0 300 300 300 300 300 300 300 300 300 300 
g_475.txt 10.0 108000.0 295 295 295 295 295 295 295 295 295 295 
g_475.txt 10.0 216000.0 300 300 300 300 300 300 300 300 300 300 
g_475.txt 10.0 432000.0 300 300 300 300 300 300 300 300 300 300 
g_475.txt 10.0 560000.0 301 301 301 301 301 301 301 301 301 301 
g_475.txt 15.0 27000.0 294 294 294 294 294 294 294 294 294 294 
g_475.txt 15.0 54000.0 294 294 294 294 294 294 294 294 294 294 
g_475.txt 15.0 108000.0 282 282 282 282 282 282 282 282 282 282 
g_475.txt 15.0 216000.0 287 287 287 287 287 287 287 287 287 287 
g_475.txt 15.0 432000.0 285 285 285 285 285 285 285 285 285 285 
g_475.txt 15.0 560000.0 287 287 287 287 287 287 287 287 287 287 
g_475.txt 20.0 27000.0 283 283 283 283 283 283 283 283 283 283 
g_475.txt 20.0 54000.0 276 276 276 276 276 276 276 276 276 276 
g_475.txt 20.0 108000.0 278 278 278 278 278 278 278 278 278 278 
g_475.txt 20.0 216000.0 271 271 271 271 271 271 271 271 271 271 
g_475.txt 20.0 432000.0 269 269 269 269 269 269 269 269 269 269 
g_475.txt 20.0 560000.0 273 273 273 273 273 273 273 273 273 273 
g_475.txt 25.0 27000.0 276 276 276 276 276 276 276 276 276 276 
g_475.txt 25.0 54000.0 269 269 269 269 269 269 269 269 269 269 
g_475.txt 25.0 108000.0 271 271 271 271 271 271 271 271 271 271 
g_475.txt 25.0 216000.0 270 270 270 270 270 270 270 270 270 270 
g_475.txt 25.0 432000.0 267 267 267 267 267 267 267 267 267 267 
g_475.txt 25.0 560000.0 259 259 259 259 259 259 259 259 259 259 
g_500.txt 5.0 27000.0 352 352 352 352 352 352 352 352 352 352 
g_500.txt 5.0 54000.0 353 353 353 353 353 353 353 353 353 353 
g_500.txt 5.0 108000.0 351 351 351 351 351 351 351 351 351 351 
g_500.txt 5.0 216000.0 351 351 351 351 351 351 351 351 351 351 
g_500.txt 5.0 432000.0 353 353 353 353 353 353 353 353 353 353 
g_500.txt 5.0 560000.0 353 353 353 353 353 353 353 353 353 353 
g_500.txt 10.0 27000.0 339 339 339 339 339 339 339 339 339 339 
g_500.txt 10.0 54000.0 340 340 340 340 340 340 340 340 340 340 
g_500.txt 10.0 108000.0 337 337 337 337 337 337 337 337 337 337 
g_500.txt 10.0 216000.0 338 338 338 338 338 338 338 338 338 338 
g_500.txt 10.0 432000.0 339 339 339 339 339 339 339 339 339 339 
g_500.txt 10.0 560000.0 336 336 336 336 336 336 336 336 336 336 
g_500.txt 15.0 27000.0 333 333 333 333 333 333 333 333 333 333 
g_500.txt 15.0 54000.0 336 336 336 336 336 336 336 336 336 336 
g_500.txt 15.0 108000.0 335 335 335 335 335 335 335 335 335 335 
g_500.txt 15.0 216000.0 324 324 324 324 324 324 324 324 324 324 
g_500.txt 15.0 432000.0 331 331 331 331 331 331 331 331 331 331 
g_500.txt 15.0 560000.0 328 328 328 328 328 328 328 328 328 328 
g_500.txt 20.0 27000.0 328 328 328 328 328 328 328 328 328 328 
g_500.txt 20.0 54000.0 317 317 317 317 317 317 317 317 317 317 
g_500.txt 20.0 108000.0 318 318 318 318 318 318 318 318 318 318 
g_500.txt 20.0 216000.0 321 321 321 321 321 321 321 321 321 321 
g_500.txt 20.0 432000.0 325 325 325 325 325 325 325 325 325 325 
g_500.txt 20.0 560000.0 319 319 319 319 319 319 319 319 319 319 
g_500.txt 25.0 27000.0 326 326 326 326 326 326 326 326 326 326 
g_500.txt 25.0 54000.0 317 317 317 317 317 317 317 317 317 317 
g_500.txt 25.0 108000.0 309 309 309 309 309 309 309 309 309 309 
g_500.txt 25.0 216000.0 312 312 312 312 312 312 312 312 312 312 
g_500.txt 25.0 432000.0 310 310 310 310 310 310 310 310 310 310 
g_500.txt 25.0 560000.0 315 315 315 315 315 315 315 315 315 315 
