filename xP #1 #2 #3 #4 #5 #6 #7 #8 #9 #10
g_20.txt 1.0 0 0 0 0 0 0 0 0 0 0 
g_25.txt 1.0 0 0 0 0 0 0 0 0 0 0 
g_30.txt 1.0 0 0 0 0 0 0 0 0 0 0 
g_35.txt 1.0 0 0 0 0 0 0 0 0 0 0 
g_40.txt 1.0 0 0 0 0 0 0 0 0 0 0 
g_45.txt 1.0 0 0 0 0 0 0 0 0 0 0 
g_50.txt 1.0 0 0 0 0 0 0 0 0 0 0 
g_60.txt 1.0 0 0 0 0 0 0 0 0 0 0 
g_75.txt 1.0 3 3 3 3 3 3 3 3 3 3 
g_90.txt 1.0 23 23 23 23 23 23 23 23 23 23 
g_100.txt 1.0 41 41 41 41 41 41 41 41 41 41 
g_20.txt 1.5 0 0 0 0 0 0 0 0 0 0 
g_25.txt 1.5 0 0 0 0 0 0 0 0 0 0 
g_30.txt 1.5 1 1 1 1 1 1 1 1 1 1 
g_35.txt 1.5 0 0 0 0 0 0 0 0 0 0 
g_40.txt 1.5 0 0 0 0 0 0 0 0 0 0 
g_45.txt 1.5 2 2 2 2 2 2 2 2 2 2 
g_50.txt 1.5 0 0 0 0 0 0 0 0 0 0 
g_60.txt 1.5 12 12 12 12 12 12 12 12 12 12 
g_75.txt 1.5 3 3 3 3 3 3 3 3 3 3 
g_90.txt 1.5 41 41 41 41 41 41 41 41 41 41 
g_100.txt 1.5 53 53 53 53 53 53 53 53 53 53 
g_20.txt 2.0 0 0 0 0 0 0 0 0 0 0 
g_25.txt 2.0 0 0 0 0 0 0 0 0 0 0 
g_30.txt 2.0 10 10 10 10 10 10 10 10 10 10 
g_35.txt 2.0 0 0 0 0 0 0 0 0 0 0 
g_40.txt 2.0 0 0 0 0 0 0 0 0 0 0 
g_45.txt 2.0 11 11 11 11 11 11 11 11 11 11 
g_50.txt 2.0 0 0 0 0 0 0 0 0 0 0 
g_60.txt 2.0 22 22 22 22 22 22 22 22 22 22 
g_75.txt 2.0 17 17 17 17 17 17 17 17 17 17 
g_90.txt 2.0 49 49 49 49 49 49 49 49 49 49 
g_100.txt 2.0 63 63 63 63 63 63 63 63 63 63 
g_20.txt 2.5 0 0 0 0 0 0 0 0 0 0 
g_25.txt 2.5 0 0 0 0 0 0 0 0 0 0 
g_30.txt 2.5 18 18 18 18 18 18 18 18 18 18 
g_35.txt 2.5 0 0 0 0 0 0 0 0 0 0 
g_40.txt 2.5 0 0 0 0 0 0 0 0 0 0 
g_45.txt 2.5 15 15 15 15 15 15 15 15 15 15 
g_50.txt 2.5 0 0 0 0 0 0 0 0 0 0 
g_60.txt 2.5 29 29 29 29 29 29 29 29 29 29 
g_75.txt 2.5 30 30 30 30 30 30 30 30 30 30 
g_90.txt 2.5 57 57 57 57 57 57 57 57 57 57 
g_100.txt 2.5 71 71 71 71 71 71 71 71 71 71 
g_20.txt 3.0 0 0 0 0 0 0 0 0 0 0 
g_25.txt 3.0 0 0 0 0 0 0 0 0 0 0 
g_30.txt 3.0 20 20 20 20 20 20 20 20 20 20 
g_35.txt 3.0 4 4 4 4 4 4 4 4 4 4 
g_40.txt 3.0 3 3 3 3 3 3 3 3 3 3 
g_45.txt 3.0 22 22 22 22 22 22 22 22 22 22 
g_50.txt 3.0 1 1 1 1 1 1 1 1 1 1 
g_60.txt 3.0 37 37 37 37 37 37 37 37 37 37 
g_75.txt 3.0 33 33 33 33 33 33 33 33 33 33 
g_90.txt 3.0 68 68 68 68 68 68 68 68 68 68 
g_100.txt 3.0 77 77 77 77 77 77 77 77 77 77 
g_20.txt 3.5 0 0 0 0 0 0 0 0 0 0 
g_25.txt 3.5 0 0 0 0 0 0 0 0 0 0 
g_30.txt 3.5 22 22 22 22 22 22 22 22 22 22 
g_35.txt 3.5 10 10 10 10 10 10 10 10 10 10 
g_40.txt 3.5 12 12 12 12 12 12 12 12 12 12 
g_45.txt 3.5 26 26 26 26 26 26 26 26 26 26 
g_50.txt 3.5 11 11 11 11 11 11 11 11 11 11 
g_60.txt 3.5 42 42 42 42 42 42 42 42 42 42 
g_75.txt 3.5 43 43 43 43 43 43 43 43 43 43 
g_90.txt 3.5 71 71 71 71 71 71 71 71 71 71 
g_100.txt 3.5 82 82 82 82 82 82 82 82 82 82 
g_20.txt 4.0 0 0 0 0 0 0 0 0 0 0 
g_25.txt 4.0 3 3 3 3 3 3 3 3 3 3 
g_30.txt 4.0 23 23 23 23 23 23 23 23 23 23 
g_35.txt 4.0 14 14 14 14 14 14 14 14 14 14 
g_40.txt 4.0 20 20 20 20 20 20 20 20 20 20 
g_45.txt 4.0 36 36 36 36 36 36 36 36 36 36 
g_50.txt 4.0 22 22 22 22 22 22 22 22 22 22 
g_60.txt 4.0 47 47 47 47 47 47 47 47 47 47 
g_75.txt 4.0 50 50 50 50 50 50 50 50 50 50 
g_90.txt 4.0 72 72 72 72 72 72 72 72 72 72 
g_100.txt 4.0 82 82 82 82 82 82 82 82 82 82 
