filename U #1 #2 #3 #4 #5 #6 #7 #8 #9 #10
n125_01.txt 5.0 77 77 77 77 77 77 77 77 77 77 
n125_01.txt 10.0 60 60 60 60 60 60 60 60 60 60 
n125_01.txt 15.0 50 50 50 50 50 50 50 50 50 50 
n125_01.txt 20.0 43 43 43 43 43 43 43 43 43 43 
n125_01.txt 25.0 43 43 43 43 43 43 43 43 43 43 
n125_03.txt 5.0 73 73 73 73 73 73 73 73 73 73 
n125_03.txt 10.0 57 57 57 57 57 57 57 57 57 57 
n125_03.txt 15.0 51 51 51 51 51 51 51 51 51 51 
n125_03.txt 20.0 43 43 43 43 43 43 43 43 43 43 
n125_03.txt 25.0 37 37 37 37 37 37 37 37 37 37 
n125_04.txt 5.0 72 72 72 72 72 72 72 72 72 72 
n125_04.txt 10.0 60 60 60 60 60 60 60 60 60 60 
n125_04.txt 15.0 47 47 47 47 47 47 47 47 47 47 
n125_04.txt 20.0 45 45 45 45 45 45 45 45 45 45 
n125_04.txt 25.0 36 36 36 36 36 36 36 36 36 36 
n125_05.txt 5.0 67 67 67 67 67 67 67 67 67 67 
n125_05.txt 10.0 63 63 63 63 63 63 63 63 63 63 
n125_05.txt 15.0 47 47 47 47 47 47 47 47 47 47 
n125_05.txt 20.0 41 41 41 41 41 41 41 41 41 41 
n125_05.txt 25.0 31 31 31 31 31 31 31 31 31 31 
n150_01.txt 5.0 116 116 116 116 116 116 116 116 116 116 
n150_01.txt 10.0 90 90 90 90 90 90 90 90 90 90 
n150_01.txt 15.0 80 80 80 80 80 80 80 80 80 80 
n150_01.txt 20.0 70 70 70 70 70 70 70 70 70 70 
n150_01.txt 25.0 62 62 62 62 62 62 62 62 62 62 
n150_02.txt 5.0 105 105 105 105 105 105 105 105 105 105 
n150_02.txt 10.0 84 84 84 84 84 84 84 84 84 84 
n150_02.txt 15.0 77 77 77 77 77 77 77 77 77 77 
n150_02.txt 20.0 63 63 63 63 63 63 63 63 63 63 
n150_02.txt 25.0 60 60 60 60 60 60 60 60 60 60 
n150_03.txt 5.0 95 95 95 95 95 95 95 95 95 95 
n150_03.txt 10.0 69 69 69 69 69 69 69 69 69 69 
n150_03.txt 15.0 64 64 64 64 64 64 64 64 64 64 
n150_03.txt 20.0 52 52 52 52 52 52 52 52 52 52 
n150_03.txt 25.0 44 44 44 44 44 44 44 44 44 44 
n150_04.txt 5.0 108 108 108 108 108 108 108 108 108 108 
n150_04.txt 10.0 83 83 83 83 83 83 83 83 83 83 
n150_04.txt 15.0 67 67 67 67 67 67 67 67 67 67 
n150_04.txt 20.0 61 61 61 61 61 61 61 61 61 61 
n150_04.txt 25.0 52 52 52 52 52 52 52 52 52 52 
n175_01.txt 5.0 119 119 119 119 119 119 119 119 119 119 
n175_01.txt 10.0 102 102 102 102 102 102 102 102 102 102 
n175_01.txt 15.0 86 86 86 86 86 86 86 86 86 86 
n175_01.txt 20.0 77 77 77 77 77 77 77 77 77 77 
n175_01.txt 25.0 67 67 67 67 67 67 67 67 67 67 
n175_02.txt 5.0 125 125 125 125 125 125 125 125 125 125 
n175_02.txt 10.0 99 99 99 99 99 99 99 99 99 99 
n175_02.txt 15.0 88 88 88 88 88 88 88 88 88 88 
n175_02.txt 20.0 77 77 77 77 77 77 77 77 77 77 
n175_02.txt 25.0 72 72 72 72 72 72 72 72 72 72 
n175_03.txt 5.0 109 109 109 109 109 109 109 109 109 109 
n175_03.txt 10.0 84 84 84 84 84 84 84 84 84 84 
n175_03.txt 15.0 78 78 78 78 78 78 78 78 78 78 
n175_03.txt 20.0 70 70 70 70 70 70 70 70 70 70 
n175_03.txt 25.0 59 59 59 59 59 59 59 59 59 59 
n175_04.txt 5.0 103 103 103 103 103 103 103 103 103 103 
n175_04.txt 10.0 90 90 90 90 90 90 90 90 90 90 
n175_04.txt 15.0 82 82 82 82 82 82 82 82 82 82 
n175_04.txt 20.0 76 76 76 76 76 76 76 76 76 76 
n175_04.txt 25.0 68 68 68 68 68 68 68 68 68 68 
n175_05.txt 5.0 120 120 120 120 120 120 120 120 120 120 
n175_05.txt 10.0 93 93 93 93 93 93 93 93 93 93 
n175_05.txt 15.0 82 82 82 82 82 82 82 82 82 82 
n175_05.txt 20.0 73 73 73 73 73 73 73 73 73 73 
n175_05.txt 25.0 70 70 70 70 70 70 70 70 70 70 
n200_01.txt 5.0 148 148 148 148 148 148 148 148 148 148 
n200_01.txt 10.0 136 136 136 136 136 136 136 136 136 136 
n200_01.txt 15.0 117 117 117 117 117 117 117 117 117 117 
n200_01.txt 20.0 103 103 103 103 103 103 103 103 103 103 
n200_01.txt 25.0 99 99 99 99 99 99 99 99 99 99 
n200_02.txt 5.0 123 123 123 123 123 123 123 123 123 123 
n200_02.txt 10.0 113 113 113 113 113 113 113 113 113 113 
n200_02.txt 15.0 95 95 95 95 95 95 95 95 95 95 
n200_02.txt 20.0 85 85 85 85 85 85 85 85 85 85 
n200_02.txt 25.0 72 72 72 72 72 72 72 72 72 72 
n200_03.txt 5.0 132 132 132 132 132 132 132 132 132 132 
n200_03.txt 10.0 108 108 108 108 108 108 108 108 108 108 
n200_03.txt 15.0 98 98 98 98 98 98 98 98 98 98 
n200_03.txt 20.0 81 81 81 81 81 81 81 81 81 81 
n200_03.txt 25.0 80 80 80 80 80 80 80 80 80 80 
n200_04.txt 5.0 118 118 118 118 118 118 118 118 118 118 
n200_04.txt 10.0 105 105 105 105 105 105 105 105 105 105 
n200_04.txt 15.0 94 94 94 94 94 94 94 94 94 94 
n200_04.txt 20.0 82 82 82 82 82 82 82 82 82 82 
n200_04.txt 25.0 71 71 71 71 71 71 71 71 71 71 
