filename U E #1 #2 #3 #4 #5 #6 #7 #8 #9 #10
g_250.txt 5.0 27000.0 25 25 25 25 25 25 25 25 25 25 
g_300.txt 5.0 27000.0 3 3 3 3 3 3 3 3 3 3 
g_350.txt 5.0 27000.0 41 41 41 41 41 41 41 41 41 41 
g_400.txt 5.0 27000.0 161 161 161 161 161 161 161 161 161 161 
g_450.txt 5.0 27000.0 272 272 272 272 272 272 272 272 272 272 
g_475.txt 5.0 27000.0 275 275 275 275 275 275 275 275 275 275 
g_500.txt 5.0 27000.0 323 323 323 323 323 323 323 323 323 323 
g_250.txt 5.0 54000.0 25 25 25 25 25 25 25 25 25 25 
g_300.txt 5.0 54000.0 3 3 3 3 3 3 3 3 3 3 
g_350.txt 5.0 54000.0 41 41 41 41 41 41 41 41 41 41 
g_400.txt 5.0 54000.0 162 162 162 162 162 162 162 162 162 162 
g_450.txt 5.0 54000.0 273 273 273 273 273 273 273 273 273 273 
g_475.txt 5.0 54000.0 275 275 275 275 275 275 275 275 275 275 
g_500.txt 5.0 54000.0 323 323 323 323 323 323 323 323 323 323 
g_250.txt 5.0 108000.0 24 24 24 24 24 24 24 24 24 24 
g_300.txt 5.0 108000.0 3 3 3 3 3 3 3 3 3 3 
g_350.txt 5.0 108000.0 40 40 40 40 40 40 40 40 40 40 
g_400.txt 5.0 108000.0 161 161 161 161 161 161 161 161 161 161 
g_450.txt 5.0 108000.0 273 273 273 273 273 273 273 273 273 273 
g_475.txt 5.0 108000.0 275 275 275 275 275 275 275 275 275 275 
g_500.txt 5.0 108000.0 323 323 323 323 323 323 323 323 323 323 
g_250.txt 5.0 216000.0 24 24 24 24 24 24 24 24 24 24 
g_300.txt 5.0 216000.0 3 3 3 3 3 3 3 3 3 3 
g_350.txt 5.0 216000.0 40 40 40 40 40 40 40 40 40 40 
g_400.txt 5.0 216000.0 161 161 161 161 161 161 161 161 161 161 
g_450.txt 5.0 216000.0 273 273 273 273 273 273 273 273 273 273 
g_475.txt 5.0 216000.0 275 275 275 275 275 275 275 275 275 275 
g_500.txt 5.0 216000.0 323 323 323 323 323 323 323 323 323 323 
g_250.txt 5.0 432000.0 24 24 24 24 24 24 24 24 24 24 
g_300.txt 5.0 432000.0 3 3 3 3 3 3 3 3 3 3 
g_350.txt 5.0 432000.0 40 40 40 40 40 40 40 40 40 40 
g_400.txt 5.0 432000.0 161 161 161 161 161 161 161 161 161 161 
g_450.txt 5.0 432000.0 273 273 273 273 273 273 273 273 273 273 
g_475.txt 5.0 432000.0 275 275 275 275 275 275 275 275 275 275 
g_500.txt 5.0 432000.0 323 323 323 323 323 323 323 323 323 323 
g_250.txt 5.0 560000.0 24 24 24 24 24 24 24 24 24 24 
g_300.txt 5.0 560000.0 3 3 3 3 3 3 3 3 3 3 
g_350.txt 5.0 560000.0 40 40 40 40 40 40 40 40 40 40 
g_400.txt 5.0 560000.0 161 161 161 161 161 161 161 161 161 161 
g_450.txt 5.0 560000.0 273 273 273 273 273 273 273 273 273 273 
g_475.txt 5.0 560000.0 275 275 275 275 275 275 275 275 275 275 
g_500.txt 5.0 560000.0 323 323 323 323 323 323 323 323 323 323 
g_250.txt 10.0 27000.0 13 13 13 13 13 13 13 13 13 13 
g_300.txt 10.0 27000.0 0 0 0 0 0 0 0 0 0 0 
g_350.txt 10.0 27000.0 18 18 18 18 18 18 18 18 18 18 
g_400.txt 10.0 27000.0 156 156 156 156 156 156 156 156 156 156 
g_450.txt 10.0 27000.0 273 273 273 273 273 273 273 273 273 273 
g_475.txt 10.0 27000.0 274 274 274 274 274 274 274 274 274 274 
g_500.txt 10.0 27000.0 322 322 322 322 322 322 322 322 322 322 
g_250.txt 10.0 54000.0 13 13 13 13 13 13 13 13 13 13 
g_300.txt 10.0 54000.0 0 0 0 0 0 0 0 0 0 0 
g_350.txt 10.0 54000.0 17 17 17 17 17 17 17 17 17 17 
g_400.txt 10.0 54000.0 154 154 154 154 154 154 154 154 154 154 
g_450.txt 10.0 54000.0 273 273 273 273 273 273 273 273 273 273 
g_475.txt 10.0 54000.0 275 275 275 275 275 275 275 275 275 275 
g_500.txt 10.0 54000.0 322 322 322 322 322 322 322 322 322 322 
g_250.txt 10.0 108000.0 12 12 12 12 12 12 12 12 12 12 
g_300.txt 10.0 108000.0 0 0 0 0 0 0 0 0 0 0 
g_350.txt 10.0 108000.0 17 17 17 17 17 17 17 17 17 17 
g_400.txt 10.0 108000.0 154 154 154 154 154 154 154 154 154 154 
g_450.txt 10.0 108000.0 273 273 273 273 273 273 273 273 273 273 
g_475.txt 10.0 108000.0 275 275 275 275 275 275 275 275 275 275 
g_500.txt 10.0 108000.0 323 323 323 323 323 323 323 323 323 323 
g_250.txt 10.0 216000.0 12 12 12 12 12 12 12 12 12 12 
g_300.txt 10.0 216000.0 0 0 0 0 0 0 0 0 0 0 
g_350.txt 10.0 216000.0 17 17 17 17 17 17 17 17 17 17 
g_400.txt 10.0 216000.0 154 154 154 154 154 154 154 154 154 154 
g_450.txt 10.0 216000.0 273 273 273 273 273 273 273 273 273 273 
g_475.txt 10.0 216000.0 275 275 275 275 275 275 275 275 275 275 
g_500.txt 10.0 216000.0 323 323 323 323 323 323 323 323 323 323 
g_250.txt 10.0 432000.0 12 12 12 12 12 12 12 12 12 12 
g_300.txt 10.0 432000.0 0 0 0 0 0 0 0 0 0 0 
g_350.txt 10.0 432000.0 18 18 18 18 18 18 18 18 18 18 
g_400.txt 10.0 432000.0 155 155 155 155 155 155 155 155 155 155 
g_450.txt 10.0 432000.0 273 273 273 273 273 273 273 273 273 273 
g_475.txt 10.0 432000.0 275 275 275 275 275 275 275 275 275 275 
g_500.txt 10.0 432000.0 323 323 323 323 323 323 323 323 323 323 
g_250.txt 10.0 560000.0 11 11 11 11 11 11 11 11 11 11 
g_300.txt 10.0 560000.0 0 0 0 0 0 0 0 0 0 0 
g_350.txt 10.0 560000.0 18 18 18 18 18 18 18 18 18 18 
g_400.txt 10.0 560000.0 155 155 155 155 155 155 155 155 155 155 
g_450.txt 10.0 560000.0 273 273 273 273 273 273 273 273 273 273 
g_475.txt 10.0 560000.0 275 275 275 275 275 275 275 275 275 275 
g_500.txt 10.0 560000.0 323 323 323 323 323 323 323 323 323 323 
g_250.txt 15.0 27000.0 3 3 3 3 3 3 3 3 3 3 
g_300.txt 15.0 27000.0 0 0 0 0 0 0 0 0 0 0 
g_350.txt 15.0 27000.0 15 15 15 15 15 15 15 15 15 15 
g_400.txt 15.0 27000.0 149 149 149 149 149 149 149 149 149 149 
g_450.txt 15.0 27000.0 272 272 272 272 272 272 272 272 272 272 
g_475.txt 15.0 27000.0 275 275 275 275 275 275 275 275 275 275 
g_500.txt 15.0 27000.0 322 322 322 322 322 322 322 322 322 322 
g_250.txt 15.0 54000.0 2 2 2 2 2 2 2 2 2 2 
g_300.txt 15.0 54000.0 0 0 0 0 0 0 0 0 0 0 
g_350.txt 15.0 54000.0 12 12 12 12 12 12 12 12 12 12 
g_400.txt 15.0 54000.0 145 145 145 145 145 145 145 145 145 145 
g_450.txt 15.0 54000.0 272 272 272 272 272 272 272 272 272 272 
g_475.txt 15.0 54000.0 275 275 275 275 275 275 275 275 275 275 
g_500.txt 15.0 54000.0 322 322 322 322 322 322 322 322 322 322 
g_250.txt 15.0 108000.0 1 1 1 1 1 1 1 1 1 1 
g_300.txt 15.0 108000.0 0 0 0 0 0 0 0 0 0 0 
g_350.txt 15.0 108000.0 11 11 11 11 11 11 11 11 11 11 
g_400.txt 15.0 108000.0 145 145 145 145 145 145 145 145 145 145 
g_450.txt 15.0 108000.0 272 272 272 272 272 272 272 272 272 272 
g_475.txt 15.0 108000.0 274 274 274 274 274 274 274 274 274 274 
g_500.txt 15.0 108000.0 322 322 322 322 322 322 322 322 322 322 
g_250.txt 15.0 216000.0 1 1 1 1 1 1 1 1 1 1 
g_300.txt 15.0 216000.0 0 0 0 0 0 0 0 0 0 0 
g_350.txt 15.0 216000.0 10 10 10 10 10 10 10 10 10 10 
g_400.txt 15.0 216000.0 143 143 143 143 143 143 143 143 143 143 
g_450.txt 15.0 216000.0 272 272 272 272 272 272 272 272 272 272 
g_475.txt 15.0 216000.0 274 274 274 274 274 274 274 274 274 274 
g_500.txt 15.0 216000.0 321 321 321 321 321 321 321 321 321 321 
g_250.txt 15.0 432000.0 2 2 2 2 2 2 2 2 2 2 
g_300.txt 15.0 432000.0 0 0 0 0 0 0 0 0 0 0 
g_350.txt 15.0 432000.0 10 10 10 10 10 10 10 10 10 10 
g_400.txt 15.0 432000.0 143 143 143 143 143 143 143 143 143 143 
g_450.txt 15.0 432000.0 272 272 272 272 272 272 272 272 272 272 
g_475.txt 15.0 432000.0 274 274 274 274 274 274 274 274 274 274 
g_500.txt 15.0 432000.0 321 321 321 321 321 321 321 321 321 321 
g_250.txt 15.0 560000.0 2 2 2 2 2 2 2 2 2 2 
g_300.txt 15.0 560000.0 0 0 0 0 0 0 0 0 0 0 
g_350.txt 15.0 560000.0 10 10 10 10 10 10 10 10 10 10 
g_400.txt 15.0 560000.0 143 143 143 143 143 143 143 143 143 143 
g_450.txt 15.0 560000.0 272 272 272 272 272 272 272 272 272 272 
g_475.txt 15.0 560000.0 274 274 274 274 274 274 274 274 274 274 
g_500.txt 15.0 560000.0 321 321 321 321 321 321 321 321 321 321 
g_250.txt 20.0 27000.0 2 2 2 2 2 2 2 2 2 2 
g_300.txt 20.0 27000.0 0 0 0 0 0 0 0 0 0 0 
g_350.txt 20.0 27000.0 8 8 8 8 8 8 8 8 8 8 
g_400.txt 20.0 27000.0 137 137 137 137 137 137 137 137 137 137 
g_450.txt 20.0 27000.0 272 272 272 272 272 272 272 272 272 272 
g_475.txt 20.0 27000.0 273 273 273 273 273 273 273 273 273 273 
g_500.txt 20.0 27000.0 321 321 321 321 321 321 321 321 321 321 
g_250.txt 20.0 54000.0 0 0 0 0 0 0 0 0 0 0 
g_300.txt 20.0 54000.0 0 0 0 0 0 0 0 0 0 0 
g_350.txt 20.0 54000.0 5 5 5 5 5 5 5 5 5 5 
g_400.txt 20.0 54000.0 132 132 132 132 132 132 132 132 132 132 
g_450.txt 20.0 54000.0 270 270 270 270 270 270 270 270 270 270 
g_475.txt 20.0 54000.0 272 272 272 272 272 272 272 272 272 272 
g_500.txt 20.0 54000.0 320 320 320 320 320 320 320 320 320 320 
g_250.txt 20.0 108000.0 0 0 0 0 0 0 0 0 0 0 
g_300.txt 20.0 108000.0 0 0 0 0 0 0 0 0 0 0 
g_350.txt 20.0 108000.0 4 4 4 4 4 4 4 4 4 4 
g_400.txt 20.0 108000.0 130 130 130 130 130 130 130 130 130 130 
g_450.txt 20.0 108000.0 269 269 269 269 269 269 269 269 269 269 
g_475.txt 20.0 108000.0 274 274 274 274 274 274 274 274 274 274 
g_500.txt 20.0 108000.0 321 321 321 321 321 321 321 321 321 321 
g_250.txt 20.0 216000.0 0 0 0 0 0 0 0 0 0 0 
g_300.txt 20.0 216000.0 0 0 0 0 0 0 0 0 0 0 
g_350.txt 20.0 216000.0 4 4 4 4 4 4 4 4 4 4 
g_400.txt 20.0 216000.0 129 129 129 129 129 129 129 129 129 129 
g_450.txt 20.0 216000.0 270 270 270 270 270 270 270 270 270 270 
g_475.txt 20.0 216000.0 274 274 274 274 274 274 274 274 274 274 
g_500.txt 20.0 216000.0 321 321 321 321 321 321 321 321 321 321 
g_250.txt 20.0 432000.0 0 0 0 0 0 0 0 0 0 0 
g_300.txt 20.0 432000.0 0 0 0 0 0 0 0 0 0 0 
g_350.txt 20.0 432000.0 4 4 4 4 4 4 4 4 4 4 
g_400.txt 20.0 432000.0 127 127 127 127 127 127 127 127 127 127 
g_450.txt 20.0 432000.0 270 270 270 270 270 270 270 270 270 270 
g_475.txt 20.0 432000.0 274 274 274 274 274 274 274 274 274 274 
g_500.txt 20.0 432000.0 322 322 322 322 322 322 322 322 322 322 
g_250.txt 20.0 560000.0 0 0 0 0 0 0 0 0 0 0 
g_300.txt 20.0 560000.0 0 0 0 0 0 0 0 0 0 0 
g_350.txt 20.0 560000.0 4 4 4 4 4 4 4 4 4 4 
g_400.txt 20.0 560000.0 128 128 128 128 128 128 128 128 128 128 
g_450.txt 20.0 560000.0 269 269 269 269 269 269 269 269 269 269 
g_475.txt 20.0 560000.0 274 274 274 274 274 274 274 274 274 274 
g_500.txt 20.0 560000.0 322 322 322 322 322 322 322 322 322 322 
g_250.txt 25.0 27000.0 0 0 0 0 0 0 0 0 0 0 
g_300.txt 25.0 27000.0 0 0 0 0 0 0 0 0 0 0 
g_350.txt 25.0 27000.0 4 4 4 4 4 4 4 4 4 4 
g_400.txt 25.0 27000.0 127 127 127 127 127 127 127 127 127 127 
g_450.txt 25.0 27000.0 271 271 271 271 271 271 271 271 271 271 
g_475.txt 25.0 27000.0 271 271 271 271 271 271 271 271 271 271 
g_500.txt 25.0 27000.0 322 322 322 322 322 322 322 322 322 322 
g_250.txt 25.0 54000.0 0 0 0 0 0 0 0 0 0 0 
g_300.txt 25.0 54000.0 0 0 0 0 0 0 0 0 0 0 
g_350.txt 25.0 54000.0 3 3 3 3 3 3 3 3 3 3 
g_400.txt 25.0 54000.0 119 119 119 119 119 119 119 119 119 119 
g_450.txt 25.0 54000.0 270 270 270 270 270 270 270 270 270 270 
g_475.txt 25.0 54000.0 273 273 273 273 273 273 273 273 273 273 
g_500.txt 25.0 54000.0 319 319 319 319 319 319 319 319 319 319 
g_250.txt 25.0 108000.0 0 0 0 0 0 0 0 0 0 0 
g_300.txt 25.0 108000.0 0 0 0 0 0 0 0 0 0 0 
g_350.txt 25.0 108000.0 1 1 1 1 1 1 1 1 1 1 
g_400.txt 25.0 108000.0 113 113 113 113 113 113 113 113 113 113 
g_450.txt 25.0 108000.0 270 270 270 270 270 270 270 270 270 270 
g_475.txt 25.0 108000.0 270 270 270 270 270 270 270 270 270 270 
g_500.txt 25.0 108000.0 319 319 319 319 319 319 319 319 319 319 
g_250.txt 25.0 216000.0 0 0 0 0 0 0 0 0 0 0 
g_300.txt 25.0 216000.0 0 0 0 0 0 0 0 0 0 0 
g_350.txt 25.0 216000.0 2 2 2 2 2 2 2 2 2 2 
g_400.txt 25.0 216000.0 111 111 111 111 111 111 111 111 111 111 
g_450.txt 25.0 216000.0 270 270 270 270 270 270 270 270 270 270 
g_475.txt 25.0 216000.0 270 270 270 270 270 270 270 270 270 270 
g_500.txt 25.0 216000.0 319 319 319 319 319 319 319 319 319 319 
g_250.txt 25.0 432000.0 0 0 0 0 0 0 0 0 0 0 
g_300.txt 25.0 432000.0 0 0 0 0 0 0 0 0 0 0 
g_350.txt 25.0 432000.0 2 2 2 2 2 2 2 2 2 2 
g_400.txt 25.0 432000.0 110 110 110 110 110 110 110 110 110 110 
g_450.txt 25.0 432000.0 269 269 269 269 269 269 269 269 269 269 
g_475.txt 25.0 432000.0 270 270 270 270 270 270 270 270 270 270 
g_500.txt 25.0 432000.0 318 318 318 318 318 318 318 318 318 318 
g_250.txt 25.0 560000.0 0 0 0 0 0 0 0 0 0 0 
g_300.txt 25.0 560000.0 0 0 0 0 0 0 0 0 0 0 
g_350.txt 25.0 560000.0 2 2 2 2 2 2 2 2 2 2 
g_400.txt 25.0 560000.0 110 110 110 110 110 110 110 110 110 110 
g_450.txt 25.0 560000.0 269 269 269 269 269 269 269 269 269 269 
g_475.txt 25.0 560000.0 270 270 270 270 270 270 270 270 270 270 
g_500.txt 25.0 560000.0 318 318 318 318 318 318 318 318 318 318 
