filename U #1 #2 #3 #4 #5 #6 #7 #8 #9 #10
u125_01_simulated.txt 2.0 59 59 59 59 59 59 59 59 59 59 
u125_02_simulated.txt 2.0 66 66 66 66 66 66 66 66 66 66 
u125_03_simulated.txt 2.0 56 56 56 56 56 56 56 56 56 56 
u125_04_simulated.txt 2.0 48 48 48 48 48 48 48 48 48 48 
u125_05_simulated.txt 2.0 51 51 51 51 51 51 51 51 51 51 
u125_06_simulated.txt 2.0 44 44 44 44 44 44 44 44 44 44 
u125_07_simulated.txt 2.0 31 31 31 31 31 31 31 31 31 31 
u125_08_simulated.txt 2.0 65 65 65 65 65 65 65 65 65 65 
u125_09_simulated.txt 2.0 63 63 63 63 63 63 63 63 63 63 
u125_010_simulated.txt 2.0 60 60 60 60 60 60 60 60 60 60 
u150_01_simulated.txt 2.0 77 77 77 77 77 77 77 77 77 77 
u150_02_simulated.txt 2.0 81 81 81 81 81 81 81 81 81 81 
u150_03_simulated.txt 2.0 81 81 81 81 81 81 81 81 81 81 
u150_04_simulated.txt 2.0 69 69 69 69 69 69 69 69 69 69 
u150_05_simulated.txt 2.0 69 69 69 69 69 69 69 69 69 69 
u150_06_simulated.txt 2.0 84 84 84 84 84 84 84 84 84 84 
u150_07_simulated.txt 2.0 84 84 84 84 84 84 84 84 84 84 
u150_08_simulated.txt 2.0 81 81 81 81 81 81 81 81 81 81 
u150_09_simulated.txt 2.0 74 74 74 74 74 74 74 74 74 74 
u150_010_simulated.txt 2.0 72 72 72 72 72 72 72 72 72 72 
u175_01_simulated.txt 2.0 88 88 88 88 88 88 88 88 88 88 
u175_02_simulated.txt 2.0 91 91 91 91 91 91 91 91 91 91 
u175_03_simulated.txt 2.0 103 103 103 103 103 103 103 103 103 103 
u175_04_simulated.txt 2.0 78 78 78 78 78 78 78 78 78 78 
u175_05_simulated.txt 2.0 101 101 101 101 101 101 101 101 101 101 
u175_06_simulated.txt 2.0 91 91 91 91 91 91 91 91 91 91 
u175_07_simulated.txt 2.0 82 82 82 82 82 82 82 82 82 82 
u175_08_simulated.txt 2.0 94 94 94 94 94 94 94 94 94 94 
u175_09_simulated.txt 2.0 92 92 92 92 92 92 92 92 92 92 
u175_010_simulated.txt 2.0 90 90 90 90 90 90 90 90 90 90 
u200_01_simulated.txt 2.0 109 109 109 109 109 109 109 109 109 109 
u200_02_simulated.txt 2.0 109 109 109 109 109 109 109 109 109 109 
u200_03_simulated.txt 2.0 120 120 120 120 120 120 120 120 120 120 
u200_04_simulated.txt 2.0 121 121 121 121 121 121 121 121 121 121 
u200_05_simulated.txt 2.0 116 116 116 116 116 116 116 116 116 116 
u200_06_simulated.txt 2.0 123 123 123 123 123 123 123 123 123 123 
u200_07_simulated.txt 2.0 94 94 94 94 94 94 94 94 94 94 
u200_08_simulated.txt 2.0 112 112 112 112 112 112 112 112 112 112 
u200_09_simulated.txt 2.0 112 112 112 112 112 112 112 112 112 112 
u200_010_simulated.txt 2.0 116 116 116 116 116 116 116 116 116 116 
u125_01_simulated.txt 5.0 51 51 51 51 51 51 51 51 51 51 
u125_02_simulated.txt 5.0 57 57 57 57 57 57 57 57 57 57 
u125_03_simulated.txt 5.0 49 49 49 49 49 49 49 49 49 49 
u125_04_simulated.txt 5.0 42 42 42 42 42 42 42 42 42 42 
u125_05_simulated.txt 5.0 46 46 46 46 46 46 46 46 46 46 
u125_06_simulated.txt 5.0 35 35 35 35 35 35 35 35 35 35 
u125_07_simulated.txt 5.0 24 24 24 24 24 24 24 24 24 24 
u125_08_simulated.txt 5.0 53 53 53 53 53 53 53 53 53 53 
u125_09_simulated.txt 5.0 55 55 55 55 55 55 55 55 55 55 
u125_010_simulated.txt 5.0 51 51 51 51 51 51 51 51 51 51 
u150_01_simulated.txt 5.0 70 70 70 70 70 70 70 70 70 70 
u150_02_simulated.txt 5.0 71 71 71 71 71 71 71 71 71 71 
u150_03_simulated.txt 5.0 71 71 71 71 71 71 71 71 71 71 
u150_04_simulated.txt 5.0 63 63 63 63 63 63 63 63 63 63 
u150_05_simulated.txt 5.0 62 62 62 62 62 62 62 62 62 62 
u150_06_simulated.txt 5.0 74 74 74 74 74 74 74 74 74 74 
u150_07_simulated.txt 5.0 76 76 76 76 76 76 76 76 76 76 
u150_08_simulated.txt 5.0 73 73 73 73 73 73 73 73 73 73 
u150_09_simulated.txt 5.0 62 62 62 62 62 62 62 62 62 62 
u150_010_simulated.txt 5.0 63 63 63 63 63 63 63 63 63 63 
u175_01_simulated.txt 5.0 85 85 85 85 85 85 85 85 85 85 
u175_02_simulated.txt 5.0 86 86 86 86 86 86 86 86 86 86 
u175_03_simulated.txt 5.0 94 94 94 94 94 94 94 94 94 94 
u175_04_simulated.txt 5.0 74 74 74 74 74 74 74 74 74 74 
u175_05_simulated.txt 5.0 94 94 94 94 94 94 94 94 94 94 
u175_06_simulated.txt 5.0 85 85 85 85 85 85 85 85 85 85 
u175_07_simulated.txt 5.0 73 73 73 73 73 73 73 73 73 73 
u175_08_simulated.txt 5.0 83 83 83 83 83 83 83 83 83 83 
u175_09_simulated.txt 5.0 84 84 84 84 84 84 84 84 84 84 
u175_010_simulated.txt 5.0 84 84 84 84 84 84 84 84 84 84 
u200_01_simulated.txt 5.0 102 102 102 102 102 102 102 102 102 102 
u200_02_simulated.txt 5.0 102 102 102 102 102 102 102 102 102 102 
u200_03_simulated.txt 5.0 116 116 116 116 116 116 116 116 116 116 
u200_04_simulated.txt 5.0 110 110 110 110 110 110 110 110 110 110 
u200_05_simulated.txt 5.0 106 106 106 106 106 106 106 106 106 106 
u200_06_simulated.txt 5.0 113 113 113 113 113 113 113 113 113 113 
u200_07_simulated.txt 5.0 84 84 84 84 84 84 84 84 84 84 
u200_08_simulated.txt 5.0 98 98 98 98 98 98 98 98 98 98 
u200_09_simulated.txt 5.0 105 105 105 105 105 105 105 105 105 105 
u200_010_simulated.txt 5.0 106 106 106 106 106 106 106 106 106 106 
u125_01_simulated.txt 10.0 41 41 41 41 41 41 41 41 41 41 
u125_02_simulated.txt 10.0 45 45 45 45 45 45 45 45 45 45 
u125_03_simulated.txt 10.0 39 39 39 39 39 39 39 39 39 39 
u125_04_simulated.txt 10.0 31 31 31 31 31 31 31 31 31 31 
u125_05_simulated.txt 10.0 31 31 31 31 31 31 31 31 31 31 
u125_06_simulated.txt 10.0 27 27 27 27 27 27 27 27 27 27 
u125_07_simulated.txt 10.0 17 17 17 17 17 17 17 17 17 17 
u125_08_simulated.txt 10.0 44 44 44 44 44 44 44 44 44 44 
u125_09_simulated.txt 10.0 45 45 45 45 45 45 45 45 45 45 
u125_010_simulated.txt 10.0 45 45 45 45 45 45 45 45 45 45 
u150_01_simulated.txt 10.0 58 58 58 58 58 58 58 58 58 58 
u150_02_simulated.txt 10.0 57 57 57 57 57 57 57 57 57 57 
u150_03_simulated.txt 10.0 59 59 59 59 59 59 59 59 59 59 
u150_04_simulated.txt 10.0 50 50 50 50 50 50 50 50 50 50 
u150_05_simulated.txt 10.0 45 45 45 45 45 45 45 45 45 45 
u150_06_simulated.txt 10.0 64 64 64 64 64 64 64 64 64 64 
u150_07_simulated.txt 10.0 65 65 65 65 65 65 65 65 65 65 
u150_08_simulated.txt 10.0 62 62 62 62 62 62 62 62 62 62 
u150_09_simulated.txt 10.0 52 52 52 52 52 52 52 52 52 52 
u150_010_simulated.txt 10.0 52 52 52 52 52 52 52 52 52 52 
u175_01_simulated.txt 10.0 69 69 69 69 69 69 69 69 69 69 
u175_02_simulated.txt 10.0 74 74 74 74 74 74 74 74 74 74 
u175_03_simulated.txt 10.0 83 83 83 83 83 83 83 83 83 83 
u175_04_simulated.txt 10.0 60 60 60 60 60 60 60 60 60 60 
u175_05_simulated.txt 10.0 82 82 82 82 82 82 82 82 82 82 
u175_06_simulated.txt 10.0 73 73 73 73 73 73 73 73 73 73 
u175_07_simulated.txt 10.0 59 59 59 59 59 59 59 59 59 59 
u175_08_simulated.txt 10.0 78 78 78 78 78 78 78 78 78 78 
u175_09_simulated.txt 10.0 79 79 79 79 79 79 79 79 79 79 
u175_010_simulated.txt 10.0 76 76 76 76 76 76 76 76 76 76 
u200_01_simulated.txt 10.0 90 90 90 90 90 90 90 90 90 90 
u200_02_simulated.txt 10.0 90 90 90 90 90 90 90 90 90 90 
u200_03_simulated.txt 10.0 104 104 104 104 104 104 104 104 104 104 
u200_04_simulated.txt 10.0 100 100 100 100 100 100 100 100 100 100 
u200_05_simulated.txt 10.0 100 100 100 100 100 100 100 100 100 100 
u200_06_simulated.txt 10.0 103 103 103 103 103 103 103 103 103 103 
u200_07_simulated.txt 10.0 77 77 77 77 77 77 77 77 77 77 
u200_08_simulated.txt 10.0 87 87 87 87 87 87 87 87 87 87 
u200_09_simulated.txt 10.0 93 93 93 93 93 93 93 93 93 93 
u200_010_simulated.txt 10.0 97 97 97 97 97 97 97 97 97 97 
u125_01_simulated.txt 15.0 34 34 34 34 34 34 34 34 34 34 
u125_02_simulated.txt 15.0 36 36 36 36 36 36 36 36 36 36 
u125_03_simulated.txt 15.0 29 29 29 29 29 29 29 29 29 29 
u125_04_simulated.txt 15.0 26 26 26 26 26 26 26 26 26 26 
u125_05_simulated.txt 15.0 25 25 25 25 25 25 25 25 25 25 
u125_06_simulated.txt 15.0 17 17 17 17 17 17 17 17 17 17 
u125_07_simulated.txt 15.0 17 17 17 17 17 17 17 17 17 17 
u125_08_simulated.txt 15.0 36 36 36 36 36 36 36 36 36 36 
u125_09_simulated.txt 15.0 42 42 42 42 42 42 42 42 42 42 
u125_010_simulated.txt 15.0 35 35 35 35 35 35 35 35 35 35 
u150_01_simulated.txt 15.0 49 49 49 49 49 49 49 49 49 49 
u150_02_simulated.txt 15.0 56 56 56 56 56 56 56 56 56 56 
u150_03_simulated.txt 15.0 56 56 56 56 56 56 56 56 56 56 
u150_04_simulated.txt 15.0 35 35 35 35 35 35 35 35 35 35 
u150_05_simulated.txt 15.0 40 40 40 40 40 40 40 40 40 40 
u150_06_simulated.txt 15.0 58 58 58 58 58 58 58 58 58 58 
u150_07_simulated.txt 15.0 60 60 60 60 60 60 60 60 60 60 
u150_08_simulated.txt 15.0 59 59 59 59 59 59 59 59 59 59 
u150_09_simulated.txt 15.0 42 42 42 42 42 42 42 42 42 42 
u150_010_simulated.txt 15.0 43 43 43 43 43 43 43 43 43 43 
u175_01_simulated.txt 15.0 60 60 60 60 60 60 60 60 60 60 
u175_02_simulated.txt 15.0 63 63 63 63 63 63 63 63 63 63 
u175_03_simulated.txt 15.0 76 76 76 76 76 76 76 76 76 76 
u175_04_simulated.txt 15.0 53 53 53 53 53 53 53 53 53 53 
u175_05_simulated.txt 15.0 71 71 71 71 71 71 71 71 71 71 
u175_06_simulated.txt 15.0 56 56 56 56 56 56 56 56 56 56 
u175_07_simulated.txt 15.0 54 54 54 54 54 54 54 54 54 54 
u175_08_simulated.txt 15.0 69 69 69 69 69 69 69 69 69 69 
u175_09_simulated.txt 15.0 70 70 70 70 70 70 70 70 70 70 
u175_010_simulated.txt 15.0 63 63 63 63 63 63 63 63 63 63 
u200_01_simulated.txt 15.0 83 83 83 83 83 83 83 83 83 83 
u200_02_simulated.txt 15.0 83 83 83 83 83 83 83 83 83 83 
u200_03_simulated.txt 15.0 96 96 96 96 96 96 96 96 96 96 
u200_04_simulated.txt 15.0 91 91 91 91 91 91 91 91 91 91 
u200_05_simulated.txt 15.0 92 92 92 92 92 92 92 92 92 92 
u200_06_simulated.txt 15.0 93 93 93 93 93 93 93 93 93 93 
u200_07_simulated.txt 15.0 66 66 66 66 66 66 66 66 66 66 
u200_08_simulated.txt 15.0 78 78 78 78 78 78 78 78 78 78 
u200_09_simulated.txt 15.0 81 81 81 81 81 81 81 81 81 81 
u200_010_simulated.txt 15.0 88 88 88 88 88 88 88 88 88 88 
u125_01_simulated.txt 20.0 27 27 27 27 27 27 27 27 27 27 
u125_02_simulated.txt 20.0 27 27 27 27 27 27 27 27 27 27 
u125_03_simulated.txt 20.0 29 29 29 29 29 29 29 29 29 29 
u125_04_simulated.txt 20.0 24 24 24 24 24 24 24 24 24 24 
u125_05_simulated.txt 20.0 25 25 25 25 25 25 25 25 25 25 
u125_06_simulated.txt 20.0 18 18 18 18 18 18 18 18 18 18 
u125_07_simulated.txt 20.0 17 17 17 17 17 17 17 17 17 17 
u125_08_simulated.txt 20.0 29 29 29 29 29 29 29 29 29 29 
u125_09_simulated.txt 20.0 28 28 28 28 28 28 28 28 28 28 
u125_010_simulated.txt 20.0 35 35 35 35 35 35 35 35 35 35 
u150_01_simulated.txt 20.0 43 43 43 43 43 43 43 43 43 43 
u150_02_simulated.txt 20.0 41 41 41 41 41 41 41 41 41 41 
u150_03_simulated.txt 20.0 50 50 50 50 50 50 50 50 50 50 
u150_04_simulated.txt 20.0 33 33 33 33 33 33 33 33 33 33 
u150_05_simulated.txt 20.0 29 29 29 29 29 29 29 29 29 29 
u150_06_simulated.txt 20.0 56 56 56 56 56 56 56 56 56 56 
u150_07_simulated.txt 20.0 50 50 50 50 50 50 50 50 50 50 
u150_08_simulated.txt 20.0 51 51 51 51 51 51 51 51 51 51 
u150_09_simulated.txt 20.0 33 33 33 33 33 33 33 33 33 33 
u150_010_simulated.txt 20.0 36 36 36 36 36 36 36 36 36 36 
u175_01_simulated.txt 20.0 50 50 50 50 50 50 50 50 50 50 
u175_02_simulated.txt 20.0 50 50 50 50 50 50 50 50 50 50 
u175_03_simulated.txt 20.0 67 67 67 67 67 67 67 67 67 67 
u175_04_simulated.txt 20.0 43 43 43 43 43 43 43 43 43 43 
u175_05_simulated.txt 20.0 65 65 65 65 65 65 65 65 65 65 
u175_06_simulated.txt 20.0 47 47 47 47 47 47 47 47 47 47 
u175_07_simulated.txt 20.0 47 47 47 47 47 47 47 47 47 47 
u175_08_simulated.txt 20.0 60 60 60 60 60 60 60 60 60 60 
u175_09_simulated.txt 20.0 62 62 62 62 62 62 62 62 62 62 
u175_010_simulated.txt 20.0 55 55 55 55 55 55 55 55 55 55 
u200_01_simulated.txt 20.0 77 77 77 77 77 77 77 77 77 77 
u200_02_simulated.txt 20.0 77 77 77 77 77 77 77 77 77 77 
u200_03_simulated.txt 20.0 85 85 85 85 85 85 85 85 85 85 
u200_04_simulated.txt 20.0 84 84 84 84 84 84 84 84 84 84 
u200_05_simulated.txt 20.0 89 89 89 89 89 89 89 89 89 89 
u200_06_simulated.txt 20.0 89 89 89 89 89 89 89 89 89 89 
u200_07_simulated.txt 20.0 63 63 63 63 63 63 63 63 63 63 
u200_08_simulated.txt 20.0 76 76 76 76 76 76 76 76 76 76 
u200_09_simulated.txt 20.0 70 70 70 70 70 70 70 70 70 70 
u200_010_simulated.txt 20.0 85 85 85 85 85 85 85 85 85 85 
u125_01_simulated.txt 25.0 30 30 30 30 30 30 30 30 30 30 
u125_02_simulated.txt 25.0 22 22 22 22 22 22 22 22 22 22 
u125_03_simulated.txt 25.0 29 29 29 29 29 29 29 29 29 29 
u125_04_simulated.txt 25.0 25 25 25 25 25 25 25 25 25 25 
u125_05_simulated.txt 25.0 22 22 22 22 22 22 22 22 22 22 
u125_06_simulated.txt 25.0 19 19 19 19 19 19 19 19 19 19 
u125_07_simulated.txt 25.0 17 17 17 17 17 17 17 17 17 17 
u125_08_simulated.txt 25.0 31 31 31 31 31 31 31 31 31 31 
u125_09_simulated.txt 25.0 23 23 23 23 23 23 23 23 23 23 
u125_010_simulated.txt 25.0 34 34 34 34 34 34 34 34 34 34 
u150_01_simulated.txt 25.0 39 39 39 39 39 39 39 39 39 39 
u150_02_simulated.txt 25.0 33 33 33 33 33 33 33 33 33 33 
u150_03_simulated.txt 25.0 44 44 44 44 44 44 44 44 44 44 
u150_04_simulated.txt 25.0 33 33 33 33 33 33 33 33 33 33 
u150_05_simulated.txt 25.0 27 27 27 27 27 27 27 27 27 27 
u150_06_simulated.txt 25.0 48 48 48 48 48 48 48 48 48 48 
u150_07_simulated.txt 25.0 45 45 45 45 45 45 45 45 45 45 
u150_08_simulated.txt 25.0 41 41 41 41 41 41 41 41 41 41 
u150_09_simulated.txt 25.0 34 34 34 34 34 34 34 34 34 34 
u150_010_simulated.txt 25.0 28 28 28 28 28 28 28 28 28 28 
u175_01_simulated.txt 25.0 50 50 50 50 50 50 50 50 50 50 
u175_02_simulated.txt 25.0 45 45 45 45 45 45 45 45 45 45 
u175_03_simulated.txt 25.0 62 62 62 62 62 62 62 62 62 62 
u175_04_simulated.txt 25.0 41 41 41 41 41 41 41 41 41 41 
u175_05_simulated.txt 25.0 53 53 53 53 53 53 53 53 53 53 
u175_06_simulated.txt 25.0 44 44 44 44 44 44 44 44 44 44 
u175_07_simulated.txt 25.0 46 46 46 46 46 46 46 46 46 46 
u175_08_simulated.txt 25.0 46 46 46 46 46 46 46 46 46 46 
u175_09_simulated.txt 25.0 58 58 58 58 58 58 58 58 58 58 
u175_010_simulated.txt 25.0 47 47 47 47 47 47 47 47 47 47 
u200_01_simulated.txt 25.0 67 67 67 67 67 67 67 67 67 67 
u200_02_simulated.txt 25.0 67 67 67 67 67 67 67 67 67 67 
u200_03_simulated.txt 25.0 86 86 86 86 86 86 86 86 86 86 
u200_04_simulated.txt 25.0 79 79 79 79 79 79 79 79 79 79 
u200_05_simulated.txt 25.0 81 81 81 81 81 81 81 81 81 81 
u200_06_simulated.txt 25.0 82 82 82 82 82 82 82 82 82 82 
u200_07_simulated.txt 25.0 52 52 52 52 52 52 52 52 52 52 
u200_08_simulated.txt 25.0 70 70 70 70 70 70 70 70 70 70 
u200_09_simulated.txt 25.0 66 66 66 66 66 66 66 66 66 66 
u200_010_simulated.txt 25.0 74 74 74 74 74 74 74 74 74 74 
