58.56 120.82 0.30 6213.89
30.47 76.56 0.09 8281.97
83.50 179.08 0.01 9525.16
26.26 193.56 0.46 9546.09
109.38 281.35 0.18 8505.37
54.96 310.42 0.19 7795.14
118.45 254.33 0.18 7588.61
179.35 291.09 0.04 6305.25
80.34 474.61 0.18 9059.23
49.68 504.99 0.09 1326.19
101.17 550.12 0.26 4627.19
62.08 466.70 0.20 6247.57
184.83 689.23 0.24 7536.90
172.46 620.93 0.15 6522.37
9.74 669.70 0.14 6528.95
50.73 748.02 0.13 10125.35
136.10 868.34 0.09 7419.83
124.48 935.25 0.31 7380.67
142.11 975.85 0.14 6806.64
40.98 908.74 0.28 6319.66
256.54 74.54 0.18 7036.68
206.05 106.11 0.21 7988.55
342.07 184.42 0.03 1791.14
201.58 17.90 0.02 8312.11
281.19 255.81 0.25 4529.64
204.86 241.95 0.15 7126.46
268.52 223.14 0.20 6741.68
324.45 315.43 0.17 4100.76
339.05 529.44 0.06 2154.96
334.39 520.08 0.21 8502.34
389.77 517.75 0.04 9267.11
200.54 592.55 0.14 9481.52
203.37 666.79 0.21 6916.44
339.30 758.17 0.13 9649.36
362.74 619.45 0.13 8415.70
301.96 688.41 0.19 9316.06
303.99 882.06 0.25 7544.85
338.79 924.66 0.02 1786.30
218.18 977.39 0.21 3802.89
245.55 923.77 0.11 4117.00
426.69 184.47 0.24 7427.64
596.12 108.28 0.15 3206.42
574.36 184.66 0.16 4617.73
500.54 165.98 0.02 9852.58
593.66 277.83 0.03 4928.68
583.96 390.43 0.04 7663.84
407.21 260.01 0.06 8526.18
434.95 232.09 0.02 4577.67
577.26 532.22 0.22 2713.98
489.28 488.05 0.13 7683.09
581.58 415.30 0.24 9374.22
432.05 539.29 0.24 7715.35
449.48 781.55 0.21 3156.91
407.92 747.98 0.02 7887.33
411.99 779.61 0.22 6734.75
412.22 734.52 0.21 9754.85
505.79 894.13 0.27 9580.95
460.89 875.65 0.08 6445.74
599.59 995.91 0.08 1872.43
472.44 834.93 0.19 3285.69
665.60 95.53 0.13 9489.27
736.07 56.80 0.26 6643.54
612.64 47.68 0.14 8421.17
721.45 102.90 0.07 7256.42
673.59 226.69 0.35 9097.18
691.30 219.36 0.26 10153.47
667.50 268.68 0.26 5566.03
794.10 318.21 0.15 5759.96
731.84 544.28 0.02 6469.11
679.45 527.52 0.32 2974.23
799.86 562.61 0.28 2806.21
670.38 595.25 0.12 7416.87
777.96 629.54 0.03 7320.04
752.91 612.53 0.09 7671.63
739.65 648.38 0.05 10413.92
667.10 686.46 0.10 6878.76
704.40 821.40 0.05 6301.29
754.62 917.94 0.25 5396.36
791.75 949.08 0.27 7164.13
623.46 969.63 0.08 5606.88
987.17 29.56 0.26 7908.47
996.69 136.99 0.02 5150.49
879.96 131.35 0.08 8890.86
876.07 172.41 0.42 3844.57
819.45 233.81 0.16 7089.36
899.56 371.92 0.24 9141.59
916.22 211.71 0.20 5497.00
848.31 294.12 0.23 5431.04
823.17 571.42 0.17 6062.93
891.41 423.46 0.14 7448.12
995.99 454.25 0.14 4627.78
884.74 480.76 0.12 2507.79
879.96 727.84 0.14 10466.05
934.28 679.83 0.06 6324.63
868.94 686.35 0.09 9399.56
942.75 722.91 0.24 6792.51
814.01 907.38 0.11 5860.01
964.48 822.10 0.06 10605.32
930.68 881.01 0.12 3828.61
945.27 881.07 0.18 9612.67
