filename E_MC #1 #2 #3 #4 #5 #6 #7 #8 #9 #10
n20_01.txt 27000.0 0 0 0 0 0 0 0 0 0 0 
n20_02.txt 27000.0 1 1 1 1 1 1 1 1 1 1 
n20_03.txt 27000.0 1 1 1 1 1 1 1 1 1 1 
n20_04.txt 27000.0 2 2 2 2 2 2 2 2 2 2 
n20_05.txt 27000.0 2 2 2 2 2 2 2 2 2 2 
n25_01.txt 27000.0 0 0 0 0 0 0 0 0 0 0 
n25_02.txt 27000.0 5 5 5 5 5 5 5 5 5 5 
n25_03.txt 27000.0 7 7 7 7 7 7 7 7 7 7 
n25_04.txt 27000.0 0 0 0 0 0 0 0 0 0 0 
n25_05.txt 27000.0 2 2 2 2 2 2 2 2 2 2 
n50_01.txt 27000.0 18 18 18 18 18 18 18 18 18 18 
n50_02.txt 27000.0 16 16 16 16 16 16 16 16 16 16 
n50_03.txt 27000.0 8 8 8 8 8 8 8 8 8 8 
n50_04.txt 27000.0 19 19 19 19 19 19 19 19 19 19 
n50_05.txt 27000.0 17 17 17 17 17 17 17 17 17 17 
n75_01.txt 27000.0 28 28 28 28 28 28 28 28 28 28 
n75_02.txt 27000.0 42 42 42 42 42 42 42 42 42 42 
n75_03.txt 27000.0 27 27 27 27 27 27 27 27 27 27 
n75_04.txt 27000.0 29 29 29 29 29 29 29 29 29 29 
n75_05.txt 27000.0 19 19 19 19 19 19 19 19 19 19 
n100_01.txt 27000.0 43 43 43 43 43 43 43 43 43 43 
n100_02.txt 27000.0 59 59 59 59 59 59 59 59 59 59 
n100_03.txt 27000.0 50 50 50 50 50 50 50 50 50 50 
n100_04.txt 27000.0 64 64 64 64 64 64 64 64 64 64 
n100_05.txt 27000.0 50 50 50 50 50 50 50 50 50 50 
n20_01.txt 54000.0 0 0 0 0 0 0 0 0 0 0 
n20_02.txt 54000.0 0 0 0 0 0 0 0 0 0 0 
n20_03.txt 54000.0 0 0 0 0 0 0 0 0 0 0 
n20_04.txt 54000.0 1 1 1 1 1 1 1 1 1 1 
n20_05.txt 54000.0 2 2 2 2 2 2 2 2 2 2 
n25_01.txt 54000.0 0 0 0 0 0 0 0 0 0 0 
n25_02.txt 54000.0 2 2 2 2 2 2 2 2 2 2 
n25_03.txt 54000.0 6 6 6 6 6 6 6 6 6 6 
n25_04.txt 54000.0 0 0 0 0 0 0 0 0 0 0 
n25_05.txt 54000.0 2 2 2 2 2 2 2 2 2 2 
n50_01.txt 54000.0 19 19 19 19 19 19 19 19 19 19 
n50_02.txt 54000.0 15 15 15 15 15 15 15 15 15 15 
n50_03.txt 54000.0 6 6 6 6 6 6 6 6 6 6 
n50_04.txt 54000.0 19 19 19 19 19 19 19 19 19 19 
n50_05.txt 54000.0 16 16 16 16 16 16 16 16 16 16 
n75_01.txt 54000.0 26 26 26 26 26 26 26 26 26 26 
n75_02.txt 54000.0 42 42 42 42 42 42 42 42 42 42 
n75_03.txt 54000.0 27 27 27 27 27 27 27 27 27 27 
n75_04.txt 54000.0 29 29 29 29 29 29 29 29 29 29 
n75_05.txt 54000.0 18 18 18 18 18 18 18 18 18 18 
n100_01.txt 54000.0 45 45 45 45 45 45 45 45 45 45 
n100_02.txt 54000.0 61 61 61 61 61 61 61 61 61 61 
n100_03.txt 54000.0 50 50 50 50 50 50 50 50 50 50 
n100_04.txt 54000.0 63 63 63 63 63 63 63 63 63 63 
n100_05.txt 54000.0 50 50 50 50 50 50 50 50 50 50 
n20_01.txt 108000.0 0 0 0 0 0 0 0 0 0 0 
n20_02.txt 108000.0 0 0 0 0 0 0 0 0 0 0 
n20_03.txt 108000.0 0 0 0 0 0 0 0 0 0 0 
n20_04.txt 108000.0 1 1 1 1 1 1 1 1 1 1 
n20_05.txt 108000.0 2 2 2 2 2 2 2 2 2 2 
n25_01.txt 108000.0 0 0 0 0 0 0 0 0 0 0 
n25_02.txt 108000.0 2 2 2 2 2 2 2 2 2 2 
n25_03.txt 108000.0 6 6 6 6 6 6 6 6 6 6 
n25_04.txt 108000.0 0 0 0 0 0 0 0 0 0 0 
n25_05.txt 108000.0 2 2 2 2 2 2 2 2 2 2 
n50_01.txt 108000.0 19 19 19 19 19 19 19 19 19 19 
n50_02.txt 108000.0 15 15 15 15 15 15 15 15 15 15 
n50_03.txt 108000.0 6 6 6 6 6 6 6 6 6 6 
n50_04.txt 108000.0 19 19 19 19 19 19 19 19 19 19 
n50_05.txt 108000.0 16 16 16 16 16 16 16 16 16 16 
n75_01.txt 108000.0 25 25 25 25 25 25 25 25 25 25 
n75_02.txt 108000.0 42 42 42 42 42 42 42 42 42 42 
n75_03.txt 108000.0 26 26 26 26 26 26 26 26 26 26 
n75_04.txt 108000.0 27 27 27 27 27 27 27 27 27 27 
n75_05.txt 108000.0 19 19 19 19 19 19 19 19 19 19 
n100_01.txt 108000.0 43 43 43 43 43 43 43 43 43 43 
n100_02.txt 108000.0 59 59 59 59 59 59 59 59 59 59 
n100_03.txt 108000.0 50 50 50 50 50 50 50 50 50 50 
n100_04.txt 108000.0 64 64 64 64 64 64 64 64 64 64 
n100_05.txt 108000.0 50 50 50 50 50 50 50 50 50 50 
n20_01.txt 216000.0 0 0 0 0 0 0 0 0 0 0 
n20_02.txt 216000.0 0 0 0 0 0 0 0 0 0 0 
n20_03.txt 216000.0 0 0 0 0 0 0 0 0 0 0 
n20_04.txt 216000.0 1 1 1 1 1 1 1 1 1 1 
n20_05.txt 216000.0 2 2 2 2 2 2 2 2 2 2 
n25_01.txt 216000.0 0 0 0 0 0 0 0 0 0 0 
n25_02.txt 216000.0 2 2 2 2 2 2 2 2 2 2 
n25_03.txt 216000.0 6 6 6 6 6 6 6 6 6 6 
n25_04.txt 216000.0 0 0 0 0 0 0 0 0 0 0 
n25_05.txt 216000.0 2 2 2 2 2 2 2 2 2 2 
n50_01.txt 216000.0 19 19 19 19 19 19 19 19 19 19 
n50_02.txt 216000.0 15 15 15 15 15 15 15 15 15 15 
n50_03.txt 216000.0 6 6 6 6 6 6 6 6 6 6 
n50_04.txt 216000.0 18 18 18 18 18 18 18 18 18 18 
n50_05.txt 216000.0 16 16 16 16 16 16 16 16 16 16 
n75_01.txt 216000.0 25 25 25 25 25 25 25 25 25 25 
n75_02.txt 216000.0 42 42 42 42 42 42 42 42 42 42 
n75_03.txt 216000.0 26 26 26 26 26 26 26 26 26 26 
n75_04.txt 216000.0 28 28 28 28 28 28 28 28 28 28 
n75_05.txt 216000.0 18 18 18 18 18 18 18 18 18 18 
n100_01.txt 216000.0 43 43 43 43 43 43 43 43 43 43 
n100_02.txt 216000.0 59 59 59 59 59 59 59 59 59 59 
n100_03.txt 216000.0 49 49 49 49 49 49 49 49 49 49 
n100_04.txt 216000.0 64 64 64 64 64 64 64 64 64 64 
n100_05.txt 216000.0 50 50 50 50 50 50 50 50 50 50 
n20_01.txt 432000.0 0 0 0 0 0 0 0 0 0 0 
n20_02.txt 432000.0 0 0 0 0 0 0 0 0 0 0 
n20_03.txt 432000.0 0 0 0 0 0 0 0 0 0 0 
n20_04.txt 432000.0 1 1 1 1 1 1 1 1 1 1 
n20_05.txt 432000.0 2 2 2 2 2 2 2 2 2 2 
n25_01.txt 432000.0 0 0 0 0 0 0 0 0 0 0 
n25_02.txt 432000.0 2 2 2 2 2 2 2 2 2 2 
n25_03.txt 432000.0 6 6 6 6 6 6 6 6 6 6 
n25_04.txt 432000.0 0 0 0 0 0 0 0 0 0 0 
n25_05.txt 432000.0 2 2 2 2 2 2 2 2 2 2 
n50_01.txt 432000.0 19 19 19 19 19 19 19 19 19 19 
n50_02.txt 432000.0 15 15 15 15 15 15 15 15 15 15 
n50_03.txt 432000.0 6 6 6 6 6 6 6 6 6 6 
n50_04.txt 432000.0 18 18 18 18 18 18 18 18 18 18 
n50_05.txt 432000.0 16 16 16 16 16 16 16 16 16 16 
n75_01.txt 432000.0 25 25 25 25 25 25 25 25 25 25 
n75_02.txt 432000.0 42 42 42 42 42 42 42 42 42 42 
n75_03.txt 432000.0 26 26 26 26 26 26 26 26 26 26 
n75_04.txt 432000.0 27 27 27 27 27 27 27 27 27 27 
n75_05.txt 432000.0 18 18 18 18 18 18 18 18 18 18 
n100_01.txt 432000.0 43 43 43 43 43 43 43 43 43 43 
n100_02.txt 432000.0 59 59 59 59 59 59 59 59 59 59 
n100_03.txt 432000.0 49 49 49 49 49 49 49 49 49 49 
n100_04.txt 432000.0 64 64 64 64 64 64 64 64 64 64 
n100_05.txt 432000.0 50 50 50 50 50 50 50 50 50 50 
n20_01.txt 560000.0 0 0 0 0 0 0 0 0 0 0 
n20_02.txt 560000.0 0 0 0 0 0 0 0 0 0 0 
n20_03.txt 560000.0 0 0 0 0 0 0 0 0 0 0 
n20_04.txt 560000.0 1 1 1 1 1 1 1 1 1 1 
n20_05.txt 560000.0 2 2 2 2 2 2 2 2 2 2 
n25_01.txt 560000.0 0 0 0 0 0 0 0 0 0 0 
n25_02.txt 560000.0 2 2 2 2 2 2 2 2 2 2 
n25_03.txt 560000.0 6 6 6 6 6 6 6 6 6 6 
n25_04.txt 560000.0 0 0 0 0 0 0 0 0 0 0 
n25_05.txt 560000.0 2 2 2 2 2 2 2 2 2 2 
n50_01.txt 560000.0 19 19 19 19 19 19 19 19 19 19 
n50_02.txt 560000.0 15 15 15 15 15 15 15 15 15 15 
n50_03.txt 560000.0 6 6 6 6 6 6 6 6 6 6 
n50_04.txt 560000.0 18 18 18 18 18 18 18 18 18 18 
n50_05.txt 560000.0 16 16 16 16 16 16 16 16 16 16 
n75_01.txt 560000.0 25 25 25 25 25 25 25 25 25 25 
n75_02.txt 560000.0 42 42 42 42 42 42 42 42 42 42 
n75_03.txt 560000.0 26 26 26 26 26 26 26 26 26 26 
n75_04.txt 560000.0 27 27 27 27 27 27 27 27 27 27 
n75_05.txt 560000.0 18 18 18 18 18 18 18 18 18 18 
n100_01.txt 560000.0 43 43 43 43 43 43 43 43 43 43 
n100_02.txt 560000.0 59 59 59 59 59 59 59 59 59 59 
n100_03.txt 560000.0 49 49 49 49 49 49 49 49 49 49 
n100_04.txt 560000.0 64 64 64 64 64 64 64 64 64 64 
n100_05.txt 560000.0 50 50 50 50 50 50 50 50 50 50 
