filename U E #1 #2 #3 #4 #5 #6 #7 #8 #9 #10
g_250.txt 5.0 27000.0 43 42 42 42 42 42 42 42 42 42 
g_300.txt 5.0 27000.0 52 52 52 52 52 52 52 52 52 52 
g_350.txt 5.0 27000.0 79 79 79 79 79 79 79 79 79 79 
g_400.txt 5.0 27000.0 180 180 180 180 180 180 180 180 180 180 
g_450.txt 5.0 27000.0 268 268 268 268 268 268 268 268 268 268 
g_475.txt 5.0 27000.0 306 306 306 306 306 306 306 306 306 306 
g_500.txt 5.0 27000.0 348 348 348 348 348 348 348 348 348 348 
g_250.txt 5.0 54000.0 44 44 44 44 44 44 44 44 44 44 
g_300.txt 5.0 54000.0 53 53 53 53 53 53 53 53 53 53 
g_350.txt 5.0 54000.0 76 76 76 76 76 76 76 76 76 76 
g_400.txt 5.0 54000.0 182 182 182 182 182 182 182 182 182 182 
g_450.txt 5.0 54000.0 266 266 266 266 266 266 266 266 266 266 
g_475.txt 5.0 54000.0 315 315 315 315 315 315 315 315 315 315 
g_500.txt 5.0 54000.0 355 355 355 355 355 355 355 355 355 355 
g_250.txt 5.0 108000.0 42 42 42 42 42 42 42 42 42 42 
g_300.txt 5.0 108000.0 52 52 52 52 52 52 52 52 52 52 
g_350.txt 5.0 108000.0 76 76 76 76 76 76 76 76 76 76 
g_400.txt 5.0 108000.0 179 179 179 179 179 179 179 179 179 179 
g_450.txt 5.0 108000.0 281 281 281 281 281 281 281 281 281 281 
g_475.txt 5.0 108000.0 323 323 323 323 323 323 323 323 323 323 
g_500.txt 5.0 108000.0 364 364 364 364 364 364 364 364 364 364 
g_250.txt 5.0 216000.0 42 42 42 42 42 42 42 42 42 42 
g_300.txt 5.0 216000.0 51 51 51 51 51 51 51 51 51 51 
g_350.txt 5.0 216000.0 78 78 78 78 78 78 78 78 78 78 
g_400.txt 5.0 216000.0 178 178 178 178 178 178 178 178 178 178 
g_450.txt 5.0 216000.0 283 283 283 283 283 283 283 283 283 283 
g_475.txt 5.0 216000.0 323 323 323 323 323 323 323 323 323 323 
g_500.txt 5.0 216000.0 364 364 364 364 364 364 364 364 364 364 
g_250.txt 5.0 432000.0 43 43 43 43 43 43 43 43 43 43 
g_300.txt 5.0 432000.0 51 51 51 51 51 51 51 51 51 51 
g_350.txt 5.0 432000.0 78 78 78 78 78 78 78 78 78 78 
g_400.txt 5.0 432000.0 178 178 178 178 178 178 178 178 178 178 
g_450.txt 5.0 432000.0 283 283 283 283 283 283 283 283 283 283 
g_475.txt 5.0 432000.0 323 323 323 323 323 323 323 323 323 323 
g_500.txt 5.0 432000.0 364 364 364 364 364 364 364 364 364 364 
g_250.txt 5.0 560000.0 43 43 43 43 43 43 43 43 43 43 
g_300.txt 5.0 560000.0 51 51 51 51 51 51 51 51 51 51 
g_350.txt 5.0 560000.0 78 78 78 78 78 78 78 78 78 78 
g_400.txt 5.0 560000.0 178 178 178 178 178 178 178 178 178 178 
g_450.txt 5.0 560000.0 283 283 283 283 283 283 283 283 283 283 
g_475.txt 5.0 560000.0 323 323 323 323 323 323 323 323 323 323 
g_500.txt 5.0 560000.0 364 364 364 364 364 364 364 364 364 364 
g_250.txt 10.0 27000.0 34 34 34 34 34 34 34 34 34 34 
g_300.txt 10.0 27000.0 39 39 39 39 39 39 39 39 39 39 
g_350.txt 10.0 27000.0 62 62 62 62 62 62 62 62 62 62 
g_400.txt 10.0 27000.0 166 166 166 166 166 166 166 166 166 166 
g_450.txt 10.0 27000.0 258 258 258 258 258 258 258 258 258 258 
g_475.txt 10.0 27000.0 297 297 297 297 297 297 297 297 297 297 
g_500.txt 10.0 27000.0 334 334 334 334 334 334 334 334 334 334 
g_250.txt 10.0 54000.0 35 32 32 32 32 32 32 32 32 32 
g_300.txt 10.0 54000.0 38 38 38 38 38 38 38 38 38 38 
g_350.txt 10.0 54000.0 65 65 65 65 65 65 65 65 65 65 
g_400.txt 10.0 54000.0 164 164 164 164 164 164 164 164 164 164 
g_450.txt 10.0 54000.0 251 251 251 251 251 251 251 251 251 251 
g_475.txt 10.0 54000.0 294 294 294 294 294 294 294 294 294 294 
g_500.txt 10.0 54000.0 335 335 335 335 335 335 335 335 335 335 
g_250.txt 10.0 108000.0 30 31 31 31 31 31 31 31 31 31 
g_300.txt 10.0 108000.0 35 35 35 35 35 35 35 35 35 35 
g_350.txt 10.0 108000.0 59 59 59 59 59 59 59 59 59 59 
g_400.txt 10.0 108000.0 165 165 165 165 165 165 165 165 165 165 
g_450.txt 10.0 108000.0 253 253 253 253 253 253 253 253 253 253 
g_475.txt 10.0 108000.0 290 290 290 290 290 290 290 290 290 290 
g_500.txt 10.0 108000.0 332 332 332 332 332 332 332 332 332 332 
g_250.txt 10.0 216000.0 31 31 31 31 31 31 31 31 31 31 
g_300.txt 10.0 216000.0 37 37 37 37 37 37 37 37 37 37 
g_350.txt 10.0 216000.0 61 61 61 61 61 61 61 61 61 61 
g_400.txt 10.0 216000.0 165 165 165 165 165 165 165 165 165 165 
g_450.txt 10.0 216000.0 253 253 253 253 253 253 253 253 253 253 
g_475.txt 10.0 216000.0 290 290 290 290 290 290 290 290 290 290 
g_500.txt 10.0 216000.0 334 334 334 334 334 334 334 334 334 334 
g_250.txt 10.0 432000.0 29 28 28 28 28 28 28 28 28 28 
g_300.txt 10.0 432000.0 35 35 35 35 35 35 35 35 35 35 
g_350.txt 10.0 432000.0 61 61 61 61 61 61 61 61 61 61 
g_400.txt 10.0 432000.0 166 166 166 166 166 166 166 166 166 166 
g_450.txt 10.0 432000.0 252 252 252 252 252 252 252 252 252 252 
g_475.txt 10.0 432000.0 291 291 291 291 291 291 291 291 291 291 
g_500.txt 10.0 432000.0 331 331 331 331 331 331 331 331 331 331 
g_250.txt 10.0 560000.0 29 30 30 30 30 30 30 30 30 30 
g_300.txt 10.0 560000.0 35 35 35 35 35 35 35 35 35 35 
g_350.txt 10.0 560000.0 62 62 62 62 62 62 62 62 62 62 
g_400.txt 10.0 560000.0 166 166 166 166 166 166 166 166 166 166 
g_450.txt 10.0 560000.0 253 253 253 253 253 253 253 253 253 253 
g_475.txt 10.0 560000.0 290 290 290 290 290 290 290 290 290 290 
g_500.txt 10.0 560000.0 330 330 330 330 330 330 330 330 330 330 
g_250.txt 15.0 27000.0 20 18 18 18 18 18 18 18 18 18 
g_300.txt 15.0 27000.0 29 29 29 29 29 29 29 29 29 29 
g_350.txt 15.0 27000.0 54 54 54 54 54 54 54 54 54 54 
g_400.txt 15.0 27000.0 156 156 156 156 156 156 156 156 156 156 
g_450.txt 15.0 27000.0 247 247 247 247 247 247 247 247 247 247 
g_475.txt 15.0 27000.0 286 286 286 286 286 286 286 286 286 286 
g_500.txt 15.0 27000.0 325 325 325 325 325 325 325 325 325 325 
g_250.txt 15.0 54000.0 20 19 19 19 19 19 19 19 19 19 
g_300.txt 15.0 54000.0 26 26 26 26 26 26 26 26 26 26 
g_350.txt 15.0 54000.0 52 52 52 52 52 52 52 52 52 52 
g_400.txt 15.0 54000.0 151 151 151 151 151 151 151 151 151 151 
g_450.txt 15.0 54000.0 249 249 249 249 249 249 249 249 249 249 
g_475.txt 15.0 54000.0 280 280 280 280 280 280 280 280 280 280 
g_500.txt 15.0 54000.0 323 323 323 323 323 323 323 323 323 323 
g_250.txt 15.0 108000.0 19 18 18 18 18 18 18 18 18 18 
g_300.txt 15.0 108000.0 25 25 25 25 25 25 25 25 25 25 
g_350.txt 15.0 108000.0 49 49 49 49 49 49 49 49 49 49 
g_400.txt 15.0 108000.0 149 149 149 149 149 149 149 149 149 149 
g_450.txt 15.0 108000.0 240 240 240 240 240 240 240 240 240 240 
g_475.txt 15.0 108000.0 280 280 280 280 280 280 280 280 280 280 
g_500.txt 15.0 108000.0 321 321 321 321 321 321 321 321 321 321 
g_250.txt 15.0 216000.0 18 18 18 18 18 18 18 18 18 18 
g_300.txt 15.0 216000.0 24 24 24 24 24 24 24 24 24 24 
g_350.txt 15.0 216000.0 52 52 52 52 52 52 52 52 52 52 
g_400.txt 15.0 216000.0 148 148 148 148 148 148 148 148 148 148 
g_450.txt 15.0 216000.0 238 238 238 238 238 238 238 238 238 238 
g_475.txt 15.0 216000.0 273 273 273 273 273 273 273 273 273 273 
g_500.txt 15.0 216000.0 316 316 316 316 316 316 316 316 316 316 
g_250.txt 15.0 432000.0 15 16 16 16 16 16 16 16 16 16 
g_300.txt 15.0 432000.0 23 23 23 23 23 23 23 23 23 23 
g_350.txt 15.0 432000.0 49 49 49 49 49 49 49 49 49 49 
g_400.txt 15.0 432000.0 147 147 147 147 147 147 147 147 147 147 
g_450.txt 15.0 432000.0 235 235 235 235 235 235 235 235 235 235 
g_475.txt 15.0 432000.0 276 276 276 276 276 276 276 276 276 276 
g_500.txt 15.0 432000.0 317 317 317 317 317 317 317 317 317 317 
g_250.txt 15.0 560000.0 15 16 16 16 16 16 16 16 16 16 
g_300.txt 15.0 560000.0 20 20 20 20 20 20 20 20 20 20 
g_350.txt 15.0 560000.0 48 48 48 48 48 48 48 48 48 48 
g_400.txt 15.0 560000.0 149 149 149 149 149 149 149 149 149 149 
g_450.txt 15.0 560000.0 235 235 235 235 235 235 235 235 235 235 
g_475.txt 15.0 560000.0 276 276 276 276 276 276 276 276 276 276 
g_500.txt 15.0 560000.0 314 314 314 314 314 314 314 314 314 314 
g_250.txt 20.0 27000.0 10 12 12 12 12 12 12 12 12 12 
g_300.txt 20.0 27000.0 15 15 15 15 15 15 15 15 15 15 
g_350.txt 20.0 27000.0 44 44 44 44 44 44 44 44 44 44 
g_400.txt 20.0 27000.0 147 147 147 147 147 147 147 147 147 147 
g_450.txt 20.0 27000.0 239 239 239 239 239 239 239 239 239 239 
g_475.txt 20.0 27000.0 280 280 280 280 280 280 280 280 280 280 
g_500.txt 20.0 27000.0 317 317 317 317 317 317 317 317 317 317 
g_250.txt 20.0 54000.0 7 7 7 7 7 7 7 7 7 7 
g_300.txt 20.0 54000.0 15 15 15 15 15 15 15 15 15 15 
g_350.txt 20.0 54000.0 43 43 43 43 43 43 43 43 43 43 
g_400.txt 20.0 54000.0 139 139 139 139 139 139 139 139 139 139 
g_450.txt 20.0 54000.0 228 228 228 228 228 228 228 228 228 228 
g_475.txt 20.0 54000.0 272 272 272 272 272 272 272 272 272 272 
g_500.txt 20.0 54000.0 311 311 311 311 311 311 311 311 311 311 
g_250.txt 20.0 108000.0 7 8 8 8 8 8 8 8 8 8 
g_300.txt 20.0 108000.0 13 13 13 13 13 13 13 13 13 13 
g_350.txt 20.0 108000.0 41 41 41 41 41 41 41 41 41 41 
g_400.txt 20.0 108000.0 136 136 136 136 136 136 136 136 136 136 
g_450.txt 20.0 108000.0 228 228 228 228 228 228 228 228 228 228 
g_475.txt 20.0 108000.0 265 265 265 265 265 265 265 265 265 265 
g_500.txt 20.0 108000.0 310 310 310 310 310 310 310 310 310 310 
g_250.txt 20.0 216000.0 6 6 6 6 6 6 6 6 6 6 
g_300.txt 20.0 216000.0 14 14 14 14 14 14 14 14 14 14 
g_350.txt 20.0 216000.0 39 39 39 39 39 39 39 39 39 39 
g_400.txt 20.0 216000.0 137 137 137 137 137 137 137 137 137 137 
g_450.txt 20.0 216000.0 228 228 228 228 228 228 228 228 228 228 
g_475.txt 20.0 216000.0 267 267 267 267 267 267 267 267 267 267 
g_500.txt 20.0 216000.0 303 303 303 303 303 303 303 303 303 303 
g_250.txt 20.0 432000.0 6 6 6 6 6 6 6 6 6 6 
g_300.txt 20.0 432000.0 11 11 11 11 11 11 11 11 11 11 
g_350.txt 20.0 432000.0 38 38 38 38 38 38 38 38 38 38 
g_400.txt 20.0 432000.0 137 137 137 137 137 137 137 137 137 137 
g_450.txt 20.0 432000.0 223 223 223 223 223 223 223 223 223 223 
g_475.txt 20.0 432000.0 262 262 262 262 262 262 262 262 262 262 
g_500.txt 20.0 432000.0 306 306 306 306 306 306 306 306 306 306 
g_250.txt 20.0 560000.0 6 6 6 6 6 6 6 6 6 6 
g_300.txt 20.0 560000.0 9 9 9 9 9 9 9 9 9 9 
g_350.txt 20.0 560000.0 37 37 37 37 37 37 37 37 37 37 
g_400.txt 20.0 560000.0 132 132 132 132 132 132 132 132 132 132 
g_450.txt 20.0 560000.0 221 221 221 221 221 221 221 221 221 221 
g_475.txt 20.0 560000.0 262 262 262 262 262 262 262 262 262 262 
g_500.txt 20.0 560000.0 306 306 306 306 306 306 306 306 306 306 
g_250.txt 25.0 27000.0 3 4 4 4 4 4 4 4 4 4 
g_300.txt 25.0 27000.0 6 6 6 6 6 6 6 6 6 6 
g_350.txt 25.0 27000.0 36 36 36 36 36 36 36 36 36 36 
g_400.txt 25.0 27000.0 139 139 139 139 139 139 139 139 139 139 
g_450.txt 25.0 27000.0 234 234 234 234 234 234 234 234 234 234 
g_475.txt 25.0 27000.0 269 269 269 269 269 269 269 269 269 269 
g_500.txt 25.0 27000.0 306 306 306 306 306 306 306 306 306 306 
g_250.txt 25.0 54000.0 5 5 5 5 5 5 5 5 5 5 
g_300.txt 25.0 54000.0 1 1 1 1 1 1 1 1 1 1 
g_350.txt 25.0 54000.0 31 31 31 31 31 31 31 31 31 31 
g_400.txt 25.0 54000.0 132 132 132 132 132 132 132 132 132 132 
g_450.txt 25.0 54000.0 224 224 224 224 224 224 224 224 224 224 
g_475.txt 25.0 54000.0 261 261 261 261 261 261 261 261 261 261 
g_500.txt 25.0 54000.0 303 303 303 303 303 303 303 303 303 303 
g_250.txt 25.0 108000.0 3 3 3 3 3 3 3 3 3 3 
g_300.txt 25.0 108000.0 1 1 1 1 1 1 1 1 1 1 
g_350.txt 25.0 108000.0 29 29 29 29 29 29 29 29 29 29 
g_400.txt 25.0 108000.0 124 124 124 124 124 124 124 124 124 124 
g_450.txt 25.0 108000.0 213 213 213 213 213 213 213 213 213 213 
g_475.txt 25.0 108000.0 253 253 253 253 253 253 253 253 253 253 
g_500.txt 25.0 108000.0 293 293 293 293 293 293 293 293 293 293 
g_250.txt 25.0 216000.0 3 3 3 3 3 3 3 3 3 3 
g_300.txt 25.0 216000.0 3 3 3 3 3 3 3 3 3 3 
g_350.txt 25.0 216000.0 30 30 30 30 30 30 30 30 30 30 
g_400.txt 25.0 216000.0 126 126 126 126 126 126 126 126 126 126 
g_450.txt 25.0 216000.0 211 211 211 211 211 211 211 211 211 211 
g_475.txt 25.0 216000.0 251 251 251 251 251 251 251 251 251 251 
g_500.txt 25.0 216000.0 287 287 287 287 287 287 287 287 287 287 
g_250.txt 25.0 432000.0 3 3 3 3 3 3 3 3 3 3 
g_300.txt 25.0 432000.0 3 3 3 3 3 3 3 3 3 3 
g_350.txt 25.0 432000.0 30 30 30 30 30 30 30 30 30 30 
g_400.txt 25.0 432000.0 120 120 120 120 120 120 120 120 120 120 
g_450.txt 25.0 432000.0 215 215 215 215 215 215 215 215 215 215 
g_475.txt 25.0 432000.0 251 251 251 251 251 251 251 251 251 251 
g_500.txt 25.0 432000.0 292 292 292 292 292 292 292 292 292 292 
g_250.txt 25.0 560000.0 2 2 2 2 2 2 2 2 2 2 
g_300.txt 25.0 560000.0 1 1 1 1 1 1 1 1 1 1 
g_350.txt 25.0 560000.0 27 27 27 27 27 27 27 27 27 27 
g_400.txt 25.0 560000.0 127 127 127 127 127 127 127 127 127 127 
g_450.txt 25.0 560000.0 212 212 212 212 212 212 212 212 212 212 
g_475.txt 25.0 560000.0 251 251 251 251 251 251 251 251 251 251 
g_500.txt 25.0 560000.0 298 298 298 298 298 298 298 298 298 298 
