filename T #1 #2 #3 #4 #5 #6 #7 #8 #9 #10
u125_01_simulated.txt 32000.0 61 61 61 61 61 61 61 61 61 61 
u125_02_simulated.txt 32000.0 64 64 64 64 64 64 64 64 64 64 
u125_03_simulated.txt 32000.0 56 56 56 56 56 56 56 56 56 56 
u125_04_simulated.txt 32000.0 50 50 50 50 50 50 50 50 50 50 
u125_05_simulated.txt 32000.0 49 49 49 49 49 49 49 49 49 49 
u125_06_simulated.txt 32000.0 43 43 43 43 43 43 43 43 43 43 
u125_07_simulated.txt 32000.0 31 31 31 31 31 31 31 31 31 31 
u125_08_simulated.txt 32000.0 63 63 63 63 63 63 63 63 63 63 
u125_09_simulated.txt 32000.0 64 64 64 64 64 64 64 64 64 64 
u125_010_simulated.txt 32000.0 57 57 57 57 57 57 57 57 57 57 
u150_01_simulated.txt 32000.0 77 77 77 77 77 77 77 77 77 77 
u150_02_simulated.txt 32000.0 77 77 77 77 77 77 77 77 77 77 
u150_03_simulated.txt 32000.0 78 78 78 78 78 78 78 78 78 78 
u150_04_simulated.txt 32000.0 70 70 70 70 70 70 70 70 70 70 
u150_05_simulated.txt 32000.0 67 67 67 67 67 67 67 67 67 67 
u150_06_simulated.txt 32000.0 82 82 82 82 82 82 82 82 82 82 
u150_07_simulated.txt 32000.0 82 82 82 82 82 82 82 82 82 82 
u150_08_simulated.txt 32000.0 82 82 82 82 82 82 82 82 82 82 
u150_09_simulated.txt 32000.0 76 76 76 76 76 76 76 76 76 76 
u150_010_simulated.txt 32000.0 72 72 72 72 72 72 72 72 72 72 
u175_01_simulated.txt 32000.0 89 89 89 89 89 89 89 89 89 89 
u175_02_simulated.txt 32000.0 92 92 92 92 92 92 92 92 92 92 
u175_03_simulated.txt 32000.0 101 101 101 101 101 101 101 101 101 101 
u175_04_simulated.txt 32000.0 78 78 78 78 78 78 78 78 78 78 
u175_05_simulated.txt 32000.0 98 98 98 98 98 98 98 98 98 98 
u175_06_simulated.txt 32000.0 90 90 90 90 90 90 90 90 90 90 
u175_07_simulated.txt 32000.0 80 80 80 80 80 80 80 80 80 80 
u175_08_simulated.txt 32000.0 91 91 91 91 91 91 91 91 91 91 
u175_09_simulated.txt 32000.0 93 93 93 93 93 93 93 93 93 93 
u175_010_simulated.txt 32000.0 88 88 88 88 88 88 88 88 88 88 
u200_01_simulated.txt 32000.0 109 109 109 109 109 109 109 109 109 109 
u200_02_simulated.txt 32000.0 109 109 109 109 109 109 109 109 109 109 
u200_03_simulated.txt 32000.0 123 123 123 123 123 123 123 123 123 123 
u200_04_simulated.txt 32000.0 118 118 118 118 118 118 118 118 118 118 
u200_05_simulated.txt 32000.0 116 116 116 116 116 116 116 116 116 116 
u200_06_simulated.txt 32000.0 122 122 122 122 122 122 122 122 122 122 
u200_07_simulated.txt 32000.0 94 94 94 94 94 94 94 94 94 94 
u200_08_simulated.txt 32000.0 114 114 114 114 114 114 114 114 114 114 
u200_09_simulated.txt 32000.0 113 113 113 113 113 113 113 113 113 113 
u200_010_simulated.txt 32000.0 119 119 119 119 119 119 119 119 119 119 
u125_01_simulated.txt 72000.0 83 83 83 83 83 83 83 83 83 83 
u125_02_simulated.txt 72000.0 90 90 90 90 90 90 90 90 90 90 
u125_03_simulated.txt 72000.0 75 75 75 75 75 75 75 75 75 75 
u125_04_simulated.txt 72000.0 73 73 73 73 73 73 73 73 73 73 
u125_05_simulated.txt 72000.0 81 81 81 81 81 81 81 81 81 81 
u125_06_simulated.txt 72000.0 70 70 70 70 70 70 70 70 70 70 
u125_07_simulated.txt 72000.0 53 53 53 53 53 53 53 53 53 53 
u125_08_simulated.txt 72000.0 88 88 88 88 88 88 88 88 88 88 
u125_09_simulated.txt 72000.0 89 89 89 89 89 89 89 89 89 89 
u125_010_simulated.txt 72000.0 85 85 85 85 85 85 85 85 85 85 
u150_01_simulated.txt 72000.0 93 93 93 93 93 93 93 93 93 93 
u150_02_simulated.txt 72000.0 106 106 106 106 106 106 106 106 106 106 
u150_03_simulated.txt 72000.0 112 112 112 112 112 112 112 112 112 112 
u150_04_simulated.txt 72000.0 104 104 104 104 104 104 104 104 104 104 
u150_05_simulated.txt 72000.0 93 93 93 93 93 93 93 93 93 93 
u150_06_simulated.txt 72000.0 118 118 118 118 118 118 118 118 118 118 
u150_07_simulated.txt 72000.0 107 107 107 107 107 107 107 107 107 107 
u150_08_simulated.txt 72000.0 97 97 97 97 97 97 97 97 97 97 
u150_09_simulated.txt 72000.0 100 100 100 100 100 100 100 100 100 100 
u150_010_simulated.txt 72000.0 102 102 102 102 102 102 102 102 102 102 
u175_01_simulated.txt 72000.0 123 123 123 123 123 123 123 123 123 123 
u175_02_simulated.txt 72000.0 130 130 130 130 130 130 130 130 130 130 
u175_03_simulated.txt 72000.0 135 135 135 135 135 135 135 135 135 135 
u175_04_simulated.txt 72000.0 113 113 113 113 113 113 113 113 113 113 
u175_05_simulated.txt 72000.0 133 133 133 133 133 133 133 133 133 133 
u175_06_simulated.txt 72000.0 119 119 119 119 119 119 119 119 119 119 
u175_07_simulated.txt 72000.0 121 121 121 121 121 121 121 121 121 121 
u175_08_simulated.txt 72000.0 128 128 128 128 128 128 128 128 128 128 
u175_09_simulated.txt 72000.0 124 124 124 124 124 124 124 124 124 124 
u175_010_simulated.txt 72000.0 125 125 125 125 125 125 125 125 125 125 
u200_01_simulated.txt 72000.0 144 144 144 144 144 144 144 144 144 144 
u200_02_simulated.txt 72000.0 144 144 144 144 144 144 144 144 144 144 
u200_03_simulated.txt 72000.0 166 166 166 166 166 166 166 166 166 166 
u200_04_simulated.txt 72000.0 157 157 157 157 157 157 157 157 157 157 
u200_05_simulated.txt 72000.0 151 151 151 151 151 151 151 151 151 151 
u200_06_simulated.txt 72000.0 156 156 156 156 156 156 156 156 156 156 
u200_07_simulated.txt 72000.0 139 139 139 139 139 139 139 139 139 139 
u200_08_simulated.txt 72000.0 148 148 148 148 148 148 148 148 148 148 
u200_09_simulated.txt 72000.0 150 150 150 150 150 150 150 150 150 150 
u200_010_simulated.txt 72000.0 157 157 157 157 157 157 157 157 157 157 
u125_01_simulated.txt 86400.0 85 85 85 85 85 85 85 85 85 85 
u125_02_simulated.txt 86400.0 90 90 90 90 90 90 90 90 90 90 
u125_03_simulated.txt 86400.0 77 77 77 77 77 77 77 77 77 77 
u125_04_simulated.txt 86400.0 76 76 76 76 76 76 76 76 76 76 
u125_05_simulated.txt 86400.0 83 83 83 83 83 83 83 83 83 83 
u125_06_simulated.txt 86400.0 76 76 76 76 76 76 76 76 76 76 
u125_07_simulated.txt 86400.0 57 57 57 57 57 57 57 57 57 57 
u125_08_simulated.txt 86400.0 90 90 90 90 90 90 90 90 90 90 
u125_09_simulated.txt 86400.0 93 93 93 93 93 93 93 93 93 93 
u125_010_simulated.txt 86400.0 91 91 91 91 91 91 91 91 91 91 
u150_01_simulated.txt 86400.0 100 100 100 100 100 100 100 100 100 100 
u150_02_simulated.txt 86400.0 111 111 111 111 111 111 111 111 111 111 
u150_03_simulated.txt 86400.0 114 114 114 114 114 114 114 114 114 114 
u150_04_simulated.txt 86400.0 109 109 109 109 109 109 109 109 109 109 
u150_05_simulated.txt 86400.0 95 95 95 95 95 95 95 95 95 95 
u150_06_simulated.txt 86400.0 119 119 119 119 119 119 119 119 119 119 
u150_07_simulated.txt 86400.0 108 108 108 108 108 108 108 108 108 108 
u150_08_simulated.txt 86400.0 102 102 102 102 102 102 102 102 102 102 
u150_09_simulated.txt 86400.0 103 103 103 103 103 103 103 103 103 103 
u150_010_simulated.txt 86400.0 108 108 108 108 108 108 108 108 108 108 
u175_01_simulated.txt 86400.0 127 127 127 127 127 127 127 127 127 127 
u175_02_simulated.txt 86400.0 133 133 133 133 133 133 133 133 133 133 
u175_03_simulated.txt 86400.0 138 138 138 138 138 138 138 138 138 138 
u175_04_simulated.txt 86400.0 121 121 121 121 121 121 121 121 121 121 
u175_05_simulated.txt 86400.0 136 136 136 136 136 136 136 136 136 136 
u175_06_simulated.txt 86400.0 123 123 123 123 123 123 123 123 123 123 
u175_07_simulated.txt 86400.0 123 123 123 123 123 123 123 123 123 123 
u175_08_simulated.txt 86400.0 130 130 130 130 130 130 130 130 130 130 
u175_09_simulated.txt 86400.0 128 128 128 128 128 128 128 128 128 128 
u175_010_simulated.txt 86400.0 127 127 127 127 127 127 127 127 127 127 
u200_01_simulated.txt 86400.0 149 149 149 149 149 149 149 149 149 149 
u200_02_simulated.txt 86400.0 149 149 149 149 149 149 149 149 149 149 
u200_03_simulated.txt 86400.0 168 168 168 168 168 168 168 168 168 168 
u200_04_simulated.txt 86400.0 159 159 159 159 159 159 159 159 159 159 
u200_05_simulated.txt 86400.0 154 154 154 154 154 154 154 154 154 154 
u200_06_simulated.txt 86400.0 160 160 160 160 160 160 160 160 160 160 
u200_07_simulated.txt 86400.0 142 142 142 142 142 142 142 142 142 142 
u200_08_simulated.txt 86400.0 152 152 152 152 152 152 152 152 152 152 
u200_09_simulated.txt 86400.0 155 155 155 155 155 155 155 155 155 155 
u200_010_simulated.txt 86400.0 161 161 161 161 161 161 161 161 161 161 
u125_01_simulated.txt 129600.0 89 89 89 89 89 89 89 89 89 89 
u125_02_simulated.txt 129600.0 95 95 95 95 95 95 95 95 95 95 
u125_03_simulated.txt 129600.0 97 97 97 97 97 97 97 97 97 97 
u125_04_simulated.txt 129600.0 94 94 94 94 94 94 94 94 94 94 
u125_05_simulated.txt 129600.0 91 91 91 91 91 91 91 91 91 91 
u125_06_simulated.txt 129600.0 77 77 77 77 77 77 77 77 77 77 
u125_07_simulated.txt 129600.0 70 70 70 70 70 70 70 70 70 70 
u125_08_simulated.txt 129600.0 95 95 95 95 95 95 95 95 95 95 
u125_09_simulated.txt 129600.0 98 98 98 98 98 98 98 98 98 98 
u125_010_simulated.txt 129600.0 95 95 95 95 95 95 95 95 95 95 
u150_01_simulated.txt 129600.0 107 107 107 107 107 107 107 107 107 107 
u150_02_simulated.txt 129600.0 112 112 112 112 112 112 112 112 112 112 
u150_03_simulated.txt 129600.0 115 115 115 115 115 115 115 115 115 115 
u150_04_simulated.txt 129600.0 111 111 111 111 111 111 111 111 111 111 
u150_05_simulated.txt 129600.0 102 102 102 102 102 102 102 102 102 102 
u150_06_simulated.txt 129600.0 123 123 123 123 123 123 123 123 123 123 
u150_07_simulated.txt 129600.0 113 113 113 113 113 113 113 113 113 113 
u150_08_simulated.txt 129600.0 107 107 107 107 107 107 107 107 107 107 
u150_09_simulated.txt 129600.0 106 106 106 106 106 106 106 106 106 106 
u150_010_simulated.txt 129600.0 112 112 112 112 112 112 112 112 112 112 
u175_01_simulated.txt 129600.0 137 137 137 137 137 137 137 137 137 137 
u175_02_simulated.txt 129600.0 135 135 135 135 135 135 135 135 135 135 
u175_03_simulated.txt 129600.0 138 138 138 138 138 138 138 138 138 138 
u175_04_simulated.txt 129600.0 128 128 128 128 128 128 128 128 128 128 
u175_05_simulated.txt 129600.0 139 139 139 139 139 139 139 139 139 139 
u175_06_simulated.txt 129600.0 126 126 126 126 126 126 126 126 126 126 
u175_07_simulated.txt 129600.0 128 128 128 128 128 128 128 128 128 128 
u175_08_simulated.txt 129600.0 136 136 136 136 136 136 136 136 136 136 
u175_09_simulated.txt 129600.0 131 131 131 131 131 131 131 131 131 131 
u175_010_simulated.txt 129600.0 135 135 135 135 135 135 135 135 135 135 
u200_01_simulated.txt 129600.0 151 151 151 151 151 151 151 151 151 151 
u200_02_simulated.txt 129600.0 151 151 151 151 151 151 151 151 151 151 
u200_03_simulated.txt 129600.0 177 177 177 177 177 177 177 177 177 177 
u200_04_simulated.txt 129600.0 163 163 163 163 163 163 163 163 163 163 
u200_05_simulated.txt 129600.0 156 156 156 156 156 156 156 156 156 156 
u200_06_simulated.txt 129600.0 162 162 162 162 162 162 162 162 162 162 
u200_07_simulated.txt 129600.0 146 146 146 146 146 146 146 146 146 146 
u200_08_simulated.txt 129600.0 159 159 159 159 159 159 159 159 159 159 
u200_09_simulated.txt 129600.0 159 159 159 159 159 159 159 159 159 159 
u200_010_simulated.txt 129600.0 163 163 163 163 163 163 163 163 163 163 
u125_01_simulated.txt 172800.0 90 90 90 90 90 90 90 90 90 90 
u125_02_simulated.txt 172800.0 101 101 101 101 101 101 101 101 101 101 
u125_03_simulated.txt 172800.0 99 99 99 99 99 99 99 99 99 99 
u125_04_simulated.txt 172800.0 103 103 103 103 103 103 103 103 103 103 
u125_05_simulated.txt 172800.0 98 98 98 98 98 98 98 98 98 98 
u125_06_simulated.txt 172800.0 81 81 81 81 81 81 81 81 81 81 
u125_07_simulated.txt 172800.0 70 70 70 70 70 70 70 70 70 70 
u125_08_simulated.txt 172800.0 95 95 95 95 95 95 95 95 95 95 
u125_09_simulated.txt 172800.0 99 99 99 99 99 99 99 99 99 99 
u125_010_simulated.txt 172800.0 96 96 96 96 96 96 96 96 96 96 
u150_01_simulated.txt 172800.0 111 111 111 111 111 111 111 111 111 111 
u150_02_simulated.txt 172800.0 112 112 112 112 112 112 112 112 112 112 
u150_03_simulated.txt 172800.0 123 123 123 123 123 123 123 123 123 123 
u150_04_simulated.txt 172800.0 117 117 117 117 117 117 117 117 117 117 
u150_05_simulated.txt 172800.0 108 108 108 108 108 108 108 108 108 108 
u150_06_simulated.txt 172800.0 124 124 124 124 124 124 124 124 124 124 
u150_07_simulated.txt 172800.0 113 113 113 113 113 113 113 113 113 113 
u150_08_simulated.txt 172800.0 107 107 107 107 107 107 107 107 107 107 
u150_09_simulated.txt 172800.0 113 113 113 113 113 113 113 113 113 113 
u150_010_simulated.txt 172800.0 118 118 118 118 118 118 118 118 118 118 
u175_01_simulated.txt 172800.0 142 142 142 142 142 142 142 142 142 142 
u175_02_simulated.txt 172800.0 141 141 141 141 141 141 141 141 141 141 
u175_03_simulated.txt 172800.0 142 142 142 142 142 142 142 142 142 142 
u175_04_simulated.txt 172800.0 131 131 131 131 131 131 131 131 131 131 
u175_05_simulated.txt 172800.0 143 143 143 143 143 143 143 143 143 143 
u175_06_simulated.txt 172800.0 127 127 127 127 127 127 127 127 127 127 
u175_07_simulated.txt 172800.0 129 129 129 129 129 129 129 129 129 129 
u175_08_simulated.txt 172800.0 136 136 136 136 136 136 136 136 136 136 
u175_09_simulated.txt 172800.0 138 138 138 138 138 138 138 138 138 138 
u175_010_simulated.txt 172800.0 135 135 135 135 135 135 135 135 135 135 
u200_01_simulated.txt 172800.0 159 159 159 159 159 159 159 159 159 159 
u200_02_simulated.txt 172800.0 159 159 159 159 159 159 159 159 159 159 
u200_03_simulated.txt 172800.0 178 178 178 178 178 178 178 178 178 178 
u200_04_simulated.txt 172800.0 164 164 164 164 164 164 164 164 164 164 
u200_05_simulated.txt 172800.0 166 166 166 166 166 166 166 166 166 166 
u200_06_simulated.txt 172800.0 166 166 166 166 166 166 166 166 166 166 
u200_07_simulated.txt 172800.0 154 154 154 154 154 154 154 154 154 154 
u200_08_simulated.txt 172800.0 162 162 162 162 162 162 162 162 162 162 
u200_09_simulated.txt 172800.0 159 159 159 159 159 159 159 159 159 159 
u200_010_simulated.txt 172800.0 167 167 167 167 167 167 167 167 167 167 
u125_01_simulated.txt 216000.0 91 91 91 91 91 91 91 91 91 91 
u125_02_simulated.txt 216000.0 103 103 103 103 103 103 103 103 103 103 
u125_03_simulated.txt 216000.0 102 102 102 102 102 102 102 102 102 102 
u125_04_simulated.txt 216000.0 103 103 103 103 103 103 103 103 103 103 
u125_05_simulated.txt 216000.0 100 100 100 100 100 100 100 100 100 100 
u125_06_simulated.txt 216000.0 81 81 81 81 81 81 81 81 81 81 
u125_07_simulated.txt 216000.0 86 86 86 86 86 86 86 86 86 86 
u125_08_simulated.txt 216000.0 97 97 97 97 97 97 97 97 97 97 
u125_09_simulated.txt 216000.0 99 99 99 99 99 99 99 99 99 99 
u125_010_simulated.txt 216000.0 99 99 99 99 99 99 99 99 99 99 
u150_01_simulated.txt 216000.0 111 111 111 111 111 111 111 111 111 111 
u150_02_simulated.txt 216000.0 121 121 121 121 121 121 121 121 121 121 
u150_03_simulated.txt 216000.0 123 123 123 123 123 123 123 123 123 123 
u150_04_simulated.txt 216000.0 120 120 120 120 120 120 120 120 120 120 
u150_05_simulated.txt 216000.0 108 108 108 108 108 108 108 108 108 108 
u150_06_simulated.txt 216000.0 127 127 127 127 127 127 127 127 127 127 
u150_07_simulated.txt 216000.0 118 118 118 118 118 118 118 118 118 118 
u150_08_simulated.txt 216000.0 114 114 114 114 114 114 114 114 114 114 
u150_09_simulated.txt 216000.0 113 113 113 113 113 113 113 113 113 113 
u150_010_simulated.txt 216000.0 118 118 118 118 118 118 118 118 118 118 
u175_01_simulated.txt 216000.0 142 142 142 142 142 142 142 142 142 142 
u175_02_simulated.txt 216000.0 142 142 142 142 142 142 142 142 142 142 
u175_03_simulated.txt 216000.0 143 143 143 143 143 143 143 143 143 143 
u175_04_simulated.txt 216000.0 135 135 135 135 135 135 135 135 135 135 
u175_05_simulated.txt 216000.0 145 145 145 145 145 145 145 145 145 145 
u175_06_simulated.txt 216000.0 133 133 133 133 133 133 133 133 133 133 
u175_07_simulated.txt 216000.0 134 134 134 134 134 134 134 134 134 134 
u175_08_simulated.txt 216000.0 141 141 141 141 141 141 141 141 141 141 
u175_09_simulated.txt 216000.0 138 138 138 138 138 138 138 138 138 138 
u175_010_simulated.txt 216000.0 139 139 139 139 139 139 139 139 139 139 
u200_01_simulated.txt 216000.0 159 159 159 159 159 159 159 159 159 159 
u200_02_simulated.txt 216000.0 159 159 159 159 159 159 159 159 159 159 
u200_03_simulated.txt 216000.0 182 182 182 182 182 182 182 182 182 182 
u200_04_simulated.txt 216000.0 169 169 169 169 169 169 169 169 169 169 
u200_05_simulated.txt 216000.0 166 166 166 166 166 166 166 166 166 166 
u200_06_simulated.txt 216000.0 168 168 168 168 168 168 168 168 168 168 
u200_07_simulated.txt 216000.0 154 154 154 154 154 154 154 154 154 154 
u200_08_simulated.txt 216000.0 167 167 167 167 167 167 167 167 167 167 
u200_09_simulated.txt 216000.0 167 167 167 167 167 167 167 167 167 167 
u200_010_simulated.txt 216000.0 167 167 167 167 167 167 167 167 167 167 
u125_01_simulated.txt 720000.0 123 123 123 123 123 123 123 123 123 123 
u125_02_simulated.txt 720000.0 125 125 125 125 125 125 125 125 125 125 
u125_03_simulated.txt 720000.0 122 122 122 122 122 122 122 122 122 122 
u125_04_simulated.txt 720000.0 124 124 124 124 124 124 124 124 124 124 
u125_05_simulated.txt 720000.0 125 125 125 125 125 125 125 125 125 125 
u125_06_simulated.txt 720000.0 125 125 125 125 125 125 125 125 125 125 
u125_07_simulated.txt 720000.0 125 125 125 125 125 125 125 125 125 125 
u125_08_simulated.txt 720000.0 116 116 116 116 116 116 116 116 116 116 
u125_09_simulated.txt 720000.0 119 119 119 119 119 119 119 119 119 119 
u125_010_simulated.txt 720000.0 117 117 117 117 117 117 117 117 117 117 
u150_01_simulated.txt 720000.0 142 142 142 142 142 142 142 142 142 142 
u150_02_simulated.txt 720000.0 142 142 142 142 142 142 142 142 142 142 
u150_03_simulated.txt 720000.0 146 146 146 146 146 146 146 146 146 146 
u150_04_simulated.txt 720000.0 142 142 142 142 142 142 142 142 142 142 
u150_05_simulated.txt 720000.0 138 138 138 138 138 138 138 138 138 138 
u150_06_simulated.txt 720000.0 145 145 145 145 145 145 145 145 145 145 
u150_07_simulated.txt 720000.0 145 145 145 145 145 145 145 145 145 145 
u150_08_simulated.txt 720000.0 142 142 142 142 142 142 142 142 142 142 
u150_09_simulated.txt 720000.0 141 141 141 141 141 141 141 141 141 141 
u150_010_simulated.txt 720000.0 142 142 142 142 142 142 142 142 142 142 
u175_01_simulated.txt 720000.0 162 162 162 162 162 162 162 162 162 162 
u175_02_simulated.txt 720000.0 166 166 166 166 166 166 166 166 166 166 
u175_03_simulated.txt 720000.0 171 171 171 171 171 171 171 171 171 171 
u175_04_simulated.txt 720000.0 160 160 160 160 160 160 160 160 160 160 
u175_05_simulated.txt 720000.0 166 166 166 166 166 166 166 166 166 166 
u175_06_simulated.txt 720000.0 159 159 159 159 159 159 159 159 159 159 
u175_07_simulated.txt 720000.0 160 160 160 160 160 160 160 160 160 160 
u175_08_simulated.txt 720000.0 167 167 167 167 167 167 167 167 167 167 
u175_09_simulated.txt 720000.0 162 162 162 162 162 162 162 162 162 162 
u175_010_simulated.txt 720000.0 161 161 161 161 161 161 161 161 161 161 
u200_01_simulated.txt 720000.0 191 191 191 191 191 191 191 191 191 191 
u200_02_simulated.txt 720000.0 191 191 191 191 191 191 191 191 191 191 
u200_03_simulated.txt 720000.0 197 197 197 197 197 197 197 197 197 197 
u200_04_simulated.txt 720000.0 194 194 194 194 194 194 194 194 194 194 
u200_05_simulated.txt 720000.0 190 190 190 190 190 190 190 190 190 190 
u200_06_simulated.txt 720000.0 195 195 195 195 195 195 195 195 195 195 
u200_07_simulated.txt 720000.0 187 187 187 187 187 187 187 187 187 187 
u200_08_simulated.txt 720000.0 196 196 196 196 196 196 196 196 196 196 
u200_09_simulated.txt 720000.0 190 190 190 190 190 190 190 190 190 190 
u200_010_simulated.txt 720000.0 191 191 191 191 191 191 191 191 191 191 
