filename U #1 #2 #3 #4 #5 #6 #7 #8 #9 #10
u125_01_simulated.txt 2.0 73 73 73 73 73 73 73 73 73 73 
u125_02_simulated.txt 2.0 79 79 79 79 79 79 79 79 79 79 
u125_03_simulated.txt 2.0 67 67 67 67 67 67 67 67 67 67 
u125_04_simulated.txt 2.0 63 63 63 63 63 63 63 63 63 63 
u125_05_simulated.txt 2.0 67 67 67 67 67 67 67 67 67 67 
u125_06_simulated.txt 2.0 62 62 62 62 62 62 62 62 62 62 
u125_07_simulated.txt 2.0 43 43 43 43 43 43 43 43 43 43 
u125_08_simulated.txt 2.0 81 81 81 81 81 81 81 81 81 81 
u125_09_simulated.txt 2.0 84 84 84 84 84 84 84 84 84 84 
u125_010_simulated.txt 2.0 80 80 80 80 80 80 80 80 80 80 
u150_01_simulated.txt 2.0 93 93 93 93 93 93 93 93 93 93 
u150_02_simulated.txt 2.0 99 99 99 99 99 99 99 99 99 99 
u150_03_simulated.txt 2.0 104 104 104 104 104 104 104 104 104 104 
u150_04_simulated.txt 2.0 88 88 88 88 88 88 88 88 88 88 
u150_05_simulated.txt 2.0 86 86 86 86 86 86 86 86 86 86 
u150_06_simulated.txt 2.0 104 104 104 104 104 104 104 104 104 104 
u150_07_simulated.txt 2.0 98 98 98 98 98 98 98 98 98 98 
u150_08_simulated.txt 2.0 93 93 93 93 93 93 93 93 93 93 
u150_09_simulated.txt 2.0 94 94 94 94 94 94 94 94 94 94 
u150_010_simulated.txt 2.0 96 96 96 96 96 96 96 96 96 96 
u175_01_simulated.txt 2.0 113 113 113 113 113 113 113 113 113 113 
u175_02_simulated.txt 2.0 116 116 116 116 116 116 116 116 116 116 
u175_03_simulated.txt 2.0 122 122 122 122 122 122 122 122 122 122 
u175_04_simulated.txt 2.0 106 106 106 106 106 106 106 106 106 106 
u175_05_simulated.txt 2.0 120 120 120 120 120 120 120 120 120 120 
u175_06_simulated.txt 2.0 108 108 108 108 108 108 108 108 108 108 
u175_07_simulated.txt 2.0 110 110 110 110 110 110 110 110 110 110 
u175_08_simulated.txt 2.0 122 122 122 122 122 122 122 122 122 122 
u175_09_simulated.txt 2.0 119 119 119 119 119 119 119 119 119 119 
u175_010_simulated.txt 2.0 114 114 114 114 114 114 114 114 114 114 
u200_01_simulated.txt 2.0 138 138 138 138 138 138 138 138 138 138 
u200_02_simulated.txt 2.0 138 138 138 138 138 138 138 138 138 138 
u200_03_simulated.txt 2.0 154 154 154 154 154 154 154 154 154 154 
u200_04_simulated.txt 2.0 151 151 151 151 151 151 151 151 151 151 
u200_05_simulated.txt 2.0 136 136 136 136 136 136 136 136 136 136 
u200_06_simulated.txt 2.0 148 148 148 148 148 148 148 148 148 148 
u200_07_simulated.txt 2.0 120 120 120 120 120 120 120 120 120 120 
u200_08_simulated.txt 2.0 139 139 139 139 139 139 139 139 139 139 
u200_09_simulated.txt 2.0 142 142 142 142 142 142 142 142 142 142 
u200_010_simulated.txt 2.0 146 146 146 146 146 146 146 146 146 146 
u125_01_simulated.txt 5.0 69 69 69 69 69 69 69 69 69 69 
u125_02_simulated.txt 5.0 73 73 73 73 73 73 73 73 73 73 
u125_03_simulated.txt 5.0 63 63 63 63 63 63 63 63 63 63 
u125_04_simulated.txt 5.0 59 59 59 59 59 59 59 59 59 59 
u125_05_simulated.txt 5.0 63 63 63 63 63 63 63 63 63 63 
u125_06_simulated.txt 5.0 56 56 56 56 56 56 56 56 56 56 
u125_07_simulated.txt 5.0 40 40 40 40 40 40 40 40 40 40 
u125_08_simulated.txt 5.0 73 73 73 73 73 73 73 73 73 73 
u125_09_simulated.txt 5.0 75 75 75 75 75 75 75 75 75 75 
u125_010_simulated.txt 5.0 79 79 79 79 79 79 79 79 79 79 
u150_01_simulated.txt 5.0 83 83 83 83 83 83 83 83 83 83 
u150_02_simulated.txt 5.0 88 88 88 88 88 88 88 88 88 88 
u150_03_simulated.txt 5.0 93 93 93 93 93 93 93 93 93 93 
u150_04_simulated.txt 5.0 82 82 82 82 82 82 82 82 82 82 
u150_05_simulated.txt 5.0 79 79 79 79 79 79 79 79 79 79 
u150_06_simulated.txt 5.0 99 99 99 99 99 99 99 99 99 99 
u150_07_simulated.txt 5.0 96 96 96 96 96 96 96 96 96 96 
u150_08_simulated.txt 5.0 84 84 84 84 84 84 84 84 84 84 
u150_09_simulated.txt 5.0 83 83 83 83 83 83 83 83 83 83 
u150_010_simulated.txt 5.0 86 86 86 86 86 86 86 86 86 86 
u175_01_simulated.txt 5.0 102 102 102 102 102 102 102 102 102 102 
u175_02_simulated.txt 5.0 103 103 103 103 103 103 103 103 103 103 
u175_03_simulated.txt 5.0 113 113 113 113 113 113 113 113 113 113 
u175_04_simulated.txt 5.0 96 96 96 96 96 96 96 96 96 96 
u175_05_simulated.txt 5.0 111 111 111 111 111 111 111 111 111 111 
u175_06_simulated.txt 5.0 103 103 103 103 103 103 103 103 103 103 
u175_07_simulated.txt 5.0 102 102 102 102 102 102 102 102 102 102 
u175_08_simulated.txt 5.0 113 113 113 113 113 113 113 113 113 113 
u175_09_simulated.txt 5.0 113 113 113 113 113 113 113 113 113 113 
u175_010_simulated.txt 5.0 110 110 110 110 110 110 110 110 110 110 
u200_01_simulated.txt 5.0 128 128 128 128 128 128 128 128 128 128 
u200_02_simulated.txt 5.0 128 128 128 128 128 128 128 128 128 128 
u200_03_simulated.txt 5.0 145 145 145 145 145 145 145 145 145 145 
u200_04_simulated.txt 5.0 139 139 139 139 139 139 139 139 139 139 
u200_05_simulated.txt 5.0 132 132 132 132 132 132 132 132 132 132 
u200_06_simulated.txt 5.0 139 139 139 139 139 139 139 139 139 139 
u200_07_simulated.txt 5.0 106 106 106 106 106 106 106 106 106 106 
u200_08_simulated.txt 5.0 130 130 130 130 130 130 130 130 130 130 
u200_09_simulated.txt 5.0 133 133 133 133 133 133 133 133 133 133 
u200_010_simulated.txt 5.0 139 139 139 139 139 139 139 139 139 139 
u125_01_simulated.txt 10.0 58 58 58 58 58 58 58 58 58 58 
u125_02_simulated.txt 10.0 64 64 64 64 64 64 64 64 64 64 
u125_03_simulated.txt 10.0 54 54 54 54 54 54 54 54 54 54 
u125_04_simulated.txt 10.0 48 48 48 48 48 48 48 48 48 48 
u125_05_simulated.txt 10.0 51 51 51 51 51 51 51 51 51 51 
u125_06_simulated.txt 10.0 38 38 38 38 38 38 38 38 38 38 
u125_07_simulated.txt 10.0 28 28 28 28 28 28 28 28 28 28 
u125_08_simulated.txt 10.0 63 63 63 63 63 63 63 63 63 63 
u125_09_simulated.txt 10.0 62 62 62 62 62 62 62 62 62 62 
u125_010_simulated.txt 10.0 60 60 60 60 60 60 60 60 60 60 
u150_01_simulated.txt 10.0 78 78 78 78 78 78 78 78 78 78 
u150_02_simulated.txt 10.0 81 81 81 81 81 81 81 81 81 81 
u150_03_simulated.txt 10.0 87 87 87 87 87 87 87 87 87 87 
u150_04_simulated.txt 10.0 72 72 72 72 72 72 72 72 72 72 
u150_05_simulated.txt 10.0 65 65 65 65 65 65 65 65 65 65 
u150_06_simulated.txt 10.0 84 84 84 84 84 84 84 84 84 84 
u150_07_simulated.txt 10.0 83 83 83 83 83 83 83 83 83 83 
u150_08_simulated.txt 10.0 78 78 78 78 78 78 78 78 78 78 
u150_09_simulated.txt 10.0 69 69 69 69 69 69 69 69 69 69 
u150_010_simulated.txt 10.0 74 74 74 74 74 74 74 74 74 74 
u175_01_simulated.txt 10.0 91 91 91 91 91 91 91 91 91 91 
u175_02_simulated.txt 10.0 103 103 103 103 103 103 103 103 103 103 
u175_03_simulated.txt 10.0 109 109 109 109 109 109 109 109 109 109 
u175_04_simulated.txt 10.0 84 84 84 84 84 84 84 84 84 84 
u175_05_simulated.txt 10.0 101 101 101 101 101 101 101 101 101 101 
u175_06_simulated.txt 10.0 90 90 90 90 90 90 90 90 90 90 
u175_07_simulated.txt 10.0 92 92 92 92 92 92 92 92 92 92 
u175_08_simulated.txt 10.0 102 102 102 102 102 102 102 102 102 102 
u175_09_simulated.txt 10.0 101 101 101 101 101 101 101 101 101 101 
u175_010_simulated.txt 10.0 93 93 93 93 93 93 93 93 93 93 
u200_01_simulated.txt 10.0 115 115 115 115 115 115 115 115 115 115 
u200_02_simulated.txt 10.0 115 115 115 115 115 115 115 115 115 115 
u200_03_simulated.txt 10.0 132 132 132 132 132 132 132 132 132 132 
u200_04_simulated.txt 10.0 124 124 124 124 124 124 124 124 124 124 
u200_05_simulated.txt 10.0 123 123 123 123 123 123 123 123 123 123 
u200_06_simulated.txt 10.0 126 126 126 126 126 126 126 126 126 126 
u200_07_simulated.txt 10.0 95 95 95 95 95 95 95 95 95 95 
u200_08_simulated.txt 10.0 115 115 115 115 115 115 115 115 115 115 
u200_09_simulated.txt 10.0 124 124 124 124 124 124 124 124 124 124 
u200_010_simulated.txt 10.0 129 129 129 129 129 129 129 129 129 129 
u125_01_simulated.txt 15.0 53 53 53 53 53 53 53 53 53 53 
u125_02_simulated.txt 15.0 51 51 51 51 51 51 51 51 51 51 
u125_03_simulated.txt 15.0 49 49 49 49 49 49 49 49 49 49 
u125_04_simulated.txt 15.0 43 43 43 43 43 43 43 43 43 43 
u125_05_simulated.txt 15.0 43 43 43 43 43 43 43 43 43 43 
u125_06_simulated.txt 15.0 31 31 31 31 31 31 31 31 31 31 
u125_07_simulated.txt 15.0 25 25 25 25 25 25 25 25 25 25 
u125_08_simulated.txt 15.0 53 53 53 53 53 53 53 53 53 53 
u125_09_simulated.txt 15.0 53 53 53 53 53 53 53 53 53 53 
u125_010_simulated.txt 15.0 55 55 55 55 55 55 55 55 55 55 
u150_01_simulated.txt 15.0 66 66 66 66 66 66 66 66 66 66 
u150_02_simulated.txt 15.0 69 69 69 69 69 69 69 69 69 69 
u150_03_simulated.txt 15.0 79 79 79 79 79 79 79 79 79 79 
u150_04_simulated.txt 15.0 66 66 66 66 66 66 66 66 66 66 
u150_05_simulated.txt 15.0 57 57 57 57 57 57 57 57 57 57 
u150_06_simulated.txt 15.0 81 81 81 81 81 81 81 81 81 81 
u150_07_simulated.txt 15.0 79 79 79 79 79 79 79 79 79 79 
u150_08_simulated.txt 15.0 69 69 69 69 69 69 69 69 69 69 
u150_09_simulated.txt 15.0 67 67 67 67 67 67 67 67 67 67 
u150_010_simulated.txt 15.0 72 72 72 72 72 72 72 72 72 72 
u175_01_simulated.txt 15.0 88 88 88 88 88 88 88 88 88 88 
u175_02_simulated.txt 15.0 85 85 85 85 85 85 85 85 85 85 
u175_03_simulated.txt 15.0 98 98 98 98 98 98 98 98 98 98 
u175_04_simulated.txt 15.0 76 76 76 76 76 76 76 76 76 76 
u175_05_simulated.txt 15.0 93 93 93 93 93 93 93 93 93 93 
u175_06_simulated.txt 15.0 83 83 83 83 83 83 83 83 83 83 
u175_07_simulated.txt 15.0 78 78 78 78 78 78 78 78 78 78 
u175_08_simulated.txt 15.0 85 85 85 85 85 85 85 85 85 85 
u175_09_simulated.txt 15.0 90 90 90 90 90 90 90 90 90 90 
u175_010_simulated.txt 15.0 85 85 85 85 85 85 85 85 85 85 
u200_01_simulated.txt 15.0 105 105 105 105 105 105 105 105 105 105 
u200_02_simulated.txt 15.0 105 105 105 105 105 105 105 105 105 105 
u200_03_simulated.txt 15.0 120 120 120 120 120 120 120 120 120 120 
u200_04_simulated.txt 15.0 125 125 125 125 125 125 125 125 125 125 
u200_05_simulated.txt 15.0 115 115 115 115 115 115 115 115 115 115 
u200_06_simulated.txt 15.0 122 122 122 122 122 122 122 122 122 122 
u200_07_simulated.txt 15.0 90 90 90 90 90 90 90 90 90 90 
u200_08_simulated.txt 15.0 106 106 106 106 106 106 106 106 106 106 
u200_09_simulated.txt 15.0 114 114 114 114 114 114 114 114 114 114 
u200_010_simulated.txt 15.0 116 116 116 116 116 116 116 116 116 116 
u125_01_simulated.txt 20.0 46 46 46 46 46 46 46 46 46 46 
u125_02_simulated.txt 20.0 50 50 50 50 50 50 50 50 50 50 
u125_03_simulated.txt 20.0 39 39 39 39 39 39 39 39 39 39 
u125_04_simulated.txt 20.0 38 38 38 38 38 38 38 38 38 38 
u125_05_simulated.txt 20.0 30 30 30 30 30 30 30 30 30 30 
u125_06_simulated.txt 20.0 26 26 26 26 26 26 26 26 26 26 
u125_07_simulated.txt 20.0 17 17 17 17 17 17 17 17 17 17 
u125_08_simulated.txt 20.0 51 51 51 51 51 51 51 51 51 51 
u125_09_simulated.txt 20.0 41 41 41 41 41 41 41 41 41 41 
u125_010_simulated.txt 20.0 46 46 46 46 46 46 46 46 46 46 
u150_01_simulated.txt 20.0 61 61 61 61 61 61 61 61 61 61 
u150_02_simulated.txt 20.0 61 61 61 61 61 61 61 61 61 61 
u150_03_simulated.txt 20.0 66 66 66 66 66 66 66 66 66 66 
u150_04_simulated.txt 20.0 58 58 58 58 58 58 58 58 58 58 
u150_05_simulated.txt 20.0 48 48 48 48 48 48 48 48 48 48 
u150_06_simulated.txt 20.0 68 68 68 68 68 68 68 68 68 68 
u150_07_simulated.txt 20.0 71 71 71 71 71 71 71 71 71 71 
u150_08_simulated.txt 20.0 61 61 61 61 61 61 61 61 61 61 
u150_09_simulated.txt 20.0 55 55 55 55 55 55 55 55 55 55 
u150_010_simulated.txt 20.0 58 58 58 58 58 58 58 58 58 58 
u175_01_simulated.txt 20.0 81 81 81 81 81 81 81 81 81 81 
u175_02_simulated.txt 20.0 82 82 82 82 82 82 82 82 82 82 
u175_03_simulated.txt 20.0 90 90 90 90 90 90 90 90 90 90 
u175_04_simulated.txt 20.0 79 79 79 79 79 79 79 79 79 79 
u175_05_simulated.txt 20.0 85 85 85 85 85 85 85 85 85 85 
u175_06_simulated.txt 20.0 71 71 71 71 71 71 71 71 71 71 
u175_07_simulated.txt 20.0 72 72 72 72 72 72 72 72 72 72 
u175_08_simulated.txt 20.0 84 84 84 84 84 84 84 84 84 84 
u175_09_simulated.txt 20.0 81 81 81 81 81 81 81 81 81 81 
u175_010_simulated.txt 20.0 75 75 75 75 75 75 75 75 75 75 
u200_01_simulated.txt 20.0 101 101 101 101 101 101 101 101 101 101 
u200_02_simulated.txt 20.0 101 101 101 101 101 101 101 101 101 101 
u200_03_simulated.txt 20.0 114 114 114 114 114 114 114 114 114 114 
u200_04_simulated.txt 20.0 112 112 112 112 112 112 112 112 112 112 
u200_05_simulated.txt 20.0 106 106 106 106 106 106 106 106 106 106 
u200_06_simulated.txt 20.0 112 112 112 112 112 112 112 112 112 112 
u200_07_simulated.txt 20.0 86 86 86 86 86 86 86 86 86 86 
u200_08_simulated.txt 20.0 102 102 102 102 102 102 102 102 102 102 
u200_09_simulated.txt 20.0 102 102 102 102 102 102 102 102 102 102 
u200_010_simulated.txt 20.0 105 105 105 105 105 105 105 105 105 105 
u125_01_simulated.txt 25.0 38 38 38 38 38 38 38 38 38 38 
u125_02_simulated.txt 25.0 39 39 39 39 39 39 39 39 39 39 
u125_03_simulated.txt 25.0 33 33 33 33 33 33 33 33 33 33 
u125_04_simulated.txt 25.0 31 31 31 31 31 31 31 31 31 31 
u125_05_simulated.txt 25.0 33 33 33 33 33 33 33 33 33 33 
u125_06_simulated.txt 25.0 25 25 25 25 25 25 25 25 25 25 
u125_07_simulated.txt 25.0 21 21 21 21 21 21 21 21 21 21 
u125_08_simulated.txt 25.0 37 37 37 37 37 37 37 37 37 37 
u125_09_simulated.txt 25.0 50 50 50 50 50 50 50 50 50 50 
u125_010_simulated.txt 25.0 43 43 43 43 43 43 43 43 43 43 
u150_01_simulated.txt 25.0 65 65 65 65 65 65 65 65 65 65 
u150_02_simulated.txt 25.0 56 56 56 56 56 56 56 56 56 56 
u150_03_simulated.txt 25.0 62 62 62 62 62 62 62 62 62 62 
u150_04_simulated.txt 25.0 46 46 46 46 46 46 46 46 46 46 
u150_05_simulated.txt 25.0 42 42 42 42 42 42 42 42 42 42 
u150_06_simulated.txt 25.0 61 61 61 61 61 61 61 61 61 61 
u150_07_simulated.txt 25.0 67 67 67 67 67 67 67 67 67 67 
u150_08_simulated.txt 25.0 61 61 61 61 61 61 61 61 61 61 
u150_09_simulated.txt 25.0 56 56 56 56 56 56 56 56 56 56 
u150_010_simulated.txt 25.0 57 57 57 57 57 57 57 57 57 57 
u175_01_simulated.txt 25.0 74 74 74 74 74 74 74 74 74 74 
u175_02_simulated.txt 25.0 70 70 70 70 70 70 70 70 70 70 
u175_03_simulated.txt 25.0 88 88 88 88 88 88 88 88 88 88 
u175_04_simulated.txt 25.0 62 62 62 62 62 62 62 62 62 62 
u175_05_simulated.txt 25.0 76 76 76 76 76 76 76 76 76 76 
u175_06_simulated.txt 25.0 67 67 67 67 67 67 67 67 67 67 
u175_07_simulated.txt 25.0 67 67 67 67 67 67 67 67 67 67 
u175_08_simulated.txt 25.0 76 76 76 76 76 76 76 76 76 76 
u175_09_simulated.txt 25.0 81 81 81 81 81 81 81 81 81 81 
u175_010_simulated.txt 25.0 70 70 70 70 70 70 70 70 70 70 
u200_01_simulated.txt 25.0 96 96 96 96 96 96 96 96 96 96 
u200_02_simulated.txt 25.0 96 96 96 96 96 96 96 96 96 96 
u200_03_simulated.txt 25.0 110 110 110 110 110 110 110 110 110 110 
u200_04_simulated.txt 25.0 101 101 101 101 101 101 101 101 101 101 
u200_05_simulated.txt 25.0 104 104 104 104 104 104 104 104 104 104 
u200_06_simulated.txt 25.0 100 100 100 100 100 100 100 100 100 100 
u200_07_simulated.txt 25.0 78 78 78 78 78 78 78 78 78 78 
u200_08_simulated.txt 25.0 94 94 94 94 94 94 94 94 94 94 
u200_09_simulated.txt 25.0 99 99 99 99 99 99 99 99 99 99 
u200_010_simulated.txt 25.0 99 99 99 99 99 99 99 99 99 99 
