filename E_MC #1 #2 #3 #4 #5 #6 #7 #8 #9 #10
n25_01_simulated.txt 13500.0 1 1 1 1 1 1 1 1 1 1 
n25_02_simulated.txt 13500.0 0 0 0 0 0 0 0 0 0 0 
n25_03_simulated.txt 13500.0 0 0 0 0 0 0 0 0 0 0 
n25_04_simulated.txt 13500.0 0 0 0 0 0 0 0 0 0 0 
n25_05_simulated.txt 13500.0 1 1 1 1 0 1 1 1 1 1 
n25_06_simulated.txt 13500.0 5 5 6 4 3 7 6 5 5 4 
n25_07_simulated.txt 13500.0 2 2 2 2 2 2 1 2 2 2 
n25_08_simulated.txt 13500.0 0 1 0 1 1 0 0 0 1 0 
n25_09_simulated.txt 13500.0 0 0 0 0 0 0 0 0 0 0 
n25_010_simulated.txt 13500.0 2 2 1 1 1 3 1 0 1 0 
n50_01_simulated.txt 13500.0 7 6 4 6 4 5 5 6 6 4 
n50_02_simulated.txt 13500.0 2 2 1 2 2 1 1 1 1 2 
n50_03_simulated.txt 13500.0 10 11 8 11 11 11 7 11 9 10 
n50_04_simulated.txt 13500.0 12 9 13 11 10 10 13 12 12 13 
n50_05_simulated.txt 13500.0 0 0 0 0 0 0 0 0 0 0 
n50_06_simulated.txt 13500.0 17 17 17 16 17 18 18 17 16 18 
n50_07_simulated.txt 13500.0 7 6 5 5 6 6 4 6 5 5 
n50_08_simulated.txt 13500.0 17 20 16 18 18 17 17 16 17 18 
n50_09_simulated.txt 13500.0 6 7 8 6 5 7 8 6 5 7 
n50_010_simulated.txt 13500.0 9 7 9 8 9 8 8 7 9 7 
n75_01_simulated.txt 13500.0 9 8 7 8 11 7 7 8 9 7 
n75_02_simulated.txt 13500.0 19 16 15 17 16 13 16 17 16 16 
n75_03_simulated.txt 13500.0 11 13 10 8 11 9 10 11 10 12 
n75_04_simulated.txt 13500.0 19 24 21 22 18 21 22 17 21 22 
n75_05_simulated.txt 13500.0 20 16 17 16 22 15 16 18 18 17 
n75_06_simulated.txt 13500.0 16 18 16 14 14 18 20 19 18 20 
n75_07_simulated.txt 13500.0 15 15 14 14 12 14 14 13 15 14 
n75_08_simulated.txt 13500.0 10 10 7 8 11 9 7 10 10 9 
n75_09_simulated.txt 13500.0 21 17 18 18 18 18 18 21 16 22 
n75_010_simulated.txt 13500.0 15 14 16 14 14 14 16 13 16 15 
n100_01_simulated.txt 13500.0 40 36 43 39 43 42 39 46 37 41 
n100_02_simulated.txt 13500.0 38 39 37 39 35 34 38 38 37 38 
n100_03_simulated.txt 13500.0 35 39 39 42 39 41 38 40 39 40 
n100_04_simulated.txt 13500.0 25 26 26 23 23 24 27 23 26 25 
n100_05_simulated.txt 13500.0 37 36 33 33 32 37 35 39 35 40 
n100_06_simulated.txt 13500.0 12 10 11 13 14 13 12 13 14 14 
n100_07_simulated.txt 13500.0 26 27 22 25 25 24 23 26 25 28 
n100_08_simulated.txt 13500.0 37 42 37 36 40 41 37 32 40 40 
n100_09_simulated.txt 13500.0 24 20 21 19 20 17 20 19 21 22 
n100_010_simulated.txt 13500.0 47 42 44 44 41 42 41 40 43 39 
n25_01_simulated.txt 27000.0 0 0 0 0 0 0 0 0 0 0 
n25_02_simulated.txt 27000.0 0 0 0 0 0 0 0 0 0 0 
n25_03_simulated.txt 27000.0 0 0 0 0 0 0 0 0 0 0 
n25_04_simulated.txt 27000.0 0 0 0 0 0 0 0 0 0 0 
n25_05_simulated.txt 27000.0 0 0 0 0 0 0 0 0 0 0 
n25_06_simulated.txt 27000.0 4 3 4 3 3 6 4 4 5 5 
n25_07_simulated.txt 27000.0 0 0 0 0 0 0 0 0 0 0 
n25_08_simulated.txt 27000.0 0 0 0 0 0 0 0 0 0 0 
n25_09_simulated.txt 27000.0 0 0 0 0 0 0 0 0 0 0 
n25_010_simulated.txt 27000.0 0 0 0 0 0 1 2 0 0 1 
n50_01_simulated.txt 27000.0 3 4 3 6 5 5 4 3 5 5 
n50_02_simulated.txt 27000.0 0 0 0 0 0 1 1 0 0 0 
n50_03_simulated.txt 27000.0 8 9 8 8 7 10 9 8 6 8 
n50_04_simulated.txt 27000.0 5 7 5 8 7 8 7 6 6 7 
n50_05_simulated.txt 27000.0 0 0 0 0 0 0 0 0 0 0 
n50_06_simulated.txt 27000.0 17 15 13 15 16 15 12 13 15 15 
n50_07_simulated.txt 27000.0 3 3 3 3 3 3 3 4 4 3 
n50_08_simulated.txt 27000.0 13 10 15 13 13 14 12 14 16 14 
n50_09_simulated.txt 27000.0 6 3 6 5 5 3 3 4 6 4 
n50_010_simulated.txt 27000.0 9 6 7 10 7 7 7 8 7 6 
n75_01_simulated.txt 27000.0 5 7 6 7 5 6 6 8 8 6 
n75_02_simulated.txt 27000.0 13 10 16 14 13 13 14 13 11 15 
n75_03_simulated.txt 27000.0 10 10 10 10 8 9 9 12 11 10 
n75_04_simulated.txt 27000.0 17 18 14 19 16 16 18 18 13 19 
n75_05_simulated.txt 27000.0 15 14 14 14 15 13 14 12 13 15 
n75_06_simulated.txt 27000.0 14 13 15 13 12 13 14 16 14 16 
n75_07_simulated.txt 27000.0 12 11 10 10 12 11 11 12 15 11 
n75_08_simulated.txt 27000.0 5 5 5 6 7 4 5 5 6 8 
n75_09_simulated.txt 27000.0 14 14 15 16 15 16 17 16 16 16 
n75_010_simulated.txt 27000.0 13 12 12 9 10 13 10 11 11 13 
n100_01_simulated.txt 27000.0 36 38 35 40 32 36 39 39 41 40 
n100_02_simulated.txt 27000.0 34 38 37 35 33 35 36 32 33 35 
n100_03_simulated.txt 27000.0 38 33 36 38 34 35 33 34 35 38 
n100_04_simulated.txt 27000.0 19 22 21 19 24 21 24 19 23 21 
n100_05_simulated.txt 27000.0 31 32 35 35 35 33 32 33 31 33 
n100_06_simulated.txt 27000.0 12 11 11 10 15 9 13 10 11 15 
n100_07_simulated.txt 27000.0 23 22 21 21 24 21 25 25 21 25 
n100_08_simulated.txt 27000.0 36 32 36 37 35 35 35 35 37 29 
n100_09_simulated.txt 27000.0 21 18 18 19 20 19 23 19 20 18 
n100_010_simulated.txt 27000.0 40 39 39 37 41 37 41 41 43 38 
n25_01_simulated.txt 54000.0 0 0 0 0 0 0 0 0 0 0 
n25_02_simulated.txt 54000.0 0 0 0 0 0 0 0 0 0 0 
n25_03_simulated.txt 54000.0 0 0 0 0 0 0 0 0 0 0 
n25_04_simulated.txt 54000.0 0 0 0 0 0 0 0 0 0 0 
n25_05_simulated.txt 54000.0 0 0 0 0 0 0 0 0 0 0 
n25_06_simulated.txt 54000.0 1 1 1 2 1 1 1 1 1 1 
n25_07_simulated.txt 54000.0 1 1 1 2 1 1 1 2 1 1 
n25_08_simulated.txt 54000.0 0 0 0 0 0 0 0 0 0 0 
n25_09_simulated.txt 54000.0 0 0 0 0 0 0 0 0 0 0 
n25_010_simulated.txt 54000.0 0 0 0 0 0 0 0 0 0 0 
n50_01_simulated.txt 54000.0 4 3 5 4 3 3 3 2 3 3 
n50_02_simulated.txt 54000.0 0 0 0 0 0 0 0 0 0 0 
n50_03_simulated.txt 54000.0 7 8 9 5 7 8 9 6 8 8 
n50_04_simulated.txt 54000.0 7 8 6 7 7 7 6 6 7 8 
n50_05_simulated.txt 54000.0 0 0 0 0 0 0 0 0 0 0 
n50_06_simulated.txt 54000.0 13 12 13 13 15 13 15 13 14 11 
n50_07_simulated.txt 54000.0 4 4 4 5 4 5 4 3 3 3 
n50_08_simulated.txt 54000.0 13 15 11 15 14 15 13 12 16 12 
n50_09_simulated.txt 54000.0 3 3 3 5 3 3 4 6 3 4 
n50_010_simulated.txt 54000.0 6 7 5 6 9 5 6 6 7 6 
n75_01_simulated.txt 54000.0 5 5 5 8 5 7 7 6 6 5 
n75_02_simulated.txt 54000.0 12 11 12 16 8 13 12 10 11 11 
n75_03_simulated.txt 54000.0 5 6 7 6 8 8 6 8 6 5 
n75_04_simulated.txt 54000.0 17 18 19 16 17 17 15 17 18 16 
n75_05_simulated.txt 54000.0 9 10 11 12 8 13 10 10 11 10 
n75_06_simulated.txt 54000.0 14 11 12 15 10 12 14 14 14 11 
n75_07_simulated.txt 54000.0 12 11 10 9 13 9 10 8 8 9 
n75_08_simulated.txt 54000.0 7 8 10 8 8 7 9 8 5 5 
n75_09_simulated.txt 54000.0 15 13 14 17 13 14 14 13 14 18 
n75_010_simulated.txt 54000.0 8 9 9 11 12 10 12 9 11 10 
n100_01_simulated.txt 54000.0 33 39 41 41 37 35 36 36 39 39 
n100_02_simulated.txt 54000.0 36 35 37 33 35 36 32 31 34 36 
n100_03_simulated.txt 54000.0 33 37 33 36 39 36 37 38 33 34 
n100_04_simulated.txt 54000.0 21 20 16 19 22 20 18 19 20 19 
n100_05_simulated.txt 54000.0 31 29 29 33 28 29 31 31 29 30 
n100_06_simulated.txt 54000.0 13 10 12 9 10 10 11 11 9 12 
n100_07_simulated.txt 54000.0 22 20 20 25 21 23 23 23 20 22 
n100_08_simulated.txt 54000.0 29 33 35 33 32 33 37 35 33 38 
n100_09_simulated.txt 54000.0 18 18 17 20 19 16 16 19 19 20 
n100_010_simulated.txt 54000.0 41 37 37 39 37 34 39 41 39 36 
n25_01_simulated.txt 81000.0 0 0 0 0 0 0 0 0 0 0 
n25_02_simulated.txt 81000.0 0 0 0 0 0 0 0 0 0 0 
n25_03_simulated.txt 81000.0 0 0 0 0 0 0 0 0 0 0 
n25_04_simulated.txt 81000.0 0 0 0 0 0 0 0 0 0 0 
n25_05_simulated.txt 81000.0 0 0 0 0 0 0 0 0 0 0 
n25_06_simulated.txt 81000.0 1 1 1 1 1 1 1 1 1 1 
n25_07_simulated.txt 81000.0 0 0 0 0 0 0 0 0 0 0 
n25_08_simulated.txt 81000.0 0 0 0 0 0 0 0 0 0 0 
n25_09_simulated.txt 81000.0 0 0 0 0 0 0 0 0 0 0 
n25_010_simulated.txt 81000.0 0 0 0 0 0 0 0 0 0 0 
n50_01_simulated.txt 81000.0 2 1 2 1 1 1 1 1 2 2 
n50_02_simulated.txt 81000.0 0 0 0 0 0 0 0 0 0 0 
n50_03_simulated.txt 81000.0 6 6 8 7 8 6 6 6 7 7 
n50_04_simulated.txt 81000.0 6 5 7 5 4 7 3 5 8 5 
n50_05_simulated.txt 81000.0 0 0 0 0 0 0 0 0 0 0 
n50_06_simulated.txt 81000.0 13 13 12 13 11 12 13 13 11 13 
n50_07_simulated.txt 81000.0 4 4 3 4 3 4 3 4 2 4 
n50_08_simulated.txt 81000.0 12 13 13 13 14 12 12 12 13 12 
n50_09_simulated.txt 81000.0 4 3 4 5 4 4 4 3 4 3 
n50_010_simulated.txt 81000.0 8 8 9 8 6 9 9 9 9 8 
n75_01_simulated.txt 81000.0 9 6 6 6 5 5 7 6 6 6 
n75_02_simulated.txt 81000.0 8 10 10 11 8 8 6 8 8 8 
n75_03_simulated.txt 81000.0 8 4 6 6 8 6 5 6 5 4 
n75_04_simulated.txt 81000.0 13 15 14 14 15 17 16 15 17 16 
n75_05_simulated.txt 81000.0 11 13 10 11 18 12 8 14 12 11 
n75_06_simulated.txt 81000.0 12 13 12 9 11 11 15 10 11 12 
n75_07_simulated.txt 81000.0 7 8 9 8 7 11 8 8 8 10 
n75_08_simulated.txt 81000.0 6 3 6 5 6 4 3 3 5 6 
n75_09_simulated.txt 81000.0 21 12 15 13 14 14 18 12 15 15 
n75_010_simulated.txt 81000.0 10 6 9 10 9 8 12 9 10 7 
n100_01_simulated.txt 81000.0 39 37 36 40 34 40 36 37 37 37 
n100_02_simulated.txt 81000.0 31 33 34 31 33 31 31 32 32 31 
n100_03_simulated.txt 81000.0 38 31 34 31 35 37 32 35 34 33 
n100_04_simulated.txt 81000.0 19 20 22 18 21 19 20 21 21 17 
n100_05_simulated.txt 81000.0 30 28 28 30 30 27 29 31 29 29 
n100_06_simulated.txt 81000.0 7 9 6 9 6 8 10 6 6 7 
n100_07_simulated.txt 81000.0 22 23 21 23 19 24 20 22 24 21 
n100_08_simulated.txt 81000.0 30 32 33 36 29 31 34 32 32 34 
n100_09_simulated.txt 81000.0 16 15 20 15 15 20 20 17 15 16 
n100_010_simulated.txt 81000.0 38 36 36 41 39 40 37 35 35 35 
n25_01_simulated.txt 108000.0 0 0 0 0 0 0 0 0 0 0 
n25_02_simulated.txt 108000.0 0 0 0 0 0 0 0 0 0 0 
n25_03_simulated.txt 108000.0 0 0 0 0 0 0 0 0 0 0 
n25_04_simulated.txt 108000.0 0 0 0 0 0 0 0 0 0 0 
n25_05_simulated.txt 108000.0 0 0 0 0 0 0 0 0 0 0 
n25_06_simulated.txt 108000.0 1 1 1 1 1 1 1 1 1 1 
n25_07_simulated.txt 108000.0 0 0 0 0 0 0 0 0 0 0 
n25_08_simulated.txt 108000.0 0 0 0 0 0 0 0 0 0 0 
n25_09_simulated.txt 108000.0 0 0 0 0 0 0 0 0 0 0 
n25_010_simulated.txt 108000.0 0 0 0 0 0 0 0 0 0 0 
n50_01_simulated.txt 108000.0 1 2 1 1 0 1 1 1 1 1 
n50_02_simulated.txt 108000.0 0 0 0 0 0 0 0 0 0 0 
n50_03_simulated.txt 108000.0 6 5 8 4 6 4 6 5 6 6 
n50_04_simulated.txt 108000.0 1 5 1 5 3 2 6 1 1 2 
n50_05_simulated.txt 108000.0 0 0 0 0 0 0 0 0 0 0 
n50_06_simulated.txt 108000.0 14 12 12 15 11 13 12 12 13 13 
n50_07_simulated.txt 108000.0 3 2 4 3 4 2 4 2 3 4 
n50_08_simulated.txt 108000.0 12 11 14 13 11 14 11 14 11 12 
n50_09_simulated.txt 108000.0 4 4 2 6 1 3 2 6 2 6 
n50_010_simulated.txt 108000.0 6 6 7 6 8 8 8 9 8 8 
n75_01_simulated.txt 108000.0 5 4 4 4 5 5 5 5 4 5 
n75_02_simulated.txt 108000.0 10 9 5 9 7 8 6 7 6 6 
n75_03_simulated.txt 108000.0 4 6 6 6 4 5 9 6 4 10 
n75_04_simulated.txt 108000.0 12 10 11 14 12 9 12 11 14 11 
n75_05_simulated.txt 108000.0 12 11 10 18 11 11 8 7 11 13 
n75_06_simulated.txt 108000.0 11 12 9 10 11 11 10 9 11 12 
n75_07_simulated.txt 108000.0 9 7 8 7 8 8 9 7 8 9 
n75_08_simulated.txt 108000.0 5 6 4 8 5 5 6 5 6 6 
n75_09_simulated.txt 108000.0 14 8 8 11 9 10 13 10 14 13 
n75_010_simulated.txt 108000.0 12 10 11 10 9 7 8 9 8 11 
n100_01_simulated.txt 108000.0 35 39 38 42 41 36 35 35 36 36 
n100_02_simulated.txt 108000.0 31 33 34 32 33 33 32 34 32 30 
n100_03_simulated.txt 108000.0 35 36 35 36 35 36 34 35 36 37 
n100_04_simulated.txt 108000.0 22 19 21 22 19 18 21 20 19 17 
n100_05_simulated.txt 108000.0 28 28 29 27 29 31 29 28 26 34 
n100_06_simulated.txt 108000.0 6 8 7 9 9 7 9 8 9 7 
n100_07_simulated.txt 108000.0 24 21 19 21 21 22 22 20 18 21 
n100_08_simulated.txt 108000.0 31 32 34 32 31 36 32 36 36 32 
n100_09_simulated.txt 108000.0 18 14 14 15 15 13 12 13 16 14 
n100_010_simulated.txt 108000.0 44 37 37 34 35 35 35 36 37 37 
