filename T #1 #2 #3 #4 #5 #6 #7 #8 #9 #10
n125_01_simulated.txt 32000.0 11 11 11 11 11 11 11 11 11 11 
n125_02_simulated.txt 32000.0 24 24 24 24 24 24 24 24 24 24 
n125_03_simulated.txt 32000.0 31 31 31 31 31 31 31 31 31 31 
n125_04_simulated.txt 32000.0 15 15 15 15 15 15 15 15 15 15 
n125_05_simulated.txt 32000.0 17 17 17 17 17 17 17 17 17 17 
n125_06_simulated.txt 32000.0 11 11 11 11 11 11 11 11 11 11 
n125_07_simulated.txt 32000.0 21 21 21 21 21 21 21 21 21 21 
n125_08_simulated.txt 32000.0 24 24 24 24 24 24 24 24 24 24 
n125_09_simulated.txt 32000.0 32 32 32 32 32 32 32 32 32 32 
n125_010_simulated.txt 32000.0 20 20 20 20 20 20 20 20 20 20 
n150_01_simulated.txt 32000.0 36 36 36 36 36 36 36 36 36 36 
n150_02_simulated.txt 32000.0 22 22 22 22 22 22 22 22 22 22 
n150_03_simulated.txt 32000.0 40 40 40 40 40 40 40 40 40 40 
n150_04_simulated.txt 32000.0 35 35 35 35 35 35 35 35 35 35 
n150_05_simulated.txt 32000.0 36 36 36 36 36 36 36 36 36 36 
n150_06_simulated.txt 32000.0 27 27 27 27 27 27 27 27 27 27 
n150_07_simulated.txt 32000.0 21 21 21 21 21 21 21 21 21 21 
n150_08_simulated.txt 32000.0 41 41 41 41 41 41 41 41 41 41 
n150_09_simulated.txt 32000.0 37 37 37 37 37 37 37 37 37 37 
n150_010_simulated.txt 32000.0 28 28 28 28 28 28 28 28 28 28 
n175_01_simulated.txt 32000.0 43 43 43 43 43 43 43 43 43 43 
n175_02_simulated.txt 32000.0 32 32 32 32 32 32 32 32 32 32 
n175_03_simulated.txt 32000.0 52 52 52 52 52 52 52 52 52 52 
n175_04_simulated.txt 32000.0 40 40 40 40 40 40 40 40 40 40 
n175_05_simulated.txt 32000.0 55 55 55 55 55 55 55 55 55 55 
n175_06_simulated.txt 32000.0 39 39 39 39 39 39 39 39 39 39 
n175_07_simulated.txt 32000.0 60 60 60 60 60 60 60 60 60 60 
n175_08_simulated.txt 32000.0 49 49 49 49 49 49 49 49 49 49 
n175_09_simulated.txt 32000.0 46 46 46 46 46 46 46 46 46 46 
n175_010_simulated.txt 32000.0 34 34 34 34 34 34 34 34 34 34 
n200_01_simulated.txt 32000.0 50 50 50 50 50 50 50 50 50 50 
n200_02_simulated.txt 32000.0 50 50 50 50 50 50 50 50 50 50 
n200_03_simulated.txt 32000.0 52 52 52 52 52 52 52 52 52 52 
n200_04_simulated.txt 32000.0 56 56 56 56 56 56 56 56 56 56 
n200_05_simulated.txt 32000.0 74 74 74 74 74 74 74 74 74 74 
n200_06_simulated.txt 32000.0 59 59 59 59 59 59 59 59 59 59 
n200_07_simulated.txt 32000.0 61 61 61 61 61 61 61 61 61 61 
n200_08_simulated.txt 32000.0 70 70 70 70 70 70 70 70 70 70 
n200_09_simulated.txt 32000.0 87 87 87 87 87 87 87 87 87 87 
n200_010_simulated.txt 32000.0 66 66 66 66 66 66 66 66 66 66 
n125_01_simulated.txt 72000.0 37 37 37 37 37 37 37 37 37 37 
n125_02_simulated.txt 72000.0 41 41 41 41 41 41 41 41 41 41 
n125_03_simulated.txt 72000.0 53 53 53 53 53 53 53 53 53 53 
n125_04_simulated.txt 72000.0 36 36 36 36 36 36 36 36 36 36 
n125_05_simulated.txt 72000.0 41 41 41 41 41 41 41 41 41 41 
n125_06_simulated.txt 72000.0 33 33 33 33 33 33 33 33 33 33 
n125_07_simulated.txt 72000.0 42 42 42 42 42 42 42 42 42 42 
n125_08_simulated.txt 72000.0 40 40 40 40 40 40 40 40 40 40 
n125_09_simulated.txt 72000.0 55 55 55 55 55 55 55 55 55 55 
n125_010_simulated.txt 72000.0 49 49 49 49 49 49 49 49 49 49 
n150_01_simulated.txt 72000.0 63 63 63 63 63 63 63 63 63 63 
n150_02_simulated.txt 72000.0 49 49 49 49 49 49 49 49 49 49 
n150_03_simulated.txt 72000.0 71 71 71 71 71 71 71 71 71 71 
n150_04_simulated.txt 72000.0 69 69 69 69 69 69 69 69 69 69 
n150_05_simulated.txt 72000.0 68 68 68 68 68 68 68 68 68 68 
n150_06_simulated.txt 72000.0 67 67 67 67 67 67 67 67 67 67 
n150_07_simulated.txt 72000.0 56 56 56 56 56 56 56 56 56 56 
n150_08_simulated.txt 72000.0 88 88 88 88 88 88 88 88 88 88 
n150_09_simulated.txt 72000.0 64 64 64 64 64 64 64 64 64 64 
n150_010_simulated.txt 72000.0 52 52 52 52 52 52 52 52 52 52 
n175_01_simulated.txt 72000.0 88 88 88 88 88 88 88 88 88 88 
n175_02_simulated.txt 72000.0 73 73 73 73 73 73 73 73 73 73 
n175_03_simulated.txt 72000.0 91 91 91 91 91 91 91 91 91 91 
n175_04_simulated.txt 72000.0 80 80 80 80 80 80 80 80 80 80 
n175_05_simulated.txt 72000.0 91 91 91 91 91 91 91 91 91 91 
n175_06_simulated.txt 72000.0 64 64 64 64 64 64 64 64 64 64 
n175_07_simulated.txt 72000.0 105 105 105 105 105 105 105 105 105 105 
n175_08_simulated.txt 72000.0 81 81 81 81 81 81 81 81 81 81 
n175_09_simulated.txt 72000.0 87 87 87 87 87 87 87 87 87 87 
n175_010_simulated.txt 72000.0 76 76 76 76 76 76 76 76 76 76 
n200_01_simulated.txt 72000.0 98 98 98 98 98 98 98 98 98 98 
n200_02_simulated.txt 72000.0 98 98 98 98 98 98 98 98 98 98 
n200_03_simulated.txt 72000.0 99 99 99 99 99 99 99 99 99 99 
n200_04_simulated.txt 72000.0 91 91 91 91 91 91 91 91 91 91 
n200_05_simulated.txt 72000.0 120 120 120 120 120 120 120 120 120 120 
n200_06_simulated.txt 72000.0 102 102 102 102 102 102 102 102 102 102 
n200_07_simulated.txt 72000.0 94 94 94 94 94 94 94 94 94 94 
n200_08_simulated.txt 72000.0 113 113 113 113 113 113 113 113 113 113 
n200_09_simulated.txt 72000.0 125 125 125 125 125 125 125 125 125 125 
n200_010_simulated.txt 72000.0 114 114 114 114 114 114 114 114 114 114 
n125_01_simulated.txt 86400.0 41 41 41 41 41 41 41 41 41 41 
n125_02_simulated.txt 86400.0 46 46 46 46 46 46 46 46 46 46 
n125_03_simulated.txt 86400.0 57 57 57 57 57 57 57 57 57 57 
n125_04_simulated.txt 86400.0 43 43 43 43 43 43 43 43 43 43 
n125_05_simulated.txt 86400.0 46 46 46 46 46 46 46 46 46 46 
n125_06_simulated.txt 86400.0 39 39 39 39 39 39 39 39 39 39 
n125_07_simulated.txt 86400.0 44 44 44 44 44 44 44 44 44 44 
n125_08_simulated.txt 86400.0 45 45 45 45 45 45 45 45 45 45 
n125_09_simulated.txt 86400.0 62 62 62 62 62 62 62 62 62 62 
n125_010_simulated.txt 86400.0 54 54 54 54 54 54 54 54 54 54 
n150_01_simulated.txt 86400.0 68 68 68 68 68 68 68 68 68 68 
n150_02_simulated.txt 86400.0 68 68 68 68 68 68 68 68 68 68 
n150_03_simulated.txt 86400.0 81 81 81 81 81 81 81 81 81 81 
n150_04_simulated.txt 86400.0 71 71 71 71 71 71 71 71 71 71 
n150_05_simulated.txt 86400.0 77 77 77 77 77 77 77 77 77 77 
n150_06_simulated.txt 86400.0 83 83 83 83 83 83 83 83 83 83 
n150_07_simulated.txt 86400.0 63 63 63 63 63 63 63 63 63 63 
n150_08_simulated.txt 86400.0 91 91 91 91 91 91 91 91 91 91 
n150_09_simulated.txt 86400.0 74 74 74 74 74 74 74 74 74 74 
n150_010_simulated.txt 86400.0 62 62 62 62 62 62 62 62 62 62 
n175_01_simulated.txt 86400.0 97 97 97 97 97 97 97 97 97 97 
n175_02_simulated.txt 86400.0 91 91 91 91 91 91 91 91 91 91 
n175_03_simulated.txt 86400.0 113 113 113 113 113 113 113 113 113 113 
n175_04_simulated.txt 86400.0 107 107 107 107 107 107 107 107 107 107 
n175_05_simulated.txt 86400.0 97 97 97 97 97 97 97 97 97 97 
n175_06_simulated.txt 86400.0 80 80 80 80 80 80 80 80 80 80 
n175_07_simulated.txt 86400.0 110 110 110 110 110 110 110 110 110 110 
n175_08_simulated.txt 86400.0 88 88 88 88 88 88 88 88 88 88 
n175_09_simulated.txt 86400.0 96 96 96 96 96 96 96 96 96 96 
n175_010_simulated.txt 86400.0 90 90 90 90 90 90 90 90 90 90 
n200_01_simulated.txt 86400.0 108 108 108 108 108 108 108 108 108 108 
n200_02_simulated.txt 86400.0 108 108 108 108 108 108 108 108 108 108 
n200_03_simulated.txt 86400.0 112 112 112 112 112 112 112 112 112 112 
n200_04_simulated.txt 86400.0 104 104 104 104 104 104 104 104 104 104 
n200_05_simulated.txt 86400.0 122 122 122 122 122 122 122 122 122 122 
n200_06_simulated.txt 86400.0 120 120 120 120 120 120 120 120 120 120 
n200_07_simulated.txt 86400.0 116 116 116 116 116 116 116 116 116 116 
n200_08_simulated.txt 86400.0 128 128 128 128 128 128 128 128 128 128 
n200_09_simulated.txt 86400.0 138 138 138 138 138 138 138 138 138 138 
n200_010_simulated.txt 86400.0 124 124 124 124 124 124 124 124 124 124 
n125_01_simulated.txt 129600.0 52 52 52 52 52 52 52 52 52 52 
n125_02_simulated.txt 129600.0 59 59 59 59 59 59 59 59 59 59 
n125_03_simulated.txt 129600.0 62 62 62 62 62 62 62 62 62 62 
n125_04_simulated.txt 129600.0 49 49 49 49 49 49 49 49 49 49 
n125_05_simulated.txt 129600.0 55 55 55 55 55 55 55 55 55 55 
n125_06_simulated.txt 129600.0 52 52 52 52 52 52 52 52 52 52 
n125_07_simulated.txt 129600.0 51 51 51 51 51 51 51 51 51 51 
n125_08_simulated.txt 129600.0 56 56 56 56 56 56 56 56 56 56 
n125_09_simulated.txt 129600.0 73 73 73 73 73 73 73 73 73 73 
n125_010_simulated.txt 129600.0 62 62 62 62 62 62 62 62 62 62 
n150_01_simulated.txt 129600.0 77 77 77 77 77 77 77 77 77 77 
n150_02_simulated.txt 129600.0 73 73 73 73 73 73 73 73 73 73 
n150_03_simulated.txt 129600.0 95 95 95 95 95 95 95 95 95 95 
n150_04_simulated.txt 129600.0 82 82 82 82 82 82 82 82 82 82 
n150_05_simulated.txt 129600.0 91 91 91 91 91 91 91 91 91 91 
n150_06_simulated.txt 129600.0 91 91 91 91 91 91 91 91 91 91 
n150_07_simulated.txt 129600.0 76 76 76 76 76 76 76 76 76 76 
n150_08_simulated.txt 129600.0 108 108 108 108 108 108 108 108 108 108 
n150_09_simulated.txt 129600.0 80 80 80 80 80 80 80 80 80 80 
n150_010_simulated.txt 129600.0 81 81 81 81 81 81 81 81 81 81 
n175_01_simulated.txt 129600.0 111 111 111 111 111 111 111 111 111 111 
n175_02_simulated.txt 129600.0 113 113 113 113 113 113 113 113 113 113 
n175_03_simulated.txt 129600.0 125 125 125 125 125 125 125 125 125 125 
n175_04_simulated.txt 129600.0 116 116 116 116 116 116 116 116 116 116 
n175_05_simulated.txt 129600.0 108 108 108 108 108 108 108 108 108 108 
n175_06_simulated.txt 129600.0 101 101 101 101 101 101 101 101 101 101 
n175_07_simulated.txt 129600.0 130 130 130 130 130 130 130 130 130 130 
n175_08_simulated.txt 129600.0 111 111 111 111 111 111 111 111 111 111 
n175_09_simulated.txt 129600.0 117 117 117 117 117 117 117 117 117 117 
n175_010_simulated.txt 129600.0 114 114 114 114 114 114 114 114 114 114 
n200_01_simulated.txt 129600.0 131 131 131 131 131 131 131 131 131 131 
n200_02_simulated.txt 129600.0 131 131 131 131 131 131 131 131 131 131 
n200_03_simulated.txt 129600.0 142 142 142 142 142 142 142 142 142 142 
n200_04_simulated.txt 129600.0 133 133 133 133 133 133 133 133 133 133 
n200_05_simulated.txt 129600.0 130 130 130 130 130 130 130 130 130 130 
n200_06_simulated.txt 129600.0 134 134 134 134 134 134 134 134 134 134 
n200_07_simulated.txt 129600.0 128 128 128 128 128 128 128 128 128 128 
n200_08_simulated.txt 129600.0 137 137 137 137 137 137 137 137 137 137 
n200_09_simulated.txt 129600.0 155 155 155 155 155 155 155 155 155 155 
n200_010_simulated.txt 129600.0 140 140 140 140 140 140 140 140 140 140 
n125_01_simulated.txt 172800.0 59 59 59 59 59 59 59 59 59 59 
n125_02_simulated.txt 172800.0 59 59 59 59 59 59 59 59 59 59 
n125_03_simulated.txt 172800.0 66 66 66 66 66 66 66 66 66 66 
n125_04_simulated.txt 172800.0 56 56 56 56 56 56 56 56 56 56 
n125_05_simulated.txt 172800.0 59 59 59 59 59 59 59 59 59 59 
n125_06_simulated.txt 172800.0 60 60 60 60 60 60 60 60 60 60 
n125_07_simulated.txt 172800.0 54 54 54 54 54 54 54 54 54 54 
n125_08_simulated.txt 172800.0 61 61 61 61 61 61 61 61 61 61 
n125_09_simulated.txt 172800.0 77 77 77 77 77 77 77 77 77 77 
n125_010_simulated.txt 172800.0 81 81 81 81 81 81 81 81 81 81 
n150_01_simulated.txt 172800.0 95 95 95 95 95 95 95 95 95 95 
n150_02_simulated.txt 172800.0 90 90 90 90 90 90 90 90 90 90 
n150_03_simulated.txt 172800.0 105 105 105 105 105 105 105 105 105 105 
n150_04_simulated.txt 172800.0 97 97 97 97 97 97 97 97 97 97 
n150_05_simulated.txt 172800.0 101 101 101 101 101 101 101 101 101 101 
n150_06_simulated.txt 172800.0 99 99 99 99 99 99 99 99 99 99 
n150_07_simulated.txt 172800.0 90 90 90 90 90 90 90 90 90 90 
n150_08_simulated.txt 172800.0 113 113 113 113 113 113 113 113 113 113 
n150_09_simulated.txt 172800.0 100 100 100 100 100 100 100 100 100 100 
n150_010_simulated.txt 172800.0 82 82 82 82 82 82 82 82 82 82 
n175_01_simulated.txt 172800.0 126 126 126 126 126 126 126 126 126 126 
n175_02_simulated.txt 172800.0 118 118 118 118 118 118 118 118 118 118 
n175_03_simulated.txt 172800.0 127 127 127 127 127 127 127 127 127 127 
n175_04_simulated.txt 172800.0 120 120 120 120 120 120 120 120 120 120 
n175_05_simulated.txt 172800.0 117 117 117 117 117 117 117 117 117 117 
n175_06_simulated.txt 172800.0 110 110 110 110 110 110 110 110 110 110 
n175_07_simulated.txt 172800.0 131 131 131 131 131 131 131 131 131 131 
n175_08_simulated.txt 172800.0 114 114 114 114 114 114 114 114 114 114 
n175_09_simulated.txt 172800.0 127 127 127 127 127 127 127 127 127 127 
n175_010_simulated.txt 172800.0 120 120 120 120 120 120 120 120 120 120 
n200_01_simulated.txt 172800.0 141 141 141 141 141 141 141 141 141 141 
n200_02_simulated.txt 172800.0 141 141 141 141 141 141 141 141 141 141 
n200_03_simulated.txt 172800.0 146 146 146 146 146 146 146 146 146 146 
n200_04_simulated.txt 172800.0 136 136 136 136 136 136 136 136 136 136 
n200_05_simulated.txt 172800.0 131 131 131 131 131 131 131 131 131 131 
n200_06_simulated.txt 172800.0 141 141 141 141 141 141 141 141 141 141 
n200_07_simulated.txt 172800.0 131 131 131 131 131 131 131 131 131 131 
n200_08_simulated.txt 172800.0 147 147 147 147 147 147 147 147 147 147 
n200_09_simulated.txt 172800.0 157 157 157 157 157 157 157 157 157 157 
n200_010_simulated.txt 172800.0 153 153 153 153 153 153 153 153 153 153 
n125_01_simulated.txt 216000.0 63 63 63 63 63 63 63 63 63 63 
n125_02_simulated.txt 216000.0 67 67 67 67 67 67 67 67 67 67 
n125_03_simulated.txt 216000.0 71 71 71 71 71 71 71 71 71 71 
n125_04_simulated.txt 216000.0 66 66 66 66 66 66 66 66 66 66 
n125_05_simulated.txt 216000.0 60 60 60 60 60 60 60 60 60 60 
n125_06_simulated.txt 216000.0 61 61 61 61 61 61 61 61 61 61 
n125_07_simulated.txt 216000.0 59 59 59 59 59 59 59 59 59 59 
n125_08_simulated.txt 216000.0 65 65 65 65 65 65 65 65 65 65 
n125_09_simulated.txt 216000.0 89 89 89 89 89 89 89 89 89 89 
n125_010_simulated.txt 216000.0 81 81 81 81 81 81 81 81 81 81 
n150_01_simulated.txt 216000.0 96 96 96 96 96 96 96 96 96 96 
n150_02_simulated.txt 216000.0 96 96 96 96 96 96 96 96 96 96 
n150_03_simulated.txt 216000.0 108 108 108 108 108 108 108 108 108 108 
n150_04_simulated.txt 216000.0 100 100 100 100 100 100 100 100 100 100 
n150_05_simulated.txt 216000.0 102 102 102 102 102 102 102 102 102 102 
n150_06_simulated.txt 216000.0 99 99 99 99 99 99 99 99 99 99 
n150_07_simulated.txt 216000.0 92 92 92 92 92 92 92 92 92 92 
n150_08_simulated.txt 216000.0 117 117 117 117 117 117 117 117 117 117 
n150_09_simulated.txt 216000.0 100 100 100 100 100 100 100 100 100 100 
n150_010_simulated.txt 216000.0 86 86 86 86 86 86 86 86 86 86 
n175_01_simulated.txt 216000.0 128 128 128 128 128 128 128 128 128 128 
n175_02_simulated.txt 216000.0 118 118 118 118 118 118 118 118 118 118 
n175_03_simulated.txt 216000.0 139 139 139 139 139 139 139 139 139 139 
n175_04_simulated.txt 216000.0 121 121 121 121 121 121 121 121 121 121 
n175_05_simulated.txt 216000.0 121 121 121 121 121 121 121 121 121 121 
n175_06_simulated.txt 216000.0 111 111 111 111 111 111 111 111 111 111 
n175_07_simulated.txt 216000.0 133 133 133 133 133 133 133 133 133 133 
n175_08_simulated.txt 216000.0 117 117 117 117 117 117 117 117 117 117 
n175_09_simulated.txt 216000.0 127 127 127 127 127 127 127 127 127 127 
n175_010_simulated.txt 216000.0 120 120 120 120 120 120 120 120 120 120 
n200_01_simulated.txt 216000.0 141 141 141 141 141 141 141 141 141 141 
n200_02_simulated.txt 216000.0 141 141 141 141 141 141 141 141 141 141 
n200_03_simulated.txt 216000.0 152 152 152 152 152 152 152 152 152 152 
n200_04_simulated.txt 216000.0 142 142 142 142 142 142 142 142 142 142 
n200_05_simulated.txt 216000.0 142 142 142 142 142 142 142 142 142 142 
n200_06_simulated.txt 216000.0 141 141 141 141 141 141 141 141 141 141 
n200_07_simulated.txt 216000.0 137 137 137 137 137 137 137 137 137 137 
n200_08_simulated.txt 216000.0 148 148 148 148 148 148 148 148 148 148 
n200_09_simulated.txt 216000.0 160 160 160 160 160 160 160 160 160 160 
n200_010_simulated.txt 216000.0 153 153 153 153 153 153 153 153 153 153 
n125_01_simulated.txt 720000.0 122 122 122 122 122 122 122 122 122 122 
n125_02_simulated.txt 720000.0 125 125 125 125 125 125 125 125 125 125 
n125_03_simulated.txt 720000.0 105 105 105 105 105 105 105 105 105 105 
n125_04_simulated.txt 720000.0 125 125 125 125 125 125 125 125 125 125 
n125_05_simulated.txt 720000.0 125 125 125 125 125 125 125 125 125 125 
n125_06_simulated.txt 720000.0 124 124 124 124 124 124 124 124 124 124 
n125_07_simulated.txt 720000.0 125 125 125 125 125 125 125 125 125 125 
n125_08_simulated.txt 720000.0 89 89 89 89 89 89 89 89 89 89 
n125_09_simulated.txt 720000.0 111 111 111 111 111 111 111 111 111 111 
n125_010_simulated.txt 720000.0 124 124 124 124 124 124 124 124 124 124 
n150_01_simulated.txt 720000.0 141 141 141 141 141 141 141 141 141 141 
n150_02_simulated.txt 720000.0 148 148 148 148 148 148 148 148 148 148 
n150_03_simulated.txt 720000.0 150 150 150 150 150 150 150 150 150 150 
n150_04_simulated.txt 720000.0 150 150 150 150 150 150 150 150 150 150 
n150_05_simulated.txt 720000.0 150 150 150 150 150 150 150 150 150 150 
n150_06_simulated.txt 720000.0 128 128 128 128 128 128 128 128 128 128 
n150_07_simulated.txt 720000.0 141 141 141 141 141 141 141 141 141 141 
n150_08_simulated.txt 720000.0 150 150 150 150 150 150 150 150 150 150 
n150_09_simulated.txt 720000.0 146 146 146 146 146 146 146 146 146 146 
n150_010_simulated.txt 720000.0 149 149 149 149 149 149 149 149 149 149 
n175_01_simulated.txt 720000.0 167 167 167 167 167 167 167 167 167 167 
n175_02_simulated.txt 720000.0 166 166 166 166 166 166 166 166 166 166 
n175_03_simulated.txt 720000.0 163 163 163 163 163 163 163 163 163 163 
n175_04_simulated.txt 720000.0 175 175 175 175 175 175 175 175 175 175 
n175_05_simulated.txt 720000.0 175 175 175 175 175 175 175 175 175 175 
n175_06_simulated.txt 720000.0 174 174 174 174 174 174 174 174 174 174 
n175_07_simulated.txt 720000.0 169 169 169 169 169 169 169 169 169 169 
n175_08_simulated.txt 720000.0 164 164 164 164 164 164 164 164 164 164 
n175_09_simulated.txt 720000.0 157 157 157 157 157 157 157 157 157 157 
n175_010_simulated.txt 720000.0 155 155 155 155 155 155 155 155 155 155 
n200_01_simulated.txt 720000.0 200 200 200 200 200 200 200 200 200 200 
n200_02_simulated.txt 720000.0 200 200 200 200 200 200 200 200 200 200 
n200_03_simulated.txt 720000.0 181 181 181 181 181 181 181 181 181 181 
n200_04_simulated.txt 720000.0 199 199 199 199 199 199 199 199 199 199 
n200_05_simulated.txt 720000.0 190 190 190 190 190 190 190 190 190 190 
n200_06_simulated.txt 720000.0 200 200 200 200 200 200 200 200 200 200 
n200_07_simulated.txt 720000.0 200 200 200 200 200 200 200 200 200 200 
n200_08_simulated.txt 720000.0 192 192 192 192 192 192 192 192 192 192 
n200_09_simulated.txt 720000.0 196 196 196 196 196 196 196 196 196 196 
n200_010_simulated.txt 720000.0 195 195 195 195 195 195 195 195 195 195 
